Time:8
Last Iter:10
Last Update:10
Tabu:0
Last Time8
2
37 58 59 9 53 77 17 14 67 41 64 76 39 56 61 62 63 8 11 |32 26 99 87 91 35 13 33 51 47 97 79 80 42 6 75 95 2 20 69 45 |38 22 92 90 83 86 16 78 70 18 48 81 24 44 28 21 82 100 ||60 96 55 30 4 88 52 54 10 29 50 15 3 93 72 89 49 43 71 ||84 5 |66 |94 |1 |46 |34 |40 |31 |19 57 |7 |73 |27 |12 |85 |36 |68 74 |65 |98 |25 |23 
22485.7 503727
50 2 13 28 24 96 48 81 18 83 92 86 16 78 70 90 63 62 61 8 |32 10 46 49 52 88 4 30 67 41 64 55 56 39 76 11 |54 95 20 69 45 59 53 9 77 17 60 14 3 29 15 93 22 72 89 43 |58 44 35 91 87 26 37 33 51 47 38 97 79 80 75 42 6 99 21 82 100 71 ||68 |1 40 |66 74 |12 85 25 27 |5 7 |73 |31 84 |98 |34 |57 65 |36 |94 23 |19 |
23450.7 479962

Time:8
Last Iter:10
Last Update:8
Tabu:0
Last Time6
3
10 56 29 54 52 88 4 30 67 41 70 8 100 |81 32 58 9 59 53 77 17 60 14 3 50 15 93 22 72 89 49 43 |97 24 35 21 82 28 44 96 48 78 92 86 16 83 90 63 62 61 55 64 39 76 11 |18 38 13 91 37 33 51 47 26 87 34 99 6 42 79 80 75 95 2 20 69 45 71 ||31 |46 |73 |36 |25 12 |84 |65 85 19 |68 5 |57 23 |66 74 |98 |40 |27 |7 |94 |1 
23385.4 518436
81 32 58 9 59 53 77 17 60 14 3 93 22 72 89 49 43 |97 24 35 21 82 28 44 96 48 78 92 86 16 83 90 63 62 61 55 64 39 76 11 |18 38 13 91 37 33 51 47 26 87 34 99 6 42 79 80 75 95 2 20 69 45 71 12 |70 10 54 29 50 15 52 88 4 30 67 41 31 56 8 100 ||46 |73 |65 |85 57 |66 |19 5 23 |98 |74 |40 |36 |27 |68 |25 |7 84 |94 |1 
23623.4 499114
58 29 93 88 55 92 86 78 16 83 90 62 61 63 81 48 96 8 11 |4 6 70 24 44 28 35 13 37 33 51 47 26 87 99 21 82 100 ||54 18 91 42 80 79 97 38 75 95 2 20 69 45 71 22 72 89 49 43 |10 32 9 59 53 77 17 60 14 3 50 15 52 30 67 41 64 31 56 39 76 ||85 25 |46 |23 5 |94 |7 |73 |57 19 |66 |65 |36 |68 |40 74 |12 |84 |34 |98 |1 |27 
23948.7 483131

Time:8
Last Iter:10
Last Update:10
Tabu:0
Last Time8
6
29 17 50 14 60 3 15 52 88 4 30 41 67 64 55 83 92 86 16 78 70 18 81 48 24 96 |32 77 53 20 2 95 51 33 35 13 37 91 44 94 28 |54 9 58 69 87 26 47 38 97 79 80 75 42 6 99 34 21 82 100 ||10 59 45 71 43 49 89 22 72 93 76 39 56 61 62 90 63 8 11 ||65 |5 84 31 |7 |73 |66 |1 40 |74 |25 |68 23 |12 27 |36 |46 |19 |98 |85 57 
22435.5 534141
58 55 89 44 81 18 90 70 78 16 86 83 62 61 63 8 |92 38 47 51 33 37 13 35 24 48 96 73 56 39 11 |59 64 10 54 67 41 30 4 88 52 15 50 3 14 60 17 77 22 72 93 76 49 43 |29 32 9 53 45 69 20 2 95 75 97 79 80 42 6 99 87 26 91 28 82 21 100 71 ||31 |27 |1 |68 23 |12 |36 |46 |94 |66 34 |19 5 |98 |7 |85 |65 84 57 |40 74 |25 
23539 500799
10 20 96 63 62 61 55 52 88 4 30 67 41 64 56 39 76 |51 83 100 21 82 28 44 24 92 86 16 78 70 18 81 48 90 8 11 49 |54 95 58 9 59 53 77 17 60 14 3 29 50 15 93 22 72 89 |32 2 35 13 91 37 33 47 38 97 79 80 75 42 26 87 99 6 69 45 71 43 ||25 |12 84 |57 |40 |34 |19 98 |85 5 |94 23 |1 |73 |36 |31 |68 |27 |7 |65 46 |74 66 
24452.8 498050
10 20 96 63 62 61 55 52 4 30 67 41 64 56 39 76 49 |54 95 58 9 59 53 77 17 60 14 3 29 50 15 93 22 72 89 |32 2 35 13 91 37 33 47 38 97 79 80 75 42 26 87 99 6 69 45 71 43 |51 88 18 70 78 92 86 16 83 90 48 81 24 44 28 82 21 100 8 11 ||25 |5 84 |57 31 |40 |94 |98 85 12 |34 |23 68 |1 |73 |66 |19 27 |36 |65 7 46 |74 
24780.6 494699
73 55 2 28 44 24 48 81 18 78 70 16 86 83 90 96 63 62 61 56 31 39 76 11 |10 8 54 17 14 60 3 29 50 15 52 88 4 30 67 41 93 7 22 72 89 49 43 |77 64 51 33 13 35 91 37 26 87 6 69 45 71 |92 32 9 53 59 58 20 95 38 47 97 79 80 75 42 99 21 82 100 ||66 |34 12 |40 57 |1 |65 |27 98 |5 19 |85 |84 46 |68 |74 |36 |94 23 |25 
24785.1 491265
55 9 2 28 44 24 48 81 18 78 70 16 86 83 90 96 63 62 61 56 31 39 76 11 |10 8 54 17 14 60 3 29 50 15 52 88 4 30 67 41 93 7 22 72 89 49 43 |77 64 51 33 13 35 91 37 26 87 6 69 45 71 |92 32 53 59 58 20 95 38 47 97 79 80 75 42 99 21 82 100 ||66 |68 12 |40 57 |94 |46 84 |65 |25 |34 |36 |1 |19 27 |73 5 |74 23 |85 98 
24886 476711

Time:8
Last Iter:10
Last Update:10
Tabu:0
Last Time8
4
26 52 93 39 64 41 67 30 4 88 54 10 29 50 15 3 14 60 17 77 22 72 89 71 |58 55 56 92 86 48 96 61 63 90 83 16 78 70 18 81 24 44 28 |62 20 42 2 95 75 80 38 97 79 47 51 33 13 35 37 91 21 82 |32 87 99 6 69 9 59 53 45 43 49 76 84 11 8 74 100 ||1 40 |12 |27 |31 |68 |73 |65 |98 |36 |34 66 |5 23 |25 |7 46 |94 |57 19 85 |
23128.9 522537
79 32 9 53 59 58 20 2 95 6 99 87 26 42 80 75 69 45 71 21 82 100 |47 44 51 33 35 13 37 91 28 24 78 92 16 70 18 81 48 90 63 62 61 56 11 |38 14 8 96 86 83 55 93 22 72 89 49 43 |97 10 77 17 60 3 29 54 50 15 52 88 4 30 67 41 64 39 76 ||98 12 5 |23 |7 46 |94 |1 |40 |36 |85 27 25 19 |68 |57 |34 |65 |74 |31 84 |73 |66 
23630.5 521260
54 17 38 97 79 47 51 33 37 13 35 24 44 28 21 82 100 |32 76 3 64 55 61 62 63 90 83 92 86 16 78 70 18 81 48 96 8 11 |9 91 93 39 56 31 41 67 30 4 88 52 15 50 29 60 77 22 72 89 49 43 |10 14 58 59 53 6 99 26 87 42 80 75 95 2 20 69 45 19 85 71 74 ||46 |73 |36 |25 |34 |94 |40 23 |68 |1 5 |84 7 65 |98 12 |57 |27 |66 
23946.4 515237
10 13 28 44 24 96 63 90 48 81 18 70 78 92 86 16 83 61 8 |35 62 45 87 91 37 33 51 47 79 97 38 20 2 95 75 80 42 6 99 21 82 100 ||32 3 54 52 88 30 67 41 64 55 56 39 76 11 49 43 |4 26 69 58 59 9 53 77 17 60 14 29 50 15 93 22 72 89 71 ||1 68 |57 65 46 |34 66 |7 |36 |73 |40 23 12 |31 |25 27 19 |94 5 |85 98 |74 84 
24112 471071

Time:7
Last Iter:10
Last Update:8
Tabu:0
Last Time6
6
60 27 76 72 11 39 64 55 61 62 63 96 48 90 83 16 86 92 78 70 18 81 24 44 28 |35 32 58 17 77 9 53 59 69 45 71 43 |13 10 54 4 30 67 41 88 52 15 50 29 14 3 22 89 93 49 8 |37 56 91 20 2 95 38 97 87 26 33 51 47 79 80 75 42 6 99 66 21 82 100 ||5 |94 |46 |73 |98 25 19 |65 |31 |40 |7 |1 |68 |34 74 |12 84 57 |36 |23 |85 
23523.3 547567
53 33 92 86 78 70 18 81 48 96 24 44 28 35 13 37 91 26 87 99 21 82 100 |97 10 54 52 88 4 30 67 41 64 55 61 62 83 90 63 73 8 |16 77 29 15 50 17 14 3 22 72 89 93 76 39 56 11 49 43 |32 60 9 59 58 45 69 20 2 95 51 47 38 79 80 75 42 6 71 ||98 25 19 |65 |31 |7 |94 |68 |66 74 |12 84 57 |36 |5 23 |85 34 |46 |1 40 |27 
24103.8 497784
32 58 55 64 3 17 77 9 53 59 69 45 71 |10 37 20 2 95 38 97 26 33 51 47 79 80 75 42 6 99 66 21 82 100 ||13 67 60 14 29 50 15 52 88 4 30 41 93 22 72 89 49 43 |54 87 35 91 28 44 24 96 48 81 18 70 78 92 86 16 83 90 62 63 61 56 39 76 8 11 5 ||94 |46 |73 |31 |19 65 |40 68 |36 |57 12 85 74 |98 |7 |1 |25 27 |23 |84 |34 |
24982.4 492361
54 51 20 2 95 97 47 42 6 99 87 21 71 45 22 72 89 43 |32 93 69 38 79 80 26 91 37 13 35 44 24 18 81 48 96 28 82 100 ||10 33 70 78 92 86 16 83 90 62 63 61 56 8 11 |29 75 58 59 9 53 77 17 60 14 3 50 15 52 88 4 30 67 41 64 55 39 76 49 ||25 27 19 12 |40 |36 |74 23 84 |46 |5 94 |73 |57 |98 |7 65 |31 |85 |68 1 |66 |34 
25254.2 492075
9 37 45 29 15 88 4 30 67 41 55 56 39 76 11 84 |92 2 69 58 59 53 77 17 60 14 3 50 10 54 52 93 7 22 72 89 49 43 |81 20 95 26 82 91 35 13 33 51 47 38 97 79 80 75 42 6 99 34 21 100 71 |32 87 64 28 44 24 18 70 78 86 16 83 62 61 63 90 48 96 8 ||27 |46 |85 |73 |40 68 |19 65 |57 |23 |98 25 12 |36 |94 |74 5 |66 |31 |1 |
25281.4 491535
33 14 22 15 50 29 10 54 52 88 4 30 67 64 56 39 76 11 49 43 |18 60 8 93 89 72 17 77 53 9 59 58 69 45 71 |32 55 35 37 91 87 26 51 47 79 97 38 20 2 95 75 80 42 6 99 21 100 ||13 3 41 92 86 78 70 16 83 90 62 61 63 81 48 96 24 44 28 82 ||25 27 19 12 |40 |36 |74 23 84 |46 |5 94 |73 |57 |98 |7 65 |31 |85 |68 1 |66 |34 
25954.6 489427

Time:8
Last Iter:10
Last Update:10
Tabu:0
Last Time8
4
92 37 91 13 35 44 24 83 86 78 70 18 81 48 90 28 21 82 74 100 |10 16 55 96 63 62 61 8 56 39 76 11 84 49 93 46 22 72 89 43 |32 54 29 30 64 41 67 4 88 52 15 50 3 14 60 17 77 25 |38 9 58 53 59 45 69 20 2 95 75 42 80 97 79 47 51 33 26 87 99 6 71 ||40 |23 |34 66 |73 |5 57 65 |7 19 85 |1 |36 |31 |94 |98 12 |27 |68 |
23168.1 519972
10 32 58 53 77 17 14 60 3 29 50 41 30 4 88 52 93 22 72 89 49 43 |54 59 13 35 44 24 18 81 48 90 63 1 62 61 55 64 56 39 76 11 |86 15 8 28 6 42 38 47 51 33 37 26 87 99 21 82 100 ||9 67 83 92 16 78 70 96 91 79 97 80 75 95 2 20 69 45 71 ||94 74 |12 85 25 |23 |19 40 |31 |66 |36 |34 |98 |68 |7 |27 |57 |65 46 |84 |73 |5 |
24308.4 501451
9 55 41 4 88 52 10 54 29 50 15 3 14 60 17 77 22 72 89 46 93 76 39 49 43 |58 51 56 44 24 96 48 81 18 70 78 92 86 16 83 90 62 61 63 8 11 |30 59 53 47 38 97 79 80 42 75 95 2 20 69 45 71 |32 67 64 35 13 33 26 6 99 87 37 91 28 82 21 100 ||1 5 |23 |34 66 |7 65 |36 |31 |19 85 98 |27 |73 |12 57 74 |25 |40 68 |94 |84 
24337 496320
54 58 44 35 13 33 51 47 38 97 79 80 75 95 2 20 69 45 71 |9 24 59 53 77 17 29 60 14 3 50 15 93 65 22 72 89 49 43 |32 4 10 88 30 67 41 64 55 61 62 83 86 16 78 70 18 81 48 96 90 63 8 11 |92 52 76 39 56 28 42 6 99 87 26 37 91 21 82 100 ||7 57 85 |36 |19 12 |74 |31 |27 |46 |94 23 |1 68 5 |73 |98 25 |66 34 |84 40 
25029.3 472115

Time:8
Last Iter:10
Last Update:8
Tabu:0
Last Time7
3
51 2 35 13 33 37 91 87 26 47 38 97 79 80 75 42 6 99 71 |58 95 44 61 83 92 86 16 78 70 18 81 48 90 62 63 96 40 28 82 21 100 ||32 20 9 69 45 59 53 77 17 14 60 3 15 93 76 11 |24 52 8 39 56 55 64 41 67 30 4 88 54 10 29 50 22 72 89 49 43 ||34 |74 |27 |57 |68 |98 |7 5 |66 |94 |73 |65 46 12 |85 25 19 |23 84 |1 |36 |31 
22520.2 501323
51 2 35 13 33 37 91 87 26 47 38 97 79 80 75 42 6 99 71 |58 95 44 61 83 92 86 16 78 70 18 81 48 90 62 63 96 23 28 82 21 100 ||32 20 9 69 45 59 53 77 17 14 60 3 15 93 7 22 72 89 49 43 |24 29 50 10 54 52 88 4 30 67 41 64 55 31 56 39 76 11 8 ||94 |27 85 |57 |98 5 |66 |65 |68 |19 |36 |1 |12 |84 |25 |40 |46 |73 |74 34 
23098.1 482933
37 32 45 58 9 59 53 77 17 60 22 72 89 49 43 71 |33 55 92 28 44 24 48 18 70 78 86 16 83 90 61 62 63 96 68 8 |10 81 35 13 91 87 26 51 47 75 20 2 95 38 97 79 80 42 6 99 34 21 82 100 ||54 69 50 29 14 3 93 15 52 88 4 30 67 41 64 56 39 76 11 ||74 |57 40 |98 |27 |7 5 |66 |94 |73 |65 46 12 |85 25 19 |23 84 |1 |36 |31 
24561.8 473015

Time:7
Last Iter:10
Last Update:9
Tabu:0
Last Time7
4
60 20 69 45 58 9 77 17 14 3 15 50 29 10 54 88 4 30 67 41 |32 6 81 48 70 78 16 92 86 83 55 64 52 93 22 72 89 49 |38 53 2 95 75 42 80 97 79 47 51 37 91 26 87 99 21 82 8 31 39 11 |59 33 28 13 35 44 24 96 18 90 63 62 61 56 76 43 71 100 ||94 |23 12 |65 7 |74 40 |85 |68 |57 46 |1 |73 |66 |27 |36 |19 25 98 |84 5 |34 
23142.7 556287
67 58 53 59 45 69 20 2 95 38 97 79 47 80 75 6 42 26 87 99 21 82 74 100 |9 91 88 4 30 41 64 55 83 90 62 61 63 73 56 39 76 11 49 |32 10 29 54 52 15 50 77 17 60 14 3 36 93 22 72 89 43 |78 51 33 37 13 35 96 92 86 16 70 18 81 48 24 44 28 8 71 ||23 |85 |94 |31 |12 |57 84 |7 65 |25 27 |40 68 |98 |5 |19 |34 66 |46 |1 
23516.4 503754
32 41 64 61 62 90 83 92 86 16 78 70 18 24 81 48 96 8 56 39 76 11 5 |9 63 28 37 91 75 95 2 20 69 45 21 82 100 ||35 59 53 93 67 30 4 88 52 54 10 29 50 15 3 14 60 17 77 22 72 89 49 43 |58 55 44 13 33 51 47 38 97 79 80 42 26 87 99 6 71 ||65 84 |74 40 |85 |12 |57 46 7 |27 |94 |34 |1 |36 |73 |23 68 |19 |66 |31 |98 25 
23569.7 485140
54 99 32 9 59 53 77 17 14 60 3 93 22 72 89 49 43 |58 88 50 15 52 4 30 67 41 64 55 61 62 90 44 28 21 82 100 ||29 24 6 91 13 33 51 47 26 87 42 80 79 97 38 75 95 2 20 69 45 71 |10 37 35 76 39 56 83 92 86 16 78 70 18 81 48 96 63 1 8 11 ||74 |73 |36 |23 |85 |94 |31 |12 |57 84 |7 65 |25 27 |40 68 |98 |5 |19 |34 66 |46 
25095.2 472910

Time:8
Last Iter:10
Last Update:10
Tabu:0
Last Time8
1
51 69 2 95 33 35 13 37 91 87 26 47 38 97 79 80 75 42 6 99 21 82 100 |32 20 71 28 44 24 86 92 78 18 81 48 96 90 83 62 63 61 56 8 11 |70 29 10 54 52 4 88 30 41 67 55 64 39 76 49 |16 45 58 9 59 53 77 17 14 60 3 50 15 93 22 72 89 43 ||40 68 |12 |1 |98 25 19 |57 65 |66 |94 23 |84 85 |73 |46 7 |36 |34 74 |27 |5 |31 
23245.3 473374

Time:7
Last Iter:10
Last Update:10
Tabu:0
Last Time7
4
9 54 29 50 15 52 88 4 30 67 41 64 55 61 63 90 92 86 16 78 70 18 81 48 24 44 28 82 100 |10 32 58 20 2 38 97 79 87 91 21 8 56 39 76 11 |59 62 96 33 51 47 26 99 6 42 80 75 95 69 45 71 |53 83 35 13 37 43 89 72 22 77 17 60 14 3 93 49 84 ||23 |98 25 |27 |74 |85 57 |68 40 5 |19 7 |34 |94 |31 |46 |1 |73 |65 12 |66 |36 
23146.6 522214
88 55 58 9 53 77 17 60 14 3 29 50 15 93 65 22 72 89 49 43 |24 10 52 4 30 67 41 64 76 39 56 61 83 86 92 16 78 70 18 81 90 62 63 73 8 11 |48 32 59 75 42 80 79 38 20 2 95 69 45 71 |54 96 44 28 6 97 47 51 33 13 35 37 91 26 87 99 21 82 100 ||25 27 |1 40 |12 85 98 |66 |46 |68 23 5 |31 |19 84 |34 |94 |36 |74 57 |7 
23409.1 498530
53 61 59 32 58 45 69 20 2 95 38 97 79 80 75 42 6 99 71 |16 22 92 86 78 70 83 62 90 63 96 91 37 26 87 21 82 100 ||9 51 47 33 13 35 18 81 48 24 44 28 8 11 |10 55 54 29 77 17 60 14 3 50 15 52 88 4 30 67 41 64 56 39 76 93 72 89 49 43 ||27 25 19 |34 |7 |31 |94 |66 74 |12 98 |73 |65 85 |68 1 5 |36 |57 |84 |46 |40 23 
24384.8 488295
32 51 58 9 59 53 77 17 14 60 3 22 72 89 49 43 |54 29 47 33 35 13 37 91 26 87 99 42 80 79 97 38 75 6 95 2 20 69 45 71 |92 88 55 64 61 63 62 83 16 78 70 90 18 81 48 96 24 44 28 21 82 100 ||86 10 93 50 15 52 4 30 67 41 76 39 56 8 11 ||36 |1 5 |34 |84 |19 57 |46 |94 74 |85 12 98 |25 |68 |40 23 |66 |73 |65 |27 |7 |31 
24678.4 474571

Time:0
Last Iter:10
Last Update:10
Tabu:0
Last Time0
4
9 54 29 50 15 52 88 4 30 67 41 64 55 61 63 90 92 86 16 78 70 18 81 48 24 44 28 82 100 |10 32 58 20 2 38 97 79 87 91 21 8 56 39 76 11 |59 62 96 33 51 47 26 99 6 42 80 75 95 69 45 71 |53 83 35 13 37 43 89 72 22 77 17 60 14 3 93 49 84 ||23 |98 25 |27 |74 |85 57 |68 40 5 |19 7 |34 |94 |31 |46 |1 |73 |65 12 |66 |36 
23146.6 522214
88 55 58 9 53 77 17 60 14 3 29 50 15 93 65 22 72 89 49 43 |24 10 52 4 30 67 41 64 76 39 56 61 83 86 92 16 78 70 18 81 90 62 63 73 8 11 |48 32 59 75 42 80 79 38 20 2 95 69 45 71 |54 96 44 28 6 97 47 51 33 13 35 37 91 26 87 99 21 82 100 ||25 27 |1 40 |12 85 98 |66 |46 |68 23 5 |31 |19 84 |34 |94 |36 |74 57 |7 
23409.1 498530
53 61 59 32 58 45 69 20 2 95 38 97 79 80 75 42 6 99 71 |16 22 92 86 78 70 83 62 90 63 96 91 37 26 87 21 82 100 ||9 51 47 33 13 35 18 81 48 24 44 28 8 11 |10 55 54 29 77 17 60 14 3 50 15 52 88 4 30 67 41 64 56 39 76 93 72 89 49 43 ||27 25 19 |34 |7 |31 |94 |66 74 |12 98 |73 |65 85 |68 1 5 |36 |57 |84 |46 |40 23 
24384.8 488295
32 51 58 9 59 53 77 17 14 60 3 22 72 89 49 43 |54 29 47 33 35 13 37 91 26 87 99 42 80 79 97 38 75 6 95 2 20 69 45 71 |92 88 55 64 61 63 62 83 16 78 70 90 18 81 48 96 24 44 28 21 82 100 ||86 10 93 50 15 52 4 30 67 41 76 39 56 8 11 ||36 |1 5 |34 |84 |19 57 |46 |94 74 |85 12 98 |25 |68 |40 23 |66 |73 |65 |27 |7 |31 
24678.4 474571

