Time:2
Last Iter:10
Last Update:10
Tabu:0
Last Time2
8
44 13 91 59 46 65 45 53 50 68 51 8 27 23 48 92 39 |25 24 34 30 100 33 80 28 37 29 63 43 70 47 72 52 32 57 96 |55 60 38 49 62 93 3 75 78 40 94 6 26 81 16 |12 97 66 64 4 67 83 82 95 5 77 54 89 36 31 61 84 ||88 42 |14 |20 |58 79 |1 |35 |19 |15 90 10 |2 87 |85 |56 |17 |76 |11 99 |7 |74 86 73 |21 41 |9 18 |69 98 |22 71 
18118.4 432619
38 92 51 8 27 93 75 78 24 40 34 55 87 18 94 6 26 81 16 39 |49 44 30 100 33 80 32 57 52 28 37 29 63 43 76 70 47 73 96 |60 48 97 91 89 4 67 5 95 77 54 83 86 36 |62 12 82 64 66 65 46 45 13 59 53 50 68 25 69 61 84 ||88 |85 |90 15 11 |42 41 |31 |23 |3 |35 22 |14 74 56 |98 |72 10 |21 19 |99 |58 1 |79 |17 |7 20 71 |9 2 
18451.9 431646
91 75 55 80 28 37 29 63 43 70 47 83 52 32 57 |12 34 30 100 33 44 94 2 40 24 78 26 6 81 16 39 |60 97 92 4 67 5 82 95 77 54 89 36 96 |49 48 62 38 93 27 8 51 68 13 59 53 50 45 46 65 66 64 25 61 84 ||76 |88 |1 58 |79 31 |21 |20 |11 10 73 |69 |15 35 |98 41 22 |23 |14 74 56 |85 |42 19 |72 |90 9 |87 18 |3 |71 |17 |7 |86 99 
18485.3 411213
91 75 55 80 28 37 29 63 43 70 47 83 52 32 57 |12 34 30 100 33 44 94 40 24 78 26 6 81 16 39 |60 97 92 4 67 5 82 95 77 54 89 36 96 |49 48 62 38 93 27 8 51 68 13 59 53 50 45 46 65 66 64 25 61 84 ||87 2 |73 |15 11 |42 41 |31 |23 |3 |76 |35 22 |14 74 56 |98 |90 |86 |72 10 |21 19 |99 |58 1 |79 |17 |7 20 71 |18 9 |69 |85 |88 
18816.4 411088
55 60 48 25 64 66 91 65 46 45 59 53 50 68 97 61 92 |88 30 33 80 44 32 57 52 83 95 77 5 67 4 89 36 84 |100 13 54 82 12 28 37 29 63 43 70 47 76 96 |34 51 8 27 49 38 62 93 75 78 24 40 94 26 6 81 16 39 ||79 |3 |19 |23 |20 35 |11 10 73 |56 |7 |98 |14 |85 |21 42 |17 |72 |22 |99 |18 9 |31 69 41 |74 86 |58 1 |87 2 |90 15 |71 |
18887.8 410997
93 55 28 37 29 63 43 70 47 52 32 57 |12 34 30 100 33 80 44 94 40 24 78 26 6 81 16 39 |60 97 75 92 83 54 82 95 77 5 67 4 89 36 96 |38 48 62 49 27 8 51 68 91 13 59 53 50 45 46 65 66 64 25 61 84 ||87 2 |73 |15 11 |42 41 |31 |23 |3 |76 |35 22 |14 74 56 |98 |90 |86 |72 10 |21 19 |99 |58 1 |79 |17 |7 20 71 |9 18 |69 88 |85 |
18904.7 409984
55 60 48 25 64 66 91 65 46 45 59 53 50 68 97 61 92 |88 30 33 80 44 32 57 52 83 95 77 5 67 4 89 36 84 |100 13 54 82 12 28 37 29 63 43 70 47 76 96 |34 51 8 27 49 38 62 93 75 78 24 40 94 26 6 81 16 39 ||3 |20 |23 |35 19 9 |56 10 |7 |98 |17 |72 |79 |73 |21 42 |14 |85 |18 11 |31 69 41 |99 74 86 |58 1 |87 2 |90 15 |22 |71 |
20821.5 409610
8 55 30 100 33 80 57 32 28 37 29 63 43 70 47 52 |60 44 89 4 12 83 5 82 95 77 54 36 96 |67 94 40 24 38 49 93 75 78 26 6 81 16 39 48 92 |13 34 62 27 51 97 68 50 53 59 45 46 65 91 66 64 25 61 84 ||10 |11 35 |23 |3 |98 88 |17 |72 |19 20 |76 |73 56 |21 42 |14 |85 |79 |18 9 22 |31 69 41 |99 74 86 |58 1 |87 2 |90 15 |71 |7 
21069.4 407627

Time:1
Last Iter:10
Last Update:10
Tabu:0
Last Time1
6
34 28 82 37 29 43 47 70 95 5 67 4 89 36 48 39 |63 33 100 55 75 62 38 49 60 93 27 8 92 |83 13 91 25 64 66 65 46 45 59 53 50 68 51 97 61 84 96 |30 12 77 54 52 32 57 80 44 94 40 24 78 26 6 81 16 ||73 |72 |2 18 |74 14 9 |58 |17 |76 |85 |88 |3 |21 31 |87 |23 7 71 |69 1 |98 41 |35 15 |79 |99 86 10 |19 |22 42 20 |11 56 |90 |
17451.1 461205
38 97 8 27 92 48 93 75 78 24 40 94 6 26 81 16 39 |60 62 68 64 66 91 13 45 46 59 53 50 65 25 61 84 |12 30 34 55 100 33 80 44 |49 51 36 89 4 67 5 82 95 77 54 83 47 70 37 63 43 29 28 32 57 52 96 ||73 |72 |2 18 |74 14 |9 |3 |17 |35 |20 23 |86 |87 19 |58 1 |85 |41 88 98 |31 |99 21 |15 |76 |42 7 |22 71 |11 10 |69 79 |56 |90 
18017.7 414070
38 97 51 68 46 45 50 53 59 13 91 66 64 25 61 84 |12 30 52 57 32 44 80 33 100 55 34 24 40 94 26 6 81 16 |65 62 60 8 27 93 75 78 48 92 39 |49 4 67 5 77 82 28 37 29 63 43 70 47 83 95 54 89 36 96 ||19 15 |22 35 |71 11 14 |73 56 10 |42 23 |1 79 |31 58 |21 |87 |99 |90 9 |74 |98 |76 |72 |17 |7 20 |18 2 |85 |3 |88 41 69 |86 
18621.7 411084
38 97 51 68 46 45 50 53 59 13 91 66 64 25 61 84 |12 30 52 57 32 44 80 33 100 55 34 24 40 94 26 6 81 16 |65 62 60 8 27 93 75 78 48 92 39 |49 4 67 5 77 82 28 37 29 63 43 70 47 83 95 54 89 36 96 ||19 15 |22 73 |71 11 14 |2 35 |98 88 |1 79 |31 58 |21 |87 |90 9 |74 56 99 |10 |23 |76 |72 |17 |7 20 |18 |85 |3 |42 41 69 |86 
18944 410849
13 30 100 33 80 28 37 29 63 43 70 83 95 77 67 4 89 36 96 |55 12 82 54 47 52 57 32 44 94 40 26 6 81 16 39 |5 24 27 93 60 49 38 62 75 78 48 92 |34 8 51 97 68 50 53 59 45 46 65 91 17 66 64 25 61 84 ||58 |86 |74 |98 |22 |42 20 |19 35 |88 |23 |85 |79 |14 90 15 |69 1 |76 |18 87 2 |56 10 |99 73 21 |41 |72 |7 |71 11 9 |31 |3 |
19353.5 403341
13 30 100 33 80 28 37 29 63 43 70 83 95 77 67 4 89 36 96 |55 12 82 54 47 52 57 32 44 94 40 26 6 81 16 39 |5 24 27 93 60 49 38 62 75 78 48 92 |34 8 51 97 68 50 53 59 45 46 65 91 17 66 64 25 61 84 ||58 |74 |90 |14 15 22 |3 |76 |1 69 |41 88 98 |31 42 |99 86 |85 20 |87 18 |23 |79 |10 |2 21 |56 73 |72 |7 19 |71 11 9 |35 |
25792.3 401475

Time:1
Last Iter:10
Last Update:10
Tabu:0
Last Time1
6
100 29 25 64 66 91 65 45 46 59 53 50 68 51 97 61 84 |12 57 8 27 60 38 49 62 93 75 48 92 22 21 |13 44 80 30 55 34 24 78 26 40 94 19 6 81 16 39 |82 33 52 32 28 37 63 43 70 47 83 54 77 95 5 67 4 89 36 73 96 ||85 |1 |79 |18 9 |42 |35 2 |87 |56 |76 |74 10 86 |69 |23 |98 |72 |90 |20 71 |14 |3 |88 31 |7 41 |99 |17 |58 |11 15 
17687.6 422221
43 27 8 51 97 68 50 53 59 13 45 46 65 91 66 64 25 61 84 |40 67 12 28 37 29 70 47 83 82 95 77 5 54 4 89 36 96 |52 38 62 49 60 93 75 48 78 26 6 81 16 39 92 |63 24 44 94 34 55 30 100 33 80 32 57 ||7 |11 |1 |23 |76 |72 |18 9 71 |22 20 |31 58 |74 86 |35 |3 |17 |79 |15 90 |2 87 |85 |99 21 |98 42 |41 |19 |69 |14 10 73 |56 |88 
18071.5 420304
91 28 36 89 12 67 77 82 5 95 54 83 47 70 63 43 29 32 57 52 |55 8 25 64 66 65 46 45 13 59 53 50 68 51 97 61 84 96 |27 37 33 100 80 44 94 40 24 78 26 6 81 16 |4 30 34 93 49 60 38 62 75 48 92 39 ||7 41 |15 14 90 |74 99 |3 |85 |22 |76 |17 |20 35 |87 18 |10 73 56 |58 79 |69 |2 |86 |88 71 |98 |31 |19 |11 21 |9 |23 |42 |72 |1 
19323.9 418155
62 84 33 80 12 82 95 5 77 54 83 47 70 63 43 29 37 28 32 57 52 96 |67 60 49 93 75 26 6 94 44 9 81 16 |27 89 36 30 100 55 34 40 24 78 48 39 |4 38 8 51 97 68 91 13 59 53 50 45 46 65 66 64 1 25 61 92 ||23 |7 41 |15 14 90 |74 99 |3 |85 |22 |76 |17 |20 35 |87 18 |10 73 56 |58 79 |69 |2 |86 |88 71 |98 |31 |19 |21 |72 |11 42 |
19430.9 417052
8 100 33 80 37 4 64 66 13 59 53 50 45 46 65 25 61 84 |30 68 97 51 62 38 49 60 93 75 48 92 |34 27 55 44 94 40 24 78 26 6 81 16 39 |91 28 36 89 12 67 77 82 5 95 54 83 47 70 63 43 29 32 57 52 96 ||7 41 |15 14 90 |99 |3 |85 |76 |20 35 |87 18 |10 73 56 |58 79 |69 1 31 |72 |74 |22 42 |17 |86 |98 88 21 |71 9 19 |2 |23 |11 
19500.8 406013
8 100 33 80 37 4 64 66 13 59 53 50 45 46 65 25 61 84 |30 68 97 51 62 38 49 60 93 75 48 92 |34 27 55 44 94 40 24 78 26 6 81 16 39 |91 28 36 89 12 67 77 82 5 95 54 83 47 70 63 43 29 32 57 52 96 ||7 41 |15 14 90 |99 |3 |76 |20 35 |56 73 74 10 |69 1 31 |72 |87 18 |85 |86 |58 79 |98 88 21 |71 |9 |22 |2 |17 |42 |23 |11 |19 
21589.3 403939

Time:1
Last Iter:10
Last Update:10
Tabu:0
Last Time1
6
7 52 13 8 27 93 60 38 49 62 85 75 48 92 |91 83 89 25 64 66 50 45 65 46 53 68 51 97 61 |30 57 44 80 33 100 55 34 94 40 24 78 26 6 81 16 39 |59 4 32 28 37 29 63 43 47 70 12 82 95 67 5 77 54 36 96 84 ||87 |69 |72 |58 79 |71 21 31 |90 |17 |86 |3 |2 11 |56 99 |23 |41 |1 |35 9 |14 18 |42 98 |20 |73 74 10 |88 |19 22 |15 |76 
18142.3 438941
93 13 91 59 45 4 53 50 46 65 66 64 89 36 84 |100 78 12 67 54 77 5 95 82 83 47 70 43 63 29 37 28 32 57 52 96 |30 75 62 38 49 60 27 8 51 68 97 61 92 48 39 |25 55 33 80 11 44 18 34 24 40 94 26 6 81 16 ||20 |73 56 |19 9 |7 23 |98 88 |74 71 |85 |87 |1 21 22 |31 69 |58 |99 86 |17 |3 |10 76 |35 2 |79 41 |14 90 15 |42 |72 |
18294.5 425725
33 60 93 27 8 51 45 13 46 91 59 53 25 61 92 |50 62 24 40 34 30 80 44 94 26 6 81 16 39 |55 38 49 75 48 97 68 65 66 64 4 89 36 84 |100 78 12 67 54 77 5 95 82 83 47 70 43 63 29 37 28 32 57 52 96 ||11 18 |20 |73 56 |19 9 |74 |98 88 |85 |2 |7 23 |79 58 |1 21 22 |31 69 |10 99 86 |17 |35 |90 |87 |3 |42 41 |71 15 14 |76 |72 |
18306.5 424790
93 4 91 13 59 53 50 45 46 65 66 64 89 36 84 |100 78 12 67 54 77 5 95 82 83 47 70 43 63 29 37 28 32 57 52 96 |30 75 62 38 49 60 27 8 51 68 97 61 92 48 39 |25 55 33 80 11 44 18 34 24 40 94 26 6 81 16 ||20 |87 |56 |19 9 22 |98 88 |85 |74 |7 23 |2 |58 79 |1 21 |31 99 |10 86 |17 |35 |90 |15 |42 41 69 |71 |14 73 |3 |72 |76 
18678.7 415687
28 61 34 55 30 100 33 80 44 18 94 40 26 6 81 16 39 |12 38 8 51 97 68 13 59 53 50 45 46 65 58 66 64 89 36 84 |27 91 25 4 67 5 54 77 95 82 83 47 70 72 76 43 63 37 32 57 52 96 |29 24 78 62 49 60 93 75 48 92 ||73 |21 |15 14 |42 41 |86 |10 |79 31 |2 11 |56 99 |23 |98 69 |1 |3 |87 |71 |19 35 |85 20 |74 22 |17 |90 9 |7 |88 
19904.4 406507
27 80 33 100 55 44 94 40 24 78 26 6 81 16 |34 60 38 49 62 93 48 39 92 |4 75 51 25 66 91 13 59 53 45 46 65 50 68 97 61 84 |30 8 64 36 89 67 5 12 82 95 77 54 83 47 70 43 63 29 37 28 32 57 52 96 ||18 11 |20 |73 56 |19 9 |7 23 |98 88 |74 71 |85 |79 58 |1 21 22 |31 69 |10 99 86 |17 |35 |90 |87 |3 |42 41 |2 15 |76 |72 |14 |
21128.6 401539

Time:1
Last Iter:10
Last Update:10
Tabu:0
Last Time1
3
95 48 27 51 68 13 50 53 59 45 46 65 91 64 66 1 25 61 84 |62 55 30 100 33 80 90 32 57 52 96 |49 97 8 38 60 93 75 78 24 40 94 44 6 26 81 16 39 92 |34 12 28 37 29 63 43 70 47 83 82 5 77 54 67 4 89 36 ||15 11 14 |22 69 |56 |9 |79 |58 |98 |99 73 86 |42 41 88 |18 35 |17 |72 10 |71 7 |76 |23 21 |19 2 |87 |74 31 |3 |85 20 
17708.1 410180
91 30 44 24 34 55 100 33 80 28 37 63 29 52 32 57 96 |43 8 62 38 49 60 93 75 78 26 94 6 81 16 39 |40 66 64 83 47 70 12 82 95 77 54 67 4 89 36 84 |5 27 48 97 51 68 13 50 53 59 45 46 65 25 61 92 ||42 |10 74 14 11 |15 |18 |88 |7 |73 |72 |17 |1 58 69 |41 98 |79 31 |56 99 86 |85 |23 |3 |76 |87 19 |2 35 |90 9 |22 21 71 |20 |
20444 401943
91 30 44 24 34 55 100 33 80 28 37 63 29 52 32 57 96 |43 8 62 38 49 60 93 75 78 26 94 6 81 16 39 |40 66 64 83 47 70 12 82 95 77 54 67 4 89 36 84 |5 27 48 97 51 68 13 50 53 59 45 46 65 25 61 92 ||42 |10 74 14 11 |15 |18 |88 |76 |17 |2 |72 |1 58 69 |41 98 |79 31 |56 99 86 73 |3 |85 |23 7 |87 19 |90 9 |35 71 |22 21 20 |
22654.7 401784

Time:1
Last Iter:10
Last Update:9
Tabu:0
Last Time1
6
19 91 12 4 67 5 54 77 95 82 83 47 70 43 63 37 29 32 57 52 |64 28 44 80 33 100 30 55 34 24 40 94 26 6 81 16 39 |59 38 49 60 93 75 78 48 92 99 89 36 84 |62 51 27 8 97 68 13 53 50 45 46 65 66 25 61 96 ||56 |41 |3 |21 31 |74 10 90 |72 |17 |87 |85 |7 |42 22 71 |69 |1 |98 |20 |88 |11 |18 9 |86 73 |15 14 |76 |23 |2 |35 |58 79 |
18371.1 438706
91 12 4 67 5 54 77 95 82 83 47 70 43 63 37 29 32 57 52 96 |64 28 44 80 33 100 30 55 34 24 40 94 26 6 81 16 39 |59 38 49 60 93 75 78 48 92 89 36 84 |62 51 27 8 97 68 13 53 50 45 46 65 66 25 61 ||17 |87 |3 |88 |21 31 |74 10 90 |42 7 22 71 |69 41 |98 |1 79 |72 |58 |85 |76 |11 9 35 |14 |2 |23 20 |86 73 |18 |15 19 |56 |99 
18413.9 414992
28 64 26 94 40 24 34 55 30 100 33 80 44 6 81 16 39 |60 48 78 75 62 49 93 27 8 51 97 61 92 |38 36 13 68 59 53 50 45 46 65 66 58 25 84 |91 12 89 4 67 5 54 77 95 82 83 47 70 43 63 37 29 32 57 52 96 ||87 |85 |21 31 |74 10 90 |72 |42 7 22 71 |69 41 |98 |1 79 |88 |11 9 19 |20 15 |76 |35 2 18 |99 86 |17 |3 |56 14 |73 |23 
18861.3 411850
1 27 60 38 62 75 78 48 92 |67 8 61 51 97 68 50 53 59 45 46 65 91 66 64 4 89 36 84 |49 25 34 55 30 100 33 80 44 94 40 24 26 6 81 16 39 |93 13 54 5 77 95 12 82 83 47 70 43 63 29 37 28 32 57 52 96 ||58 |90 15 9 |31 |56 86 |23 |69 79 |42 20 |87 |3 |88 |17 |74 73 11 71 |22 |98 |2 |72 |99 |21 7 41 |19 35 |85 |18 14 |76 10 
19229.5 411716
91 12 4 67 5 54 77 95 82 83 47 70 43 63 37 29 32 57 52 96 |64 28 44 80 33 100 30 55 34 24 40 94 26 6 81 16 39 |59 38 49 60 93 75 78 48 92 89 36 84 |62 51 27 8 97 68 13 53 50 45 46 65 66 25 61 ||17 |87 |3 |85 |21 31 |74 10 90 |72 |42 7 22 71 |69 41 |98 |1 79 |88 |11 9 19 |35 2 18 |86 73 56 |23 20 |15 14 |76 |58 |99 
19746.8 409385
60 48 78 75 62 49 93 27 8 51 97 61 92 |38 36 13 68 59 53 50 45 46 65 66 58 25 84 |91 12 89 4 67 5 54 77 95 82 83 47 70 43 63 37 29 32 57 52 96 |64 28 44 80 33 100 30 55 34 24 40 94 26 6 81 16 39 ||87 |85 |19 20 21 |76 |90 9 |17 |3 |88 |15 14 |2 18 |42 31 71 |98 22 |1 79 |74 10 |72 |7 69 |41 |11 |35 |99 86 |56 |73 |23 |
21636.1 405000

Time:1
Last Iter:10
Last Update:9
Tabu:0
Last Time1
3
55 8 51 97 68 50 53 59 13 45 46 65 91 64 66 1 25 61 92 |82 30 34 40 24 62 38 49 60 27 93 75 48 39 |33 78 63 43 29 37 28 57 32 80 44 94 6 26 81 16 |100 12 52 70 47 83 54 95 77 5 67 4 89 36 96 84 ||76 |14 |31 |21 23 |35 2 |87 |69 11 |17 |9 15 71 |99 |88 98 |79 |85 |72 |74 73 56 |86 22 |7 20 42 |19 |90 |3 |41 |18 |10 |58 
17452.1 417272
55 48 75 93 38 60 27 8 51 68 97 61 92 84 |49 25 91 13 59 53 50 45 46 65 66 64 89 36 96 |62 4 67 83 54 77 5 95 82 12 70 47 43 63 29 37 28 32 52 |30 78 57 44 80 33 100 34 24 40 94 26 6 81 16 39 ||56 |18 19 |23 |7 |2 87 |9 35 |79 69 |17 |74 10 86 |42 20 |90 |72 |22 71 |15 |21 11 |99 73 |58 1 31 |14 |85 |76 |88 98 41 |3 |
17819.4 405210
49 64 66 68 50 53 59 13 91 45 46 65 79 25 61 84 |67 62 78 75 93 27 8 51 97 48 92 |60 12 80 33 100 55 34 24 40 94 26 6 81 16 39 |38 30 44 52 57 32 28 37 29 63 43 70 47 83 82 95 5 77 54 4 89 36 96 ||87 35 |31 |3 |76 |19 18 9 |2 |41 98 |58 |22 21 7 23 |71 15 |11 |88 |42 69 |17 |56 10 |90 |72 |1 |20 85 |86 14 |99 74 73 |
19183.5 398403

Time:2
Last Iter:10
Last Update:10
Tabu:0
Last Time2
6
55 34 38 49 60 8 27 93 75 48 92 |62 57 52 28 37 63 43 47 70 12 95 82 83 54 77 5 67 4 89 36 84 |78 97 96 32 30 100 33 80 44 94 40 24 26 6 81 16 39 |29 51 25 64 66 91 13 59 53 45 46 65 50 68 61 ||3 |2 |85 |71 22 |99 |18 |76 |21 7 20 |31 69 |35 |87 |72 |88 |90 14 |98 41 |74 10 86 56 |19 9 11 |58 1 |79 |73 |42 23 |15 |17 |
17054.2 417980
31 62 55 34 30 100 33 80 44 94 40 24 26 6 81 16 39 |65 12 82 36 89 67 95 77 54 83 47 70 43 63 37 29 32 57 52 96 |5 97 51 8 27 60 38 49 93 75 78 48 92 |28 4 68 91 13 59 53 50 45 46 64 66 25 61 84 ||17 |10 99 |86 |19 |74 56 |85 |7 42 20 |23 |3 |58 |76 |72 |69 41 |35 21 71 |22 11 14 |88 |79 |73 |2 |98 |15 9 18 |90 |1 |87 
17279 416604
66 62 55 34 30 100 33 80 44 94 40 24 26 6 81 16 39 |65 12 82 36 89 67 95 77 54 83 47 70 43 63 37 29 32 57 52 96 |5 97 51 8 27 60 38 49 93 75 78 48 92 |28 4 68 91 13 59 53 50 45 46 64 25 61 84 ||17 |10 99 |86 |19 |74 56 |85 |7 42 20 |23 |3 |58 |76 |72 |69 41 |35 21 71 |22 11 14 |88 |79 |73 |2 |98 |15 9 18 |31 |1 |90 |87 
18478.7 412967
12 62 34 55 30 100 33 80 44 94 40 24 26 6 81 16 39 |65 82 36 89 67 95 77 54 83 47 70 43 63 37 29 32 57 52 96 |5 97 51 8 27 60 38 49 93 75 78 48 92 |28 4 68 91 13 59 53 50 45 46 64 66 25 61 84 ||87 |72 |58 |9 |74 76 |88 |17 |10 71 |23 42 22 |14 |7 41 |98 |2 |20 85 |19 |35 21 |56 11 |3 |69 79 |90 |86 99 73 |15 18 |31 1 |
18989.8 398371
12 62 34 55 30 100 33 80 44 94 40 24 26 6 81 16 39 |65 82 36 89 67 95 77 54 83 47 70 43 63 37 29 32 57 52 96 |5 97 51 8 27 60 38 49 93 75 78 48 92 |28 4 68 91 13 59 53 50 45 46 64 66 25 61 84 ||73 86 |87 |72 |58 |9 90 |74 76 |88 |17 |99 11 |18 |14 |2 35 |79 69 |85 20 |3 |23 |1 |15 71 22 21 |56 |10 |31 41 |98 |7 |42 |19 |
23242.2 397910
12 62 34 55 30 100 33 80 44 94 40 24 26 6 81 16 39 |65 82 36 89 67 95 77 54 83 47 70 43 63 37 29 32 57 52 96 |5 97 51 8 27 60 38 49 93 75 78 48 92 |28 4 68 91 13 59 53 50 45 46 64 66 25 61 84 ||7 20 |2 |72 |58 |90 |88 98 41 |14 |79 |11 18 |69 1 |99 73 |76 |87 35 |17 |85 |3 |23 |15 71 22 21 |56 74 |10 |31 |9 |86 |42 |19 |
27222.7 397902

Time:1
Last Iter:10
Last Update:10
Tabu:0
Last Time1
3
10 38 49 60 3 93 75 62 85 78 40 39 92 |4 48 24 34 30 100 33 80 44 94 26 6 81 16 |91 37 28 32 57 52 29 63 43 70 47 83 12 82 95 5 67 77 54 89 36 96 |55 27 8 51 97 68 13 59 53 50 45 46 65 66 64 25 61 84 ||76 |7 22 21 |88 41 |19 35 |79 58 |20 42 |9 |2 |90 |99 |18 87 |1 |17 |14 73 |15 74 |86 56 |23 |11 |98 |72 |71 31 69 
17084.5 420945
33 93 60 38 49 62 75 78 24 40 44 94 26 6 81 16 39 |91 48 92 28 37 29 63 43 70 12 77 54 |4 34 30 100 80 32 57 52 47 83 82 95 5 67 89 36 96 |55 27 8 51 97 68 13 59 53 50 45 46 65 66 64 25 61 84 ||76 10 71 |7 22 21 |31 58 69 |41 |19 35 |79 |20 42 |9 |2 |90 14 |88 |99 |87 |18 |1 |17 |3 |15 |85 |86 |56 |74 |73 |23 |11 |98 |72 
17562.3 418615
4 24 34 30 100 33 80 44 94 26 6 81 16 |91 37 28 32 57 52 29 63 43 70 47 83 12 82 95 5 67 54 89 36 96 |55 27 8 51 97 68 13 59 53 50 45 46 65 66 64 25 61 84 |77 40 78 62 38 49 60 93 75 48 92 39 ||22 |7 |21 42 |79 58 |20 9 |71 73 |31 69 41 |76 |90 14 10 |88 |19 35 2 |99 |17 |87 18 |1 |3 |15 |85 |86 |56 |74 |23 |11 |98 |72 
18239.8 402515

Time:1
Last Iter:10
Last Update:10
Tabu:0
Last Time1
4
34 64 66 91 13 65 46 45 59 53 50 68 25 61 84 |27 30 100 33 28 37 63 43 29 52 57 32 44 94 6 26 81 16 |51 80 55 40 24 78 62 38 60 93 75 48 92 39 |49 8 97 12 70 47 83 82 95 77 5 54 67 4 89 36 96 ||17 |14 |11 90 |3 |74 |15 9 18 |79 |99 56 |58 1 |76 |87 |86 73 10 |21 22 7 |41 |23 |98 69 |85 |42 19 71 |35 2 |88 31 |72 |20 
17528.3 415508
27 30 100 33 28 37 63 43 29 52 57 32 44 94 6 26 81 16 |51 80 55 40 24 78 62 38 60 93 75 48 92 39 |49 8 97 12 70 47 83 82 95 77 5 54 4 89 36 96 |34 67 68 13 59 53 50 45 46 65 91 64 66 25 61 84 ||17 |14 |11 90 |15 19 35 |99 73 74 10 |72 |22 41 69 |76 |18 87 2 |21 |42 7 |58 79 |88 |3 |1 71 |56 |23 |98 |9 |31 |86 |20 85 
18029.4 411781
13 60 78 75 8 51 68 64 66 91 59 53 50 46 65 25 61 84 |30 38 49 27 97 28 37 29 63 43 70 47 52 32 57 |62 45 83 12 82 95 54 77 5 67 4 89 36 96 |93 100 33 80 44 55 34 24 40 94 6 26 81 16 39 48 92 ||3 |42 |22 |9 |98 |56 86 99 73 |85 |14 |2 |69 |72 71 |76 74 |11 |23 7 |10 31 |35 18 |88 41 |87 |58 1 |79 |19 |17 |90 |20 21 |15 
20292.2 411574
13 60 78 75 8 51 68 64 66 91 59 53 50 46 65 25 61 84 |30 38 49 27 97 28 37 29 63 43 70 47 52 32 57 |62 45 83 12 82 95 54 77 5 67 4 89 36 96 |93 100 33 80 44 55 34 24 40 94 6 26 81 16 39 48 92 22 ||3 |42 |2 |69 |98 |56 86 99 73 |85 |71 |11 15 9 |79 |14 |31 |76 74 |10 72 |88 41 |58 1 |17 |18 35 |23 7 |19 |21 |87 |90 |20 
22958.8 410716

Execution time: 13.921 seconds
