Time:2
Last Iter:10
Last Update:10
Tabu:0
Last Time2
10
27 3 1 16 58 19 55 5 89 93 32 48 86 |45 57 42 26 33 9 88 43 47 17 97 68 67 100 99 83 |21 23 54 59 7 14 70 13 46 63 95 61 15 98 91 75 53 |69 56 37 12 90 49 80 76 84 82 92 24 62 51 38 8 ||18 |74 50 65 |40 81 6 |34 2 72 10 25 |73 |11 60 36 44 41 78 52 30 71 |29 4 66 |94 79 20 39 31 87 77 |35 28 64 96 22 85 
5522.23 183008
70 14 21 20 7 59 13 46 63 95 61 18 15 91 75 |90 12 37 56 69 29 54 98 52 43 88 47 17 |45 57 42 33 26 9 93 19 58 16 5 55 89 32 48 11 86 |49 80 76 24 62 51 38 82 84 83 67 68 53 97 ||25 |85 |44 36 64 30 65 50 2 27 94 |99 3 81 40 23 10 |96 77 35 74 72 39 |66 4 79 34 1 22 |87 6 41 28 78 |8 100 73 60 92 71 31 
5535.54 178266
65 100 98 15 39 61 95 63 46 14 70 13 7 59 54 91 75 53 97 |69 21 56 37 12 90 49 80 76 24 62 38 82 84 34 68 |67 51 16 58 5 89 55 19 9 93 47 17 |45 57 41 42 33 26 43 88 32 48 83 86 ||8 |1 |92 |10 29 |31 74 4 64 78 |3 |60 11 73 25 22 |28 35 99 85 |2 79 66 94 |27 20 23 81 |72 18 71 52 77 96 50 |40 44 36 30 87 6 
6148.42 168386
68 69 21 56 37 12 90 49 80 76 82 84 67 83 48 |14 70 47 93 9 55 89 5 32 86 |42 57 45 61 95 63 46 13 7 59 54 91 75 53 97 |38 51 24 62 16 58 19 88 26 33 43 15 98 17 ||11 72 |64 60 |34 27 |1 |3 23 74 |73 |35 44 6 87 31 30 |96 22 41 28 78 71 |18 50 85 |40 36 52 25 99 2 |92 94 4 65 8 100 ||81 29 39 20 10 79 |66 |77 
6450.38 150150
68 69 21 56 37 12 90 49 80 76 82 |19 58 16 24 62 51 38 84 67 83 48 |14 70 15 98 17 43 47 93 9 55 89 5 32 86 |88 26 33 42 57 45 61 95 63 46 13 7 59 54 91 75 53 97 ||29 72 |41 64 |18 |35 4 |3 |40 23 6 31 30 |50 27 11 73 34 1 |44 87 |52 |74 65 |96 22 28 78 71 85 |36 25 60 99 2 |92 94 |8 100 ||81 39 20 10 79 |66 |77 
7189.14 147020
68 69 21 56 37 12 90 49 80 76 82 84 67 83 48 |14 70 47 93 9 55 89 5 32 86 |42 57 45 61 95 63 46 13 7 59 54 91 75 53 97 |38 51 24 62 16 58 19 88 26 33 43 15 98 17 ||29 72 |41 64 |18 |35 4 |3 |40 23 6 31 30 |50 27 28 78 |34 |87 |60 11 73 |99 74 65 |71 52 |44 36 |25 |2 |1 92 22 94 |85 100 ||81 96 |39 |20 10 79 |8 |66 |77 
7339.91 142842
68 69 21 56 37 12 90 49 80 76 82 |19 58 16 24 62 51 38 84 67 83 48 |14 70 15 98 17 43 47 93 9 55 89 5 32 86 |88 26 33 42 57 45 61 95 63 46 13 7 59 54 91 75 53 97 ||29 72 |41 64 |18 |35 4 |3 |40 23 6 31 30 |50 27 28 78 |34 |87 |60 11 73 |1 74 65 |96 22 |71 44 52 85 |36 25 |99 2 |92 94 |8 100 ||81 |39 20 10 79 |66 |77 
7937.14 138157
43 33 26 88 19 58 16 62 24 38 51 |68 69 21 56 37 12 90 49 80 76 82 84 67 83 48 |14 70 15 98 17 47 93 9 55 89 5 32 86 |42 57 45 61 95 63 46 13 7 59 54 91 75 53 97 ||3 |72 |34 |73 1 |18 |8 |65 |27 81 79 |29 |30 87 11 |64 6 |50 77 |96 |60 22 |28 78 |74 99 |36 44 52 |71 85 |2 |92 94 |31 39 66 |4 23 41 |40 20 35 |100 10 |25 
9013.41 137134
68 69 21 56 37 12 90 49 80 76 82 84 67 |43 88 19 58 16 62 24 38 51 83 48 |14 70 15 98 17 47 93 9 55 89 5 32 86 |26 33 42 57 45 61 95 63 46 13 7 59 54 91 75 53 97 ||11 72 |10 73 1 |18 |8 |65 |27 81 79 |44 |30 87 40 |64 6 |36 77 |99 |4 |22 71 66 29 23 |78 |50 |85 |3 |94 |96 60 2 41 28 52 |92 |74 100 ||34 |39 20 25 |35 |31 
10878.9 134820
68 69 21 56 37 12 90 49 80 76 82 84 67 |43 88 19 58 16 62 24 38 51 83 48 |14 70 15 98 17 47 93 9 55 89 5 32 86 |26 33 42 57 45 61 95 63 46 13 7 59 54 91 75 53 97 ||11 72 |10 73 1 |18 |8 |65 |27 81 79 |44 |30 87 40 |64 6 |36 77 |99 |4 |22 71 66 29 23 |78 |50 |85 |3 |94 |60 |34 |92 31 39 74 |28 96 41 20 |35 |100 2 |52 |25 
11898.2 133808

Time:1
Last Iter:10
Last Update:10
Tabu:0
Last Time1
6
62 24 12 21 14 70 46 13 7 59 54 91 15 98 17 |63 29 69 56 37 94 68 67 83 97 53 75 |95 61 45 57 41 42 33 26 43 88 9 93 47 |76 80 49 90 84 82 38 51 16 58 5 19 55 89 32 48 86 ||85 100 81 |39 72 3 30 |66 10 |28 44 36 77 22 50 2 74 |96 25 11 73 8 |31 71 |23 79 |52 6 64 |18 65 |20 40 4 |35 60 92 1 27 |78 87 |99 34 |
5816.2 156753
90 24 62 16 58 5 19 55 89 93 32 48 86 |51 38 76 80 49 12 37 69 68 84 82 67 83 |21 56 14 70 13 46 95 63 7 59 54 91 75 53 97 |47 43 9 88 26 33 42 28 57 45 61 15 98 17 ||79 36 |30 18 |34 |10 81 |29 |74 50 85 65 |66 20 23 40 8 11 60 |92 96 44 6 78 |4 72 52 25 22 1 100 ||2 27 |64 87 77 73 99 |35 |31 71 41 39 |3 94 
6384.32 146404
90 24 62 16 58 5 19 55 89 93 32 48 86 |51 38 76 80 49 12 37 69 68 84 82 67 83 |21 56 14 70 13 46 95 63 7 59 54 91 75 53 97 |47 43 9 88 26 33 42 28 57 45 61 15 98 17 ||79 36 |30 18 |34 |10 81 |29 |74 50 |25 |72 39 85 65 66 20 40 |23 8 11 60 92 |96 44 6 78 |4 52 22 1 100 ||2 27 |64 87 77 73 99 |35 |31 71 41 |3 94 
7674.06 146023
90 24 62 16 58 5 19 55 89 93 32 48 86 |51 38 76 80 49 12 37 69 68 84 82 67 83 |21 56 14 70 13 46 95 63 7 59 54 91 75 53 97 |47 43 9 88 26 33 42 57 45 61 15 98 17 ||66 11 30 85 65 |29 10 81 |74 50 |25 |92 96 44 6 78 |22 77 23 20 73 8 |40 |1 79 |60 31 71 |52 64 28 |18 36 27 4 |35 99 34 |87 2 |41 39 72 |3 94 100 |
8154.13 143651
90 24 62 16 58 5 19 55 89 93 32 48 86 |51 38 76 80 49 12 37 69 68 84 82 67 83 |21 56 14 70 13 46 95 63 7 59 54 91 75 53 97 |47 43 9 88 26 33 42 57 45 61 15 98 17 ||30 85 65 |66 20 23 81 40 74 |92 1 50 96 60 |78 |11 44 72 |73 8 |77 |79 |25 31 71 |64 |22 52 6 28 |18 36 27 4 |35 99 34 |87 2 |41 39 10 |3 94 100 29 
9616.74 141300
98 15 61 45 57 42 26 33 43 88 9 93 47 17 |68 49 90 37 12 84 82 38 51 83 67 |80 76 24 62 16 58 5 19 55 89 32 48 86 |69 56 21 14 70 13 46 95 63 7 59 54 91 75 53 97 ||6 |1 40 30 18 |64 27 10 |50 |72 41 34 |3 31 79 |87 77 25 73 60 100 2 74 |94 4 66 71 |99 |92 |29 8 |28 |36 96 52 |44 |20 23 78 85 |22 35 |81 |39 11 |65 
10555.3 136735

Time:1
Last Iter:10
Last Update:10
Tabu:0
Last Time1
9
37 12 67 55 88 26 33 42 57 45 61 17 |74 69 56 21 20 10 14 70 40 7 59 66 13 46 63 95 54 91 |90 49 80 76 51 58 5 89 19 9 93 32 48 86 |83 16 62 24 38 82 84 68 97 53 75 98 15 43 47 ||72 30 |39 |34 8 18 4 87 |77 52 64 28 73 65 2 |27 94 79 1 |6 71 78 36 25 60 50 |3 92 35 |23 81 29 31 44 41 96 22 11 |85 99 100 ||
5812.04 210629
68 46 13 7 39 59 54 63 95 61 71 15 98 91 75 53 97 |14 70 38 51 24 62 5 16 58 19 55 89 32 48 86 |45 57 42 33 26 43 88 9 93 47 17 |69 21 56 37 49 80 76 90 12 82 84 67 83 ||100 ||36 44 |35 60 |8 99 92 73 11 25 65 2 94 |52 41 66 79 |18 30 31 72 4 85 22 77 |1 96 87 81 23 29 74 50 |28 6 78 |27 |64 |3 34 40 20 10 
6199.13 160477
43 61 45 57 41 42 33 26 88 9 93 47 |21 14 70 13 46 95 63 7 59 54 91 15 98 17 |16 58 5 19 55 89 32 48 68 97 53 75 |69 56 37 12 90 49 80 76 84 82 24 62 51 38 83 67 86 ||36 22 |35 60 64 66 |44 6 |1 73 25 77 30 74 |4 20 40 79 2 8 |18 71 |94 100 ||72 65 50 |85 10 11 34 |3 28 78 |31 39 29 96 |92 |81 27 23 99 52 87 
6965.88 146523
15 63 46 14 70 13 7 59 54 69 68 84 82 67 |21 56 37 12 90 49 80 76 24 62 51 38 83 97 53 75 |48 5 16 58 19 55 89 32 93 9 88 47 86 |95 61 45 57 42 33 26 43 17 98 91 ||1 |4 72 40 81 |78 50 8 35 |10 20 39 71 |2 |85 |74 |66 18 30 31 |25 65 73 |99 3 92 27 94 |29 23 |52 41 |96 |22 77 36 44 6 87 |100 ||60 11 |34 |64 79 |28 |
7148.23 140855
61 45 57 42 33 26 43 88 9 93 47 |21 14 70 13 46 95 63 7 59 54 91 15 98 17 |16 58 5 19 55 89 32 48 68 97 53 75 |69 56 37 12 90 49 80 76 84 82 24 62 51 38 83 67 86 ||20 71 |35 |64 36 |29 50 |81 40 60 |52 65 87 |44 41 31 94 2 |72 4 |22 77 1 |18 30 96 |8 |28 74 |66 |25 11 73 92 |99 |6 23 79 85 34 |100 ||39 10 3 |27 78 |
7516.8 136053
61 45 57 42 33 26 43 88 9 93 47 |21 14 70 13 46 95 63 7 59 54 91 15 98 17 |16 58 5 19 55 89 32 48 68 97 53 75 |69 56 37 12 90 49 80 76 84 82 24 62 51 38 83 67 86 ||60 1 |40 |22 50 |8 35 |10 71 64 28 85 |74 27 |66 |30 2 25 99 |94 |29 23 |18 6 73 52 |41 96 |65 |92 |36 |77 72 |44 79 11 |39 |78 |34 20 3 81 |100 ||87 4 31 |
7966.88 134884
61 45 57 42 33 26 43 88 9 93 47 |21 14 70 13 46 95 63 7 59 54 91 15 98 17 |16 58 5 19 55 89 32 48 68 97 53 75 |69 56 37 12 90 49 80 76 84 82 24 62 51 38 83 67 86 ||71 |64 11 |35 |1 73 |99 40 74 |81 |6 |28 20 79 2 |22 60 25 77 27 |96 18 |50 |8 |41 66 |44 52 |39 31 |4 30 36 |72 |23 |85 |3 34 |10 94 |92 29 65 87 |78 100 ||
8278.95 131455
61 45 57 42 33 26 43 88 9 93 47 |21 14 70 13 46 95 63 7 59 54 91 15 98 17 |16 58 5 19 55 89 32 48 68 97 53 75 |69 56 37 12 90 49 80 76 84 82 24 62 51 38 83 67 86 ||20 71 |35 |64 36 |29 50 |81 40 22 60 25 77 |1 74 |27 |73 |96 18 |2 |8 |41 66 |44 6 52 |39 31 |4 30 |72 |79 23 |85 |3 34 |10 94 |92 99 65 87 |28 78 11 100 ||
8301.47 129606
61 45 57 42 33 26 43 88 9 93 47 |21 14 70 13 46 95 63 7 59 54 91 15 98 17 |16 58 5 19 55 89 32 48 68 97 53 75 |69 56 37 12 90 49 80 76 84 82 24 62 51 38 83 67 86 ||96 |35 |28 |87 1 |18 23 |78 |44 40 |34 71 100 74 |81 |29 27 |99 |92 |50 2 |8 |41 66 |60 |20 |6 73 52 |39 31 |65 |4 |30 36 |72 |79 |85 |3 94 |11 64 77 22 25 |10 |
9116.69 127673

Time:1
Last Iter:10
Last Update:10
Tabu:0
Last Time1
10
36 33 26 9 88 93 47 25 30 68 67 83 86 |82 84 90 12 37 56 69 63 95 61 31 15 98 91 17 |43 42 57 45 21 14 70 46 13 7 59 54 75 53 97 |49 80 76 38 51 24 62 35 16 58 5 19 55 89 32 60 48 ||22 |18 66 39 40 27 100 65 11 |10 |92 8 85 34 79 23 |1 73 74 94 3 |20 41 |29 81 4 72 52 87 6 44 77 50 |99 96 28 78 64 71 2 
5692.91 192487
88 43 26 33 42 41 28 57 45 61 71 15 98 91 |69 37 56 21 14 70 13 46 95 63 7 59 54 75 |12 90 49 80 76 62 38 82 84 83 67 68 53 97 86 |24 51 48 16 58 5 32 89 55 19 9 93 47 17 ||78 |50 |40 23 20 79 |3 34 94 2 100 52 87 |72 66 |6 96 |99 |92 |29 73 |11 85 8 27 10 18 31 |35 36 44 64 |39 4 |74 30 65 25 22 77 60 |1 81 
5882.59 160000
83 16 58 5 55 19 9 88 26 33 42 43 17 |49 80 76 84 82 38 24 62 51 48 32 89 93 47 86 |90 12 37 56 21 14 70 46 13 7 59 15 98 91 75 53 97 |57 45 61 95 63 54 69 68 67 ||39 81 |22 |77 44 |36 28 52 4 74 2 |1 |100 60 71 64 78 85 |20 29 96 |27 40 18 87 6 41 8 |25 11 |92 35 |23 30 31 72 |10 3 |99 |66 |50 94 79 65 73 |34 |
6161.34 153988
83 16 58 5 55 19 9 88 26 33 42 43 17 |49 80 76 84 82 38 24 62 51 48 32 89 93 47 86 |90 12 37 56 21 14 70 46 13 7 59 15 98 91 75 53 97 |57 45 61 95 63 54 69 68 67 ||100 ||60 |71 2 |64 36 78 |81 99 1 29 |79 |35 |77 39 52 74 85 |20 28 96 |27 40 18 87 6 41 8 |25 11 |92 22 |23 30 31 72 |10 3 |44 |66 |50 94 4 65 73 |34 |
6645.84 152213
83 16 58 5 55 19 9 88 26 33 42 43 17 |49 80 76 84 82 38 24 62 51 48 32 89 93 47 86 |90 12 37 56 21 14 70 46 13 7 59 15 98 91 75 53 97 |57 45 61 95 63 54 69 68 67 ||94 |50 39 |71 |41 36 78 |28 81 29 74 25 2 |52 96 |1 |65 |100 60 64 20 85 |27 40 18 87 6 8 |22 44 11 |92 35 |23 30 31 72 |10 3 |77 99 |66 |4 79 73 |34 |
7049.02 151654
83 16 58 5 55 19 9 88 26 33 42 43 17 |49 80 76 84 82 38 24 62 51 48 32 89 93 47 86 |90 12 37 56 21 14 70 46 13 7 59 15 98 91 75 53 97 |57 45 61 95 63 54 69 68 67 ||39 81 |22 |77 44 |36 71 |99 1 |29 |79 |35 |27 74 72 20 66 |25 52 |96 |30 31 18 |11 65 87 64 4 2 85 |23 28 100 8 |60 78 40 |3 50 6 41 |10 92 |94 34 |73 
7213.03 151203
83 16 58 5 55 19 9 88 26 33 42 43 17 |49 80 76 84 82 38 24 62 51 48 32 89 93 47 86 |90 12 37 56 21 14 70 46 13 7 59 15 98 91 75 53 97 |57 45 61 95 63 54 69 68 67 ||100 ||60 |71 2 |64 36 78 |20 81 29 74 |85 52 96 |39 22 77 44 28 41 |4 92 |1 35 |31 87 25 |79 |72 18 40 23 30 6 |27 |10 3 |8 |99 |66 |50 94 11 65 73 |34 |
7292.26 149129
83 16 58 5 55 19 9 88 26 33 42 43 17 |49 80 76 84 82 38 24 62 51 48 32 89 93 47 86 |90 12 37 56 21 14 70 46 13 7 59 15 98 91 75 53 97 |57 45 61 95 63 54 69 68 67 ||100 ||60 |71 2 |64 36 78 |20 81 29 74 |85 52 96 |39 22 77 44 28 41 |92 |1 35 8 |11 |31 87 25 |79 |72 18 40 23 30 6 |27 |10 3 |99 |66 4 |50 94 |65 73 |34 |
7695.85 146921
68 21 37 56 69 12 90 84 82 38 51 67 |49 80 76 24 62 16 58 5 19 55 93 32 48 86 |89 9 45 57 42 33 26 88 43 47 17 |83 98 15 61 95 63 14 70 46 13 7 59 54 91 75 53 97 ||3 |99 34 |66 18 29 |64 6 22 60 |73 |79 |72 77 44 28 52 |4 94 96 |1 |85 |31 |27 40 50 87 41 |25 11 |23 92 35 |39 30 71 8 100 65 |2 20 |74 |81 36 |78 10 |
8339.02 146439
83 16 58 5 55 19 9 88 26 33 42 43 17 |49 80 76 84 82 38 24 62 51 48 32 89 93 47 86 |90 12 37 56 21 14 70 46 13 7 59 15 98 91 75 53 97 |57 45 61 95 63 54 69 68 67 ||39 81 |22 |77 44 |2 |41 36 78 |28 94 29 74 25 |52 96 |1 |20 |11 |31 87 64 |50 |60 |35 |40 |18 27 8 |72 23 92 |30 6 |10 3 |85 |4 71 |66 |99 |65 |100 79 |73 |34 |
9139.56 142815

Time:2
Last Iter:10
Last Update:10
Tabu:0
Last Time2
12
18 84 38 51 92 24 62 16 58 5 55 89 32 48 |69 21 56 37 49 80 76 90 12 82 68 67 83 86 |95 14 70 13 46 63 7 59 54 98 43 47 17 |93 19 9 88 26 33 42 57 45 61 15 91 75 53 97 ||4 |41 44 77 |1 60 11 6 52 22 36 |99 8 |25 30 28 40 |27 94 34 3 |50 85 100 35 96 87 31 |29 39 64 78 |10 20 23 81 79 2 74 65 73 |71 72 66 
5591.67 165569
89 76 80 49 54 59 7 13 46 63 30 15 98 91 75 |21 14 70 95 61 45 57 41 42 33 26 43 47 17 |51 62 24 38 82 84 94 90 12 37 56 69 68 53 97 |67 83 5 16 58 19 55 9 96 88 93 32 48 86 ||10 |65 |1 |22 |3 27 |4 20 8 50 |29 39 66 72 99 |78 |71 23 |79 40 52 6 64 |34 100 ||35 |60 74 77 87 |11 18 |92 81 |85 73 2 |31 36 |28 44 25 
6330.38 161304
68 97 53 69 14 70 13 7 59 54 91 43 88 47 |93 9 26 33 42 57 45 61 95 63 15 98 17 |75 46 21 56 37 12 90 49 80 76 84 82 67 83 86 |58 16 62 24 38 51 19 55 5 89 32 48 ||85 50 30 64 |100 99 |1 |77 22 25 11 60 65 74 29 23 |94 79 |34 73 27 8 3 |35 87 39 |96 44 6 28 71 31 |72 18 66 10 40 |92 |2 81 20 4 52 |36 41 78 |
6760.95 161054
17 95 63 46 13 70 14 21 56 37 12 69 |47 43 42 9 55 5 58 16 62 24 51 38 83 67 86 |48 32 19 89 93 88 26 33 57 45 61 15 98 91 |90 49 80 76 82 84 68 7 59 54 75 53 97 ||22 |85 |52 |87 18 72 66 |2 99 3 34 11 92 1 |8 |23 71 78 77 96 73 65 |40 79 27 |36 28 50 |6 31 20 |4 39 30 64 41 25 60 |74 29 81 10 |100 94 |44 35 
7404.7 158568
42 33 26 88 9 5 58 16 62 24 51 38 83 86 |61 95 14 70 13 46 63 59 54 91 15 98 17 47 |43 7 21 56 76 80 49 90 12 37 69 75 53 97 |45 57 93 19 55 89 32 48 67 82 84 68 ||1 60 |77 11 73 8 |4 |50 2 39 |72 30 36 |99 92 6 |79 23 |28 |65 85 41 |74 |34 3 35 22 |52 18 66 |100 ||29 |64 87 78 96 |31 |20 |10 44 |27 71 |81 25 94 40 
7511.02 157807
57 45 98 15 70 14 21 56 69 68 |42 33 26 9 88 43 61 95 63 46 13 7 59 54 91 75 53 97 |76 80 49 90 37 12 84 48 32 93 47 17 |16 58 19 55 89 5 62 24 51 38 82 67 83 86 ||3 60 8 92 |79 23 |30 |50 |87 31 64 28 78 41 96 74 |20 |100 35 |2 34 1 |22 77 |52 18 72 39 66 4 |11 73 65 85 |29 10 |44 |99 6 |27 |81 71 94 40 25 |36 
8129.04 153910
68 97 53 69 14 70 13 7 59 54 91 43 88 47 |93 9 26 33 42 57 45 61 95 63 15 98 17 |75 46 21 56 37 12 90 49 80 76 84 82 67 83 86 |58 16 62 24 38 51 19 55 5 89 32 48 ||100 35 |85 |66 2 |22 |27 |20 |23 94 99 3 73 8 |28 50 29 92 |52 87 34 11 1 |39 |79 |65 41 |74 |77 40 |36 78 |6 31 18 |30 |64 72 96 60 |81 |44 25 71 |4 10 |
8733.99 151628
68 97 53 69 14 70 13 7 59 54 91 43 88 47 |93 9 26 33 42 57 45 61 95 63 15 98 17 |75 46 21 56 37 12 90 49 80 76 84 82 67 83 86 |58 16 62 24 38 51 19 55 5 89 32 48 ||35 |85 |8 34 |65 79 4 22 |72 |3 94 74 23 |20 |52 30 31 |73 |71 |27 100 99 |50 |6 39 |44 28 1 77 87 |11 |64 92 96 |60 |18 66 40 |25 |29 10 |2 81 |36 41 78 |
9254.43 149027
9 26 33 42 57 45 61 95 63 46 13 7 59 54 91 75 |14 70 21 56 37 12 82 67 48 17 |15 98 69 90 49 80 76 84 68 53 97 |43 88 47 93 32 89 55 19 5 58 16 62 24 51 38 83 86 ||1 29 |44 |25 |39 10 79 2 8 |77 6 64 36 |94 23 4 71 |41 96 |74 |34 3 100 35 22 |52 18 66 |65 85 50 99 11 60 73 |20 |92 |72 40 27 |31 87 30 |28 |81 78 
9354.2 148380
68 97 53 69 14 70 13 7 59 54 91 43 88 47 |93 9 26 33 42 57 45 61 95 63 15 98 17 |75 46 21 56 37 12 90 49 80 76 84 82 67 83 86 |58 16 62 24 38 51 19 55 5 89 32 48 ||35 |100 85 |71 6 64 |2 4 22 99 |34 72 |1 94 |79 |20 |30 31 |73 96 |87 41 3 |23 |65 |66 74 |28 52 27 40 |77 78 |29 |39 50 |11 |60 81 |92 18 8 |44 25 |10 36 |
10197.9 146579
68 97 53 69 14 70 13 7 59 54 91 43 88 47 |93 9 26 33 42 57 45 61 95 63 15 98 17 |75 46 21 56 37 12 90 49 80 76 84 82 67 83 86 |58 16 62 24 38 51 19 55 5 89 32 48 ||35 |23 85 |71 6 64 65 |4 22 60 |34 72 |79 94 74 |39 20 10 |52 30 31 |73 96 |3 |40 66 44 87 41 78 28 |27 99 |11 18 |92 81 |8 1 |100 ||29 50 |2 |36 77 25 |
11525.6 144828
68 97 53 69 14 70 13 7 59 54 91 43 88 47 |93 9 26 33 42 57 45 61 95 63 15 98 17 |75 46 21 56 37 12 90 49 80 76 84 82 67 83 86 |58 16 62 24 38 51 19 55 5 89 32 48 ||35 |23 85 |71 6 64 65 |4 22 60 |34 72 |79 94 74 |39 20 10 |52 30 31 |73 96 40 |28 |8 41 |77 |50 3 100 ||92 18 |66 |99 |1 2 |11 87 |36 |27 81 |44 25 29 |78 |
12238.8 143903

Time:2
Last Iter:10
Last Update:10
Tabu:0
Last Time2
9
14 70 13 59 21 56 37 12 27 94 69 53 17 |47 33 57 45 61 95 63 46 54 91 75 68 97 |7 15 98 43 42 26 88 9 93 19 55 89 32 48 83 67 86 |16 58 5 62 92 24 51 38 3 76 80 49 90 82 84 34 ||81 |85 11 25 100 79 66 |28 |20 23 29 39 30 6 96 73 |1 |31 71 64 72 2 65 8 |22 35 |74 50 40 4 10 18 52 87 |99 60 77 36 44 41 78 
5771.02 194824
71 17 38 51 24 62 16 58 5 55 89 32 48 73 |49 80 76 90 12 37 56 21 69 27 68 67 83 86 |82 84 81 14 70 59 54 91 15 98 43 88 93 47 |19 9 26 33 42 57 45 61 95 63 46 13 7 40 75 53 97 ||25 |34 |28 11 35 |30 92 |74 85 8 99 65 60 |96 |52 87 6 77 1 100 3 |18 10 |64 78 41 44 36 22 31 72 66 |23 20 50 94 79 39 4 29 2 
5775.53 184001
89 43 61 95 63 46 14 70 13 7 59 54 91 75 53 50 |42 57 45 15 98 69 21 56 37 12 68 97 |62 24 76 80 49 90 84 82 38 51 67 83 86 |17 47 88 33 26 9 93 55 19 16 58 5 32 48 ||10 30 |74 72 64 |99 100 3 35 25 6 |20 79 |92 34 27 94 40 23 2 |60 4 29 81 96 |41 |8 85 65 11 22 77 36 31 |1 73 |87 52 71 78 44 |28 |39 66 18 
5972.89 161997
21 14 70 95 63 46 13 7 59 54 91 15 98 17 |43 69 56 37 12 90 49 80 76 82 84 68 53 97 |61 45 57 42 33 26 88 9 89 24 62 51 38 83 67 86 |75 16 58 19 55 5 48 32 93 47 ||60 |29 40 |3 34 99 |6 30 39 66 100 ||35 |23 27 22 36 |87 44 71 |31 4 94 85 65 11 77 |79 81 20 10 72 18 52 74 2 50 |8 1 96 28 64 |73 25 41 78 92 |
7519.93 160033
21 14 70 95 63 46 13 7 59 54 91 15 98 17 |43 69 56 37 12 90 49 80 76 82 84 68 53 97 |61 45 57 42 33 26 88 9 89 24 62 51 38 83 67 86 |75 16 58 19 55 5 48 32 93 47 ||94 81 |41 |87 |3 30 99 100 73 |52 6 74 92 |27 |34 85 11 25 66 |28 |20 23 29 96 |1 |31 71 64 72 2 65 8 |22 35 |39 79 50 40 |44 78 36 60 |77 18 10 4 
7564.95 153835
21 14 70 95 63 46 13 7 59 54 91 15 98 17 |43 69 56 37 12 90 49 80 76 82 84 68 53 97 |61 45 57 42 33 26 88 9 89 24 62 51 38 83 67 86 |75 16 58 19 55 5 48 32 93 47 ||60 |29 |3 34 99 |6 22 30 39 66 100 ||35 78 |23 27 |36 |44 92 1 87 2 |18 |20 |96 74 31 85 |81 41 77 94 8 |25 65 |73 11 |50 4 |52 71 |28 |72 |40 10 79 64 
7883.44 151210
47 93 16 58 19 55 5 32 48 75 |21 14 70 95 63 46 13 7 59 54 91 15 98 17 |43 69 56 37 12 90 49 80 76 82 84 68 53 97 |61 45 57 42 33 26 88 9 89 24 62 51 38 83 67 86 ||60 |40 |3 34 99 |6 30 81 |96 78 64 20 10 29 |18 66 39 23 |4 2 27 22 36 |87 44 92 1 |65 100 ||35 |71 74 31 85 |52 41 77 8 |25 73 11 |50 |28 72 |94 79 
8120.42 149455
21 14 70 95 63 46 13 7 59 54 91 15 98 17 |43 69 56 37 12 90 49 80 76 82 84 68 53 97 |61 45 57 42 33 26 88 9 89 24 62 51 38 83 67 86 |75 16 58 19 55 5 48 32 93 47 ||18 |22 |94 8 100 1 |23 |29 81 20 |2 27 65 11 |87 41 36 |71 |6 |72 64 28 78 96 60 |34 |44 99 10 74 |40 77 |35 73 |30 52 |92 |66 |25 85 |50 |39 79 |4 |3 31 
8640.8 142218
21 14 70 95 63 46 13 7 59 54 91 15 98 17 |43 69 56 37 12 90 49 80 76 82 84 68 53 97 |61 45 57 42 33 26 88 9 89 24 62 51 38 83 67 86 |75 16 58 19 55 5 48 32 93 47 ||18 60 |29 |3 |94 8 100 1 |23 |81 20 |2 27 65 11 |87 41 36 |71 |6 |72 64 28 78 96 |34 |44 99 10 74 |40 77 |35 73 |30 52 |92 |66 |25 85 |50 |39 79 |4 |22 31 
9280.69 141251

Time:2
Last Iter:10
Last Update:10
Tabu:0
Last Time2
8
93 9 88 26 33 42 28 57 45 64 43 47 17 |69 21 14 70 61 95 63 46 13 7 59 54 15 98 91 75 |12 38 51 24 62 16 58 19 55 5 89 32 48 86 |56 37 49 80 76 90 84 82 83 67 68 53 97 ||81 39 18 31 |6 44 66 20 |25 |29 94 11 |27 34 65 60 87 71 72 |4 |23 10 |99 |100 3 35 77 41 52 74 |30 |22 96 36 73 8 92 1 85 |50 2 79 |40 78 
5893.13 155501
93 9 88 26 33 42 28 57 45 64 43 47 17 |69 21 14 70 61 95 63 46 13 7 59 54 15 98 91 75 |12 38 51 24 62 16 58 19 55 5 89 32 48 86 |56 37 49 80 76 90 84 82 83 67 68 53 97 ||81 39 18 31 |6 44 66 20 |11 |25 29 94 |74 |65 27 34 87 71 72 |60 4 23 10 |100 3 35 77 41 52 |99 30 |22 96 36 |73 8 92 1 85 |50 |2 79 |40 78 
6363.68 150963
93 9 88 26 33 42 28 57 45 64 43 47 17 |69 21 14 70 61 95 63 46 13 7 59 54 15 98 91 75 |12 38 51 24 62 16 58 19 55 5 89 32 48 86 |56 37 49 80 76 90 84 82 83 67 68 53 97 ||81 39 18 100 ||4 66 31 44 |25 |11 77 29 |94 |74 27 79 72 87 71 |1 6 |23 10 20 52 34 |99 |3 65 |35 30 60 |50 |22 8 |96 36 73 92 85 |41 2 |40 78 
6848.3 149729
93 9 88 26 33 42 28 57 45 64 43 47 17 |69 21 14 70 61 95 63 46 13 7 59 54 15 98 91 75 |12 38 51 24 62 16 58 19 55 5 89 32 48 86 |56 37 49 80 76 90 84 82 83 67 68 53 97 ||81 39 |31 44 6 66 20 |11 25 |29 |94 |18 |74 |65 27 34 87 71 |60 4 23 |10 |52 |3 92 35 77 100 ||99 30 50 79 |36 |22 96 |73 8 |1 85 |41 2 72 40 |78 
6922.08 147564
93 9 88 26 33 42 28 57 45 64 43 47 17 |69 21 14 70 61 95 63 46 13 7 59 54 15 98 91 75 |12 38 51 24 62 16 58 19 55 5 89 32 48 86 |56 37 49 80 76 90 84 82 83 67 68 53 97 ||81 39 18 31 100 ||44 20 6 |66 |29 11 77 |71 |74 |34 87 27 |78 22 99 72 |94 |4 |3 65 35 73 |52 23 10 |25 |60 |41 |50 |30 |8 96 |36 |79 92 |1 |2 |40 85 
7133.23 143778
93 9 88 26 33 42 28 57 45 64 43 47 17 |69 21 14 70 61 95 63 46 13 7 59 54 15 98 91 75 |12 38 51 24 62 16 58 19 55 5 89 32 48 86 |56 37 49 80 76 90 84 82 83 67 68 53 97 ||81 39 18 100 ||4 44 20 |66 6 |29 11 77 |71 |74 |34 87 27 |78 22 99 72 |94 |31 |3 65 35 73 |52 23 10 |25 |60 |41 |50 |30 |8 96 |36 |79 92 |1 |2 |40 85 
7534.6 143678
93 9 88 26 33 42 28 57 45 64 43 47 17 |69 21 14 70 61 95 63 46 13 7 59 54 15 98 91 75 |12 38 51 24 62 16 58 19 55 5 89 32 48 86 |56 37 49 80 76 90 84 82 83 67 68 53 97 ||81 39 18 31 |6 44 66 20 |11 |25 29 94 |71 |74 |34 87 27 |78 22 99 72 |77 |4 |3 65 35 73 |52 23 10 |100 ||60 |41 |50 |30 8 96 |36 |79 92 |1 |2 |40 85 
8297.02 142827
93 9 88 26 33 42 28 57 45 64 43 47 17 |69 21 14 70 61 95 63 46 13 7 59 54 15 98 91 75 |12 38 51 24 62 16 58 19 55 5 89 32 48 86 |56 37 49 80 76 90 84 82 83 67 68 53 97 ||81 39 18 4 6 |44 66 31 |25 |11 94 |29 |20 |71 |27 |72 |60 |22 |52 |92 77 96 |87 35 |40 99 |41 73 65 |36 |1 50 100 ||10 |30 2 34 3 |23 |78 |74 8 |79 |85 
8851.98 138791

Time:2
Last Iter:10
Last Update:10
Tabu:0
Last Time2
11
83 67 69 56 21 7 46 95 45 43 86 |48 32 16 58 19 55 89 5 62 24 51 38 82 84 68 |70 61 57 42 33 26 88 9 93 47 17 53 97 |76 80 49 90 12 37 14 13 63 59 54 15 98 91 75 ||20 50 25 39 66 11 73 |6 1 8 99 100 34 |23 4 10 72 52 60 |28 |2 85 27 94 3 |78 41 44 36 22 65 92 |18 64 |87 71 31 30 29 40 81 79 74 |77 96 35 
5714.65 184685
57 28 42 32 89 5 58 16 35 62 24 51 38 83 67 |84 82 76 80 49 90 12 37 56 21 69 68 17 |48 55 19 9 93 47 43 98 15 63 91 75 97 |88 26 33 45 61 95 46 14 70 13 7 59 54 53 86 ||72 |92 |94 |20 10 79 27 85 73 |78 |41 44 64 71 30 25 50 |4 23 |60 |74 2 29 81 65 11 77 96 |8 3 40 39 52 87 6 |31 18 66 34 99 100 1 |22 36 
6057.02 173774
19 16 58 5 55 89 32 93 9 88 47 |91 54 59 7 13 46 63 95 61 45 57 42 33 26 43 15 98 17 |49 80 76 90 37 56 69 68 75 53 97 |70 14 21 12 84 82 38 24 62 51 67 83 48 86 ||39 10 |100 ||77 52 31 |25 96 36 28 6 72 |1 |94 27 79 20 29 74 85 99 3 |30 18 44 41 |66 4 23 2 50 73 60 22 87 |92 35 64 |81 40 34 8 65 11 71 |78 |
6127.79 166951
68 32 5 89 93 88 47 91 15 98 17 |43 26 9 55 19 58 16 62 24 51 38 83 48 86 |76 80 49 69 21 56 37 12 90 84 82 67 |33 42 57 45 61 95 63 46 14 70 13 7 59 54 75 53 97 ||27 |35 |1 11 25 65 74 8 100 ||18 31 71 41 10 |20 81 40 2 34 73 77 |52 64 28 |92 3 99 85 50 94 79 23 72 |66 |96 60 36 44 78 39 |4 30 29 6 |87 22 |
6333.07 165806
32 83 67 49 80 76 90 12 82 84 68 53 97 |9 93 89 55 19 5 58 16 35 62 24 38 51 48 86 |37 56 69 21 14 70 46 13 7 59 54 98 91 75 |15 63 95 61 45 57 42 33 26 88 43 47 17 ||100 ||28 96 34 |64 |78 6 60 71 31 |94 27 20 29 85 99 3 |30 18 44 41 |66 4 23 50 73 8 2 74 |72 40 79 10 |87 92 |36 77 |25 39 52 1 11 |22 |65 81 |
6569.81 149326
32 83 67 49 80 76 90 12 82 84 68 53 97 |9 93 89 55 19 5 58 16 35 62 24 38 51 48 86 |37 56 69 21 14 70 46 13 7 59 54 98 91 75 |15 63 95 61 45 57 42 33 26 88 43 47 17 ||94 27 34 |100 ||28 96 |64 |78 6 60 71 31 |20 29 85 99 3 |30 18 44 41 |66 4 23 50 73 8 2 74 |72 40 79 10 |87 92 |36 77 |25 39 52 1 11 |22 |65 81 |
6868.66 145268
43 88 26 33 42 57 45 63 95 61 15 17 |32 83 67 49 80 76 90 12 82 84 68 53 97 |47 9 93 89 55 19 5 58 16 62 24 38 51 48 86 |37 56 69 21 14 70 46 13 7 59 54 98 91 75 ||94 27 34 |100 ||28 96 |64 |78 6 60 |10 79 2 8 |20 29 85 99 3 |30 18 44 41 |35 71 31 |66 4 23 50 73 74 |72 40 |87 92 |36 77 |25 39 52 1 11 |22 |65 81 |
7429.24 145082
76 80 49 90 12 37 69 56 21 7 59 54 91 75 53 97 |45 57 42 58 16 62 24 51 38 82 84 68 |14 70 13 46 63 95 61 15 98 17 83 67 |33 26 9 88 43 47 93 19 55 5 89 32 48 86 ||30 31 |34 |66 20 29 |92 85 60 77 |4 81 23 10 18 |8 99 |2 |3 |27 |96 73 35 52 |71 94 |6 |78 |41 50 |36 79 74 |72 40 1 |11 22 87 28 44 |100 ||25 |64 |39 65 
7811.58 144848
76 80 49 90 12 37 69 56 21 7 59 54 91 75 53 97 |45 57 42 58 16 62 24 51 38 82 84 68 |14 70 13 46 63 95 61 15 98 17 83 67 |33 26 9 88 43 47 93 19 55 5 89 32 48 86 ||30 31 |29 |66 20 |22 |77 36 60 4 23 |10 2 79 |99 11 71 |78 |27 |96 |73 35 34 94 |81 |72 39 40 |65 |8 |25 |74 85 |100 3 92 1 |52 |6 44 |87 28 50 |64 |41 18 
8043.95 143559
76 80 49 90 12 37 69 56 21 7 59 54 91 75 53 97 |45 57 42 58 16 62 24 51 38 82 84 68 |14 70 13 46 63 95 61 15 98 17 83 67 |33 26 9 88 43 47 93 19 55 5 89 32 48 86 ||31 11 1 72 |20 29 |92 85 96 77 |4 81 |10 79 |8 99 |23 |2 |3 |27 78 |60 73 35 34 94 |71 |6 |66 |41 50 |36 |40 |74 |30 |52 |22 |28 44 87 |25 |100 ||64 |18 39 65 
8711.92 141193
32 83 67 49 80 76 90 12 82 84 68 53 97 |9 93 89 55 19 5 58 16 35 62 24 38 51 48 86 |37 56 69 21 14 70 46 13 7 59 54 98 91 75 |15 63 95 61 45 57 42 33 26 88 43 47 17 ||29 94 |44 |92 10 34 |20 6 87 71 64 |96 8 66 |4 |28 22 |3 41 |78 60 11 50 |52 |23 85 |2 81 30 |31 |77 |1 99 79 40 |39 |36 100 ||72 |27 |65 25 74 |73 18 |
9057.73 137998

Time:1
Last Iter:10
Last Update:10
Tabu:0
Last Time1
8
95 46 13 70 14 10 20 21 56 81 69 68 53 97 |47 93 77 26 33 42 78 57 45 63 61 71 31 18 15 98 |48 32 89 92 76 80 49 90 12 37 7 59 54 91 75 |17 43 88 9 55 19 5 58 16 62 24 51 38 82 84 67 83 86 ||72 |27 40 |52 99 35 |41 |28 |44 6 |36 87 64 22 11 73 |66 |23 79 74 65 8 |96 |29 4 39 30 50 85 100 34 |1 60 25 94 3 2 
5447.45 180753
6 22 88 36 33 26 9 19 5 1 32 48 86 |95 61 45 57 42 43 51 38 83 67 68 97 53 75 |21 90 49 80 76 24 16 58 55 89 93 47 |62 82 84 12 37 56 69 14 70 13 46 63 7 59 54 91 15 98 17 ||71 |29 81 94 |92 |52 27 20 99 |100 ||78 25 73 65 85 34 |35 |41 44 87 |31 72 4 10 50 8 3 |2 77 96 74 |23 40 66 64 |79 |11 60 30 |39 28 18 
6478.9 180673
27 48 93 9 33 42 28 57 45 61 15 98 17 |43 26 88 47 95 63 14 70 46 13 7 59 54 91 75 |80 32 89 55 19 5 58 16 62 24 51 38 83 67 86 |69 21 56 37 12 90 49 76 82 84 68 53 97 ||78 |6 10 |20 |44 4 29 11 85 |36 87 64 22 73 72 |66 30 71 |40 23 79 1 |92 60 3 96 77 |99 8 34 100 ||74 65 25 94 39 2 |18 31 81 50 35 |52 41 |
6670.34 167242
49 80 76 90 12 37 84 82 51 32 48 86 |70 59 47 93 89 55 19 5 58 16 62 24 38 83 67 |7 45 57 42 33 26 9 88 43 15 98 17 |68 69 56 21 14 13 46 63 95 61 54 91 75 53 97 ||65 |35 96 |66 |18 |10 39 |30 |2 22 |99 |79 23 40 27 50 20 |44 6 36 87 64 73 |28 72 |4 |3 |85 11 1 92 |78 94 8 |34 29 |77 |81 41 31 71 |25 |100 ||60 74 |52 
6970.16 153737
49 80 76 90 12 37 84 82 51 32 48 86 |70 59 47 93 89 55 19 5 58 16 62 24 38 83 67 |7 45 57 42 33 26 9 88 43 15 98 17 |68 69 56 21 14 13 46 63 95 61 54 91 75 53 97 ||96 |20 |10 |44 6 |36 87 64 22 |73 |66 |27 40 23 79 35 65 |28 72 |18 |39 4 |30 |3 |85 |1 92 |34 94 11 |29 |78 |77 |81 |31 71 8 99 |41 2 25 |100 ||60 50 74 |52 
7658.4 148268
80 24 5 55 58 16 62 51 38 83 67 86 |69 21 56 37 12 90 49 76 82 84 68 53 97 |9 19 89 47 43 17 54 59 7 63 95 15 98 91 75 |14 70 13 46 61 45 57 42 33 26 88 93 32 48 ||78 |50 |10 |44 6 |36 87 64 22 |73 |66 |11 |92 |1 |23 40 27 |35 65 |28 |8 |20 72 30 |94 79 4 18 74 60 |29 |39 |2 99 100 ||34 |85 |3 25 |31 71 81 |52 41 |96 77 |
7773.15 147895
49 80 76 90 12 37 84 82 51 32 48 86 |70 59 47 93 89 55 19 5 58 16 62 24 38 83 67 |7 45 57 42 33 26 9 88 43 15 98 17 |68 69 56 21 14 13 46 63 95 61 54 91 75 53 97 ||78 |20 |10 |44 6 |36 87 64 22 11 73 |66 |40 23 79 35 65 |72 27 |39 18 |4 |85 |1 2 |34 94 |29 |8 28 96 |77 3 99 |92 |81 |41 31 71 |25 |100 ||60 50 74 |52 30 
7961.97 147459
49 80 76 90 12 37 84 82 51 32 48 86 |70 59 47 93 89 55 19 5 58 16 62 24 38 83 67 |7 45 57 42 33 26 9 88 43 15 98 17 |68 69 56 21 14 13 46 63 95 61 54 91 75 53 97 ||96 |20 |10 |44 6 |36 87 22 |66 73 23 |100 ||34 94 |18 |40 |50 65 |28 31 64 8 |35 |78 |30 |29 4 |39 92 2 99 |1 27 85 |41 77 |25 79 81 |71 |72 |11 |3 60 |74 |52 
8807.68 147269

Time:2
Last Iter:10
Last Update:10
Tabu:0
Last Time2
9
34 94 2 67 35 16 58 5 19 55 89 32 93 47 17 |37 12 90 49 80 76 84 82 3 24 62 38 51 83 48 86 |61 95 63 46 13 70 14 20 23 21 79 56 69 68 97 |45 57 42 33 26 9 88 43 98 15 59 7 54 91 75 53 ||8 25 |11 |39 4 40 |27 99 73 60 44 28 64 |22 36 31 66 10 81 74 50 85 |100 ||96 41 78 6 72 29 65 |1 92 |18 30 71 52 87 77 
5401.08 175987
68 84 82 38 16 58 5 19 55 89 93 88 47 86 |45 57 42 33 26 9 32 62 24 51 83 67 |21 14 70 13 46 63 95 61 43 17 48 |76 80 49 90 12 37 56 69 7 59 54 15 98 91 75 53 97 ||65 |94 10 |22 85 |23 20 4 39 66 72 31 52 25 73 |40 81 27 34 3 2 |79 30 71 28 44 36 96 |78 77 1 35 |29 |99 100 92 |18 87 64 |11 60 8 50 74 6 |41 |
6526.29 156665
68 84 82 38 16 58 5 19 55 89 93 88 47 86 |45 57 42 33 26 9 32 62 24 51 83 67 |21 14 70 13 46 63 95 61 43 17 48 |76 80 49 90 12 37 56 69 7 59 54 15 98 91 75 53 97 ||71 |22 |1 77 25 |8 72 30 52 64 |66 44 |20 23 10 |28 |41 6 87 31 39 40 |78 |92 35 2 27 |50 18 29 |4 81 74 85 65 11 73 60 96 |99 3 34 36 |79 100 ||94 
6891.64 156285
9 26 33 42 57 45 61 15 98 7 59 54 91 75 |95 63 46 13 70 14 21 56 69 68 53 97 |37 48 32 5 19 55 89 93 88 43 47 17 86 |58 16 62 24 76 80 49 90 12 84 82 38 51 83 67 ||96 77 |22 27 |23 |3 1 |31 6 40 2 4 39 |74 81 |60 11 73 100 52 30 66 50 |72 36 |94 |25 |44 |99 |92 79 65 |64 35 |34 29 18 71 |8 |20 87 |28 |85 78 10 |41 
7252.81 149617
9 26 33 42 57 45 61 15 98 7 59 54 91 75 |95 63 46 13 70 14 21 56 69 68 53 97 |37 48 32 5 19 55 89 93 88 43 47 17 86 |58 16 62 24 76 80 49 90 12 84 82 38 51 83 67 ||28 |22 |60 |4 73 |11 |66 |96 30 36 |81 27 |77 52 |2 79 |72 99 94 50 29 |41 44 |23 |78 74 6 65 |64 40 85 |8 25 18 39 20 |92 34 |71 |35 |1 87 |10 31 |3 100 |
7373.96 141717
9 26 33 42 57 45 61 15 98 7 59 54 91 75 |95 63 46 13 70 14 21 56 69 68 53 97 |37 48 32 5 19 55 89 93 88 43 47 17 86 |58 16 62 24 76 80 49 90 12 84 82 38 51 83 67 ||1 4 |22 60 |11 73 27 |100 ||96 52 30 |77 66 |81 |34 72 29 |99 |94 28 44 50 |3 |87 64 |2 |36 |92 |23 |65 78 6 |41 |74 |8 18 85 40 |25 |35 71 |20 31 39 |10 79 
7400.56 140393
9 26 33 42 57 45 61 15 98 7 59 54 91 75 |95 63 46 13 70 14 21 56 69 68 53 97 |37 48 32 5 19 55 89 93 88 43 47 17 86 |58 16 62 24 76 80 49 90 12 84 82 38 51 83 67 ||28 |22 |60 29 4 73 |11 |66 |96 |36 30 |27 |77 74 81 |2 79 |72 87 94 50 25 |41 44 52 |23 |99 6 78 |64 40 85 |8 |18 39 65 |20 34 |71 |35 |92 |1 |10 31 |3 100 |
7798.17 139169
9 26 33 42 57 45 61 15 98 7 59 54 91 75 |95 63 46 13 70 14 21 56 69 68 53 97 |37 48 32 5 19 55 89 93 88 43 47 17 86 |58 16 62 24 76 80 49 90 12 84 82 38 51 83 67 ||96 77 22 |36 |6 73 |100 27 |3 1 |52 30 4 |81 |50 |66 72 |94 |25 |44 |99 |92 11 |78 |74 |23 79 65 2 |64 35 |71 |41 31 18 34 |40 29 |10 60 |39 |20 87 28 |85 8 
8227.49 136256
9 26 33 42 57 45 61 15 98 7 59 54 91 75 |95 63 46 13 70 14 21 56 69 68 53 97 |37 48 32 5 19 55 89 93 88 43 47 17 86 |58 16 62 24 76 80 49 90 12 84 82 38 51 83 67 ||96 77 22 |36 |6 73 |100 27 |3 1 |52 30 4 |81 |50 |66 72 |94 |25 |44 |99 |92 11 |78 |74 |23 79 65 2 |64 35 |71 |87 60 |34 8 85 31 |20 39 |18 40 |28 10 29 |41 
8573.04 135910

Time:0
Last Iter:10
Last Update:10
Tabu:0
Last Time0
9
34 94 2 67 35 16 58 5 19 55 89 32 93 47 17 |37 12 90 49 80 76 84 82 3 24 62 38 51 83 48 86 |61 95 63 46 13 70 14 20 23 21 79 56 69 68 97 |45 57 42 33 26 9 88 43 98 15 59 7 54 91 75 53 ||8 25 |11 |39 4 40 |27 99 73 60 44 28 64 |22 36 31 66 10 81 74 50 85 |100 ||96 41 78 6 72 29 65 |1 92 |18 30 71 52 87 77 
5401.08 175987
68 84 82 38 16 58 5 19 55 89 93 88 47 86 |45 57 42 33 26 9 32 62 24 51 83 67 |21 14 70 13 46 63 95 61 43 17 48 |76 80 49 90 12 37 56 69 7 59 54 15 98 91 75 53 97 ||65 |94 10 |22 85 |23 20 4 39 66 72 31 52 25 73 |40 81 27 34 3 2 |79 30 71 28 44 36 96 |78 77 1 35 |29 |99 100 92 |18 87 64 |11 60 8 50 74 6 |41 |
6526.29 156665
68 84 82 38 16 58 5 19 55 89 93 88 47 86 |45 57 42 33 26 9 32 62 24 51 83 67 |21 14 70 13 46 63 95 61 43 17 48 |76 80 49 90 12 37 56 69 7 59 54 15 98 91 75 53 97 ||71 |22 |1 77 25 |8 72 30 52 64 |66 44 |20 23 10 |28 |41 6 87 31 39 40 |78 |92 35 2 27 |50 18 29 |4 81 74 85 65 11 73 60 96 |99 3 34 36 |79 100 ||94 
6891.64 156285
9 26 33 42 57 45 61 15 98 7 59 54 91 75 |95 63 46 13 70 14 21 56 69 68 53 97 |37 48 32 5 19 55 89 93 88 43 47 17 86 |58 16 62 24 76 80 49 90 12 84 82 38 51 83 67 ||96 77 |22 27 |23 |3 1 |31 6 40 2 4 39 |74 81 |60 11 73 100 52 30 66 50 |72 36 |94 |25 |44 |99 |92 79 65 |64 35 |34 29 18 71 |8 |20 87 |28 |85 78 10 |41 
7252.81 149617
9 26 33 42 57 45 61 15 98 7 59 54 91 75 |95 63 46 13 70 14 21 56 69 68 53 97 |37 48 32 5 19 55 89 93 88 43 47 17 86 |58 16 62 24 76 80 49 90 12 84 82 38 51 83 67 ||28 |22 |60 |4 73 |11 |66 |96 30 36 |81 27 |77 52 |2 79 |72 99 94 50 29 |41 44 |23 |78 74 6 65 |64 40 85 |8 25 18 39 20 |92 34 |71 |35 |1 87 |10 31 |3 100 |
7373.96 141717
9 26 33 42 57 45 61 15 98 7 59 54 91 75 |95 63 46 13 70 14 21 56 69 68 53 97 |37 48 32 5 19 55 89 93 88 43 47 17 86 |58 16 62 24 76 80 49 90 12 84 82 38 51 83 67 ||1 4 |22 60 |11 73 27 |100 ||96 52 30 |77 66 |81 |34 72 29 |99 |94 28 44 50 |3 |87 64 |2 |36 |92 |23 |65 78 6 |41 |74 |8 18 85 40 |25 |35 71 |20 31 39 |10 79 
7400.56 140393
9 26 33 42 57 45 61 15 98 7 59 54 91 75 |95 63 46 13 70 14 21 56 69 68 53 97 |37 48 32 5 19 55 89 93 88 43 47 17 86 |58 16 62 24 76 80 49 90 12 84 82 38 51 83 67 ||28 |22 |60 29 4 73 |11 |66 |96 |36 30 |27 |77 74 81 |2 79 |72 87 94 50 25 |41 44 52 |23 |99 6 78 |64 40 85 |8 |18 39 65 |20 34 |71 |35 |92 |1 |10 31 |3 100 |
7798.17 139169
9 26 33 42 57 45 61 15 98 7 59 54 91 75 |95 63 46 13 70 14 21 56 69 68 53 97 |37 48 32 5 19 55 89 93 88 43 47 17 86 |58 16 62 24 76 80 49 90 12 84 82 38 51 83 67 ||96 77 22 |36 |6 73 |100 27 |3 1 |52 30 4 |81 |50 |66 72 |94 |25 |44 |99 |92 11 |78 |74 |23 79 65 2 |64 35 |71 |41 31 18 34 |40 29 |10 60 |39 |20 87 28 |85 8 
8227.49 136256
9 26 33 42 57 45 61 15 98 7 59 54 91 75 |95 63 46 13 70 14 21 56 69 68 53 97 |37 48 32 5 19 55 89 93 88 43 47 17 86 |58 16 62 24 76 80 49 90 12 84 82 38 51 83 67 ||96 77 22 |36 |6 73 |100 27 |3 1 |52 30 4 |81 |50 |66 72 |94 |25 |44 |99 |92 11 |78 |74 |23 79 65 2 |64 35 |71 |87 60 |34 8 85 31 |20 39 |18 40 |28 10 29 |41 
8573.04 135910

