Time:2
Last Iter:10
Last Update:10
Tabu:0
Last Time2
14
5 8 76 90 92 80 96 87 66 9 26 84 |47 99 95 30 64 70 91 38 100 79 43 69 |73 54 15 1 88 21 18 86 55 32 23 33 11 27 31 6 |28 62 82 36 29 25 56 34 83 44 68 89 35 98 53 10 19 ||49 |22 13 |41 39 |77 46 |45 24 |58 |51 17 16 75 |97 50 57 |65 37 |61 4 42 |3 63 48 |60 94 59 71 |81 |93 2 74 85 |20 40 72 67 52 |14 12 |7 78 
13691.4 275593
95 6 76 22 64 30 81 23 33 31 43 79 69 |47 100 8 13 70 91 59 90 92 38 20 |62 61 32 28 21 88 86 55 7 49 18 1 54 98 53 10 19 |5 87 66 35 89 44 83 34 82 25 56 29 36 48 26 84 ||71 |51 |80 9 72 |73 |63 40 97 67 |16 17 4 74 |77 12 65 |39 |37 |94 50 96 |85 27 2 41 |78 42 |15 |99 |68 3 14 |60 11 75 |93 |52 46 24 |57 58 45 
14644.4 264069
62 29 79 43 69 |5 95 32 28 41 55 39 18 86 42 88 21 1 6 |99 47 54 98 19 53 10 35 89 44 83 82 34 56 36 84 |37 100 26 66 87 38 92 90 91 70 64 30 31 ||51 |74 16 |50 57 71 |59 97 |65 |93 4 17 85 |67 |72 9 46 |7 |33 23 45 58 52 |40 96 80 |13 |15 73 |61 |24 20 48 25 |8 22 |2 11 |63 68 14 |81 27 75 |49 77 |76 94 |60 12 3 |78 |
16172.7 236254
32 1 18 55 86 88 21 31 6 |64 83 82 62 34 56 29 36 87 66 38 26 84 |30 70 91 90 92 100 79 43 69 |95 28 54 5 47 44 89 35 98 53 10 19 ||3 12 |15 14 77 |37 25 72 |22 8 59 |76 |94 |17 61 11 |13 57 |46 |73 |93 |68 |23 |52 67 96 |16 51 4 41 |78 42 39 49 7 |99 |65 63 20 |60 81 33 75 |58 |74 2 |71 50 97 |80 85 |45 9 |24 48 40 |27 
16307.4 220616
32 1 18 55 86 88 21 31 6 |64 83 82 62 34 56 29 36 87 66 38 26 84 |30 70 91 90 92 100 79 43 69 |95 28 54 5 47 44 89 35 98 53 10 19 ||3 12 |15 14 77 |37 25 72 |94 22 8 |99 17 |33 11 |13 57 |46 59 |73 |93 |68 |76 |23 |52 67 96 |16 51 4 41 |78 42 39 49 7 |65 63 20 |60 81 61 |58 75 |74 2 |71 50 97 |80 85 |45 9 |24 48 40 |27 
18504.5 220548
18 10 55 86 88 21 1 6 |87 95 32 28 31 43 79 69 |47 30 64 70 91 90 92 100 38 26 84 |5 66 62 82 29 36 56 34 83 44 89 35 98 54 19 53 ||74 16 |3 77 |75 60 |76 13 8 67 20 |63 50 |78 49 7 |99 |96 80 57 59 |25 97 |58 22 85 |65 48 72 |93 2 4 17 |9 46 71 |37 |11 33 23 45 52 24 |40 |12 68 |81 |41 |73 |61 51 27 |14 15 |42 39 |94 
18663.1 218210
54 18 55 86 88 21 1 6 |87 95 32 28 31 43 79 69 |47 30 64 70 91 90 92 100 38 26 84 |5 66 62 82 29 36 56 34 83 44 89 35 98 53 10 19 ||74 16 |3 77 |75 23 60 |76 13 |67 20 |63 50 |78 49 7 |99 |4 |72 9 46 |85 93 41 |68 |39 52 |25 37 |33 2 |80 59 |96 22 |17 61 42 51 |81 45 |40 71 |48 57 |14 27 |58 24 |97 |94 |15 12 |73 |8 11 |65 
19983.1 203774
54 18 55 86 88 21 1 6 |87 95 32 28 31 43 79 69 |47 30 64 70 91 90 92 100 38 26 84 |5 66 62 82 29 36 56 34 83 44 89 35 98 53 10 19 ||74 16 |3 77 |75 23 60 |76 13 |67 20 |63 50 |78 49 7 |99 |4 |72 9 46 |85 93 41 |68 |96 94 59 |58 22 8 24 |48 37 |81 71 |17 2 |40 97 80 |65 |73 15 |57 |12 |61 51 27 52 |42 |14 25 |45 11 33 |39 |
20073.5 202101
54 18 55 86 88 21 1 6 |87 95 32 28 31 43 79 69 |47 30 64 70 91 90 92 100 38 26 84 |5 66 62 82 29 36 56 34 83 44 89 35 98 53 10 19 ||3 12 |76 |37 25 72 |22 8 59 |50 71 9 |77 |17 33 11 |13 57 |46 |80 |93 |68 |99 74 |81 23 67 20 |41 7 16 |96 97 63 24 |73 |75 4 2 78 |65 40 60 |49 |58 |85 |61 51 27 52 |14 15 |42 39 |94 45 |48 |
20540.1 200800
54 18 55 86 88 21 1 6 |87 95 32 28 31 43 79 69 |47 30 64 70 91 90 92 100 38 26 84 |5 66 62 82 29 36 56 34 83 44 89 35 98 53 10 19 ||74 16 |3 77 |75 23 60 |76 13 |67 20 |63 50 |78 49 7 |99 |33 |96 80 |72 9 46 |85 58 |41 4 |93 |68 24 |22 8 94 |97 59 |12 40 |71 |42 |37 |39 17 |57 |65 |27 |51 2 |52 61 |81 |11 |73 15 14 |25 |45 |48 |
21000 196349
54 18 55 86 88 21 1 6 |87 95 32 28 31 43 79 69 |47 30 64 70 91 90 92 100 38 26 84 |5 66 62 82 29 36 56 34 83 44 89 35 98 53 10 19 ||74 16 |3 77 |75 23 60 |76 13 |67 20 |63 50 |78 49 7 |65 |12 |57 22 |8 94 |33 |99 85 |72 9 46 96 |41 |4 39 |58 81 |42 |24 |59 97 |80 |71 |2 93 17 |37 |40 68 |73 15 |48 |61 27 |52 45 |51 |14 |11 |25 |
25041 196179
54 18 55 86 88 21 1 6 |87 95 32 28 31 43 79 69 |47 30 64 70 91 90 92 100 38 26 84 |5 66 62 82 29 36 56 34 83 44 89 35 98 53 10 19 ||74 16 |3 77 |75 23 60 |76 13 |67 20 |63 50 |78 49 7 |99 |22 8 94 |57 |33 |65 12 |85 |72 9 46 96 |41 |4 |39 |58 81 |42 |24 |59 97 |80 |71 |2 93 17 |37 |40 68 |73 15 |48 |61 |51 52 |27 |14 25 |11 45 |
25363.2 196097
54 18 55 86 88 21 1 6 |87 95 32 28 31 43 79 69 |47 30 64 70 91 90 92 100 38 26 84 |5 66 62 82 29 36 56 34 83 44 89 35 98 53 10 19 ||74 16 |3 77 |75 78 |99 |13 20 |23 67 |42 |68 |50 |49 |45 |4 |39 7 |59 96 |41 |58 |85 |65 72 24 |40 94 8 |12 48 |17 93 |71 80 57 |81 22 |25 37 |2 |9 46 |33 |61 51 |73 15 |52 |14 |97 |27 |60 11 |76 |63 
25537.6 194866
54 18 55 86 88 21 1 6 |87 95 32 28 31 43 79 69 |47 30 64 70 91 90 92 100 38 26 84 |5 66 62 82 29 36 56 34 83 44 89 35 98 53 10 19 ||74 16 |3 77 |75 23 |15 |13 67 |94 50 |81 |71 |39 49 |59 96 |9 46 |85 93 |99 |37 |61 |68 |41 7 |58 22 8 20 |51 4 17 |80 48 |72 |40 |2 |73 |78 |12 |27 |57 |24 |52 |42 |97 |65 63 |14 25 |45 60 |11 33 |76 |
26698.5 192948

Time:2
Last Iter:10
Last Update:10
Tabu:0
Last Time2
16
47 99 95 17 75 11 81 30 64 100 79 43 69 |66 32 33 22 70 91 90 92 87 96 38 26 84 |5 62 36 72 29 56 34 83 44 68 89 12 35 98 53 19 10 77 |82 28 1 54 18 55 39 86 21 74 88 51 61 31 6 ||9 |45 8 |37 |50 |16 4 |3 15 |65 |13 |60 94 58 23 |85 48 |46 |76 |2 93 41 |73 |40 63 25 |27 |7 49 |52 67 80 |59 57 71 97 20 |24 42 78 14 
14094.8 271764
32 30 29 82 62 37 66 63 36 72 |47 87 56 34 83 44 89 12 35 10 19 53 98 54 |64 15 31 95 28 18 49 55 86 42 88 21 1 6 |5 69 43 79 100 91 70 90 92 38 26 40 84 ||48 9 46 97 |22 |58 8 67 |33 4 |65 25 |80 71 57 |7 39 2 |20 96 76 |14 3 |17 51 75 |13 |73 |24 60 94 59 50 |16 61 93 41 74 |77 68 |81 23 27 85 52 |11 45 |99 78 
14644.4 249586
63 94 38 26 72 44 89 12 35 3 98 53 10 19 |18 54 92 91 90 76 70 64 30 100 79 43 69 |5 47 31 95 99 32 28 55 86 88 21 1 6 |87 83 66 36 29 56 62 82 34 84 ||22 |33 4 |20 |45 23 |37 |46 9 97 80 |78 17 75 11 |15 73 |13 |81 58 8 59 67 24 |85 2 |65 25 77 14 |48 27 |57 96 60 52 |71 |68 74 |39 49 41 61 |16 50 40 |93 7 |51 42 
15606.2 239826
30 100 95 32 28 55 86 18 74 88 21 1 6 |26 36 56 29 62 82 83 34 84 |38 54 5 47 44 89 35 98 53 10 19 |66 87 92 90 91 70 64 51 31 43 79 69 ||75 49 |24 33 |13 76 8 60 |80 57 40 |45 81 58 59 52 |77 27 |22 |39 93 4 |72 |37 25 |3 68 15 |20 94 23 |48 63 12 |97 9 65 |16 61 41 85 |17 11 67 |71 50 96 |99 42 |2 7 |73 |46 |14 78 
16201.6 230956
26 87 66 36 29 56 82 83 34 84 |62 47 44 89 35 98 10 53 19 54 18 86 88 21 1 |55 28 32 95 6 |5 31 30 64 70 91 90 92 50 38 100 79 43 69 ||17 |73 77 |14 68 78 |52 16 61 75 |74 4 |96 80 71 59 |11 |25 |24 23 81 |42 39 7 |22 |76 13 60 |65 72 48 |94 8 58 45 |27 51 20 |40 63 |15 |37 |67 46 97 9 |85 33 |49 93 2 |99 41 |57 |3 12 |
17305.1 219845
5 54 31 95 99 32 28 55 86 18 88 21 1 6 |38 92 87 66 26 84 |47 36 37 62 82 29 56 34 83 44 89 35 98 53 10 19 |30 64 70 90 91 100 79 43 69 ||77 |27 61 16 |25 |76 13 22 |72 48 60 |78 74 4 |94 8 58 |59 71 |65 |46 9 97 80 |52 17 75 11 |15 73 |81 23 45 67 24 |85 2 51 |3 12 68 40 20 |39 7 93 41 |42 33 |57 63 |96 50 |49 14 |
17906.1 214894
70 90 62 83 56 34 36 26 84 |5 87 82 44 89 35 10 19 53 98 54 |29 47 95 32 28 55 86 18 88 21 1 6 |66 31 30 64 91 92 38 100 79 43 69 ||60 17 |76 |13 |99 |24 20 46 50 |67 14 |78 |45 81 8 59 |93 75 |73 |49 39 42 74 |63 |85 61 2 |94 23 33 11 |48 9 |4 |72 80 57 |58 |7 |65 |22 96 |77 15 |25 37 40 |71 52 16 |68 |97 27 |51 |3 12 |41 |
18581.8 213684
5 47 62 82 83 34 36 26 84 |92 31 38 30 64 90 70 91 100 79 43 69 |56 54 95 28 55 18 86 88 21 1 6 |32 87 66 29 44 89 35 98 53 10 19 ||27 40 |99 |72 63 |76 22 |33 4 |20 |96 23 |37 |46 9 97 80 |78 60 |15 73 |13 |12 |7 |81 8 59 |3 68 77 |65 25 |58 45 94 |16 41 85 |17 11 67 |71 50 24 |52 42 39 |2 |74 |75 |93 51 |14 61 |48 57 |49 |
18750.6 208883
5 15 47 62 82 83 34 36 26 84 |92 31 38 30 64 90 70 91 100 79 43 69 |56 54 95 28 55 18 86 88 21 1 6 |32 87 66 29 44 89 35 98 53 10 19 ||51 40 |99 |76 22 |33 4 |52 |24 |46 50 |12 |9 |23 45 81 8 |93 14 |80 |78 |73 |49 39 |7 77 |13 60 67 |37 |59 |61 17 |11 |65 25 |94 |74 75 |41 85 16 |57 |71 |42 |2 |3 |68 72 20 |58 96 |27 97 |63 |48 |
22459.4 208649
70 90 62 83 56 34 36 26 84 |5 87 82 44 89 35 10 19 53 98 54 |29 47 95 32 28 55 86 18 88 21 1 6 |66 31 30 64 91 92 38 100 79 43 69 ||61 |23 74 |33 17 |50 96 |24 51 75 |8 |12 85 |2 |76 59 57 |11 |73 |46 71 |22 |49 39 |7 |37 25 |16 60 67 |99 |77 48 |45 13 |9 65 |58 |63 |94 |27 42 |80 |40 |93 78 |4 |81 |15 |20 72 |3 68 |41 52 |97 14 |
22561.9 207357
70 90 62 83 56 34 36 26 84 |5 87 82 44 89 35 10 19 53 98 54 |29 47 95 32 28 55 86 18 88 21 1 6 |66 31 30 64 91 92 38 100 79 43 69 ||23 |33 |61 85 |41 7 |17 |8 13 60 |76 24 |81 45 58 |93 75 |57 |37 63 |12 65 |49 |22 |67 39 74 |20 |94 |14 |2 51 |3 68 |9 48 |4 |59 80 |72 |78 |42 |73 |99 |16 40 |46 |27 |15 |25 |77 96 |11 |71 |52 |50 97 |
22862.6 203138
5 26 38 92 90 91 70 64 30 100 79 43 69 |54 47 89 44 35 98 53 10 19 |62 31 95 32 28 55 18 86 88 21 1 6 |87 83 66 36 29 56 82 34 84 ||15 |25 |22 16 |61 |75 23 52 |24 51 |12 85 |57 58 |76 8 59 |93 11 |46 71 |14 |78 60 |80 |42 2 |33 17 |73 |49 |99 41 |77 48 |45 13 |7 |97 |94 27 |81 40 |67 63 9 96 |37 |3 65 |68 72 20 |4 |39 |74 |50 |
22961.8 202940
83 34 56 29 36 66 87 84 |5 26 38 92 90 91 70 64 30 100 79 43 69 |82 54 47 89 44 35 98 53 10 19 |62 31 95 32 28 55 18 86 88 21 1 6 ||61 |74 7 |76 57 50 96 |41 4 17 |8 13 22 |93 16 51 |15 |25 |39 |2 |80 |75 11 85 52 |59 |14 |46 |78 |12 60 24 |67 |33 |73 |97 |99 |77 48 |45 |49 |94 27 |42 |40 63 9 65 |23 |37 |3 |68 72 20 |58 81 |71 
23547.2 201218
5 26 38 92 90 91 70 64 30 100 79 43 69 |54 47 89 44 35 98 53 10 19 |62 31 95 32 28 55 18 86 88 21 1 6 |87 83 66 36 29 56 82 34 84 ||61 |16 |22 |71 50 20 |7 51 |12 25 |57 52 |76 8 |93 39 |77 |46 9 97 80 |78 68 |48 72 |13 |75 11 |96 45 |65 |81 58 |59 67 24 |85 2 |49 60 |63 14 |73 15 |94 27 |99 |42 |17 |23 |37 |33 |3 40 |74 41 |4 |
25058.7 198608
5 26 38 92 90 91 70 64 30 100 79 43 69 |54 47 89 44 35 98 53 10 19 |62 31 95 32 28 55 18 86 88 21 1 6 |87 83 66 36 29 56 82 34 84 ||75 61 16 |22 |12 |2 |15 |96 |39 |76 8 59 |93 11 85 |80 52 |14 |46 |78 |25 60 24 |57 |67 |33 17 |73 |97 13 |99 41 |77 48 |45 |7 49 |3 |94 27 |42 |40 63 9 65 |23 |37 |74 |68 72 20 |4 |58 81 |51 |50 71 |
25209.6 197517
5 26 38 92 90 91 70 64 30 100 79 43 69 |54 47 89 44 35 98 53 10 19 |62 31 95 32 28 55 18 86 88 21 1 6 |87 83 66 36 29 56 82 34 84 ||93 61 16 |22 |12 |76 96 |15 |39 |2 |80 |75 11 85 52 |59 |14 |46 |78 |25 60 24 |57 8 67 |33 17 |73 |97 13 |99 41 |77 48 |45 |7 49 |3 |94 27 |51 |40 42 |23 |37 65 |9 |74 |63 72 20 |68 |58 81 |4 |50 71 |
25421.8 195187

Time:2
Last Iter:10
Last Update:10
Tabu:0
Last Time2
8
25 3 28 49 7 18 86 88 21 1 16 |32 83 62 82 34 56 29 36 66 87 26 84 |100 95 54 5 73 47 15 44 89 12 35 98 53 10 19 |55 38 92 90 91 70 64 30 11 31 43 79 69 6 ||99 |68 48 |93 61 33 |75 27 85 17 74 |40 96 97 46 |42 39 |8 58 81 |57 59 80 |52 24 20 60 |9 71 |65 37 |45 22 76 |13 94 67 |78 41 2 4 51 |50 23 |72 63 14 77 
11957.4 255359
55 2 92 100 38 26 84 |64 5 15 47 54 18 21 1 |62 30 91 90 87 66 36 29 56 82 83 44 89 35 98 53 10 19 |70 34 6 88 86 28 32 95 31 43 79 69 ||71 80 96 |97 |51 |8 94 16 |22 76 |72 65 46 |3 |33 23 58 |73 |20 67 60 45 11 |77 78 74 39 |75 |49 7 |41 93 |50 |99 |13 |27 4 42 |14 17 61 85 |12 68 |40 63 48 9 |81 |25 37 |24 52 59 57 
15111.8 239584
87 95 31 99 32 28 55 86 18 88 21 1 6 |92 66 83 37 62 82 34 29 56 65 36 84 |5 26 38 80 57 90 76 70 64 30 100 60 43 79 69 |91 54 73 47 98 53 44 89 35 3 10 19 ||94 17 |81 45 |78 7 93 |51 49 |9 46 63 72 |77 12 68 15 |58 22 8 20 |74 42 39 61 |27 75 23 |97 50 71 |59 |48 40 96 52 24 |14 25 |13 |33 11 |41 16 85 67 |2 4 
15244.1 236684
95 82 25 34 83 44 89 35 10 53 19 |32 28 30 64 70 91 90 92 50 80 38 100 79 43 69 |56 29 36 66 87 26 84 |62 5 47 98 54 18 55 86 88 21 1 31 6 ||67 42 |85 51 93 |7 49 20 |22 76 |57 96 |3 14 |73 |23 |37 65 |27 33 |46 71 |15 12 68 |58 81 52 |72 75 |45 17 24 |4 61 |13 |77 |74 41 2 |94 97 9 40 |16 11 |8 59 |99 |48 63 60 |78 39 
18119.2 223862
47 31 30 64 22 70 90 91 43 79 69 |66 87 26 38 100 84 |5 54 95 32 28 55 86 18 88 21 1 6 |36 92 34 56 29 62 82 83 44 89 35 98 53 10 19 ||73 |78 63 |60 8 24 |37 |39 41 7 |85 |75 23 |96 71 48 |99 |33 81 |80 |72 |58 |42 52 20 |9 46 65 |94 59 76 50 |51 14 |97 40 |12 |16 |74 |57 45 |2 4 |68 |13 |49 |11 |77 |17 61 |25 3 |27 |15 |67 |93 
18534.6 206833
47 31 30 64 22 70 90 91 43 79 69 |66 87 26 38 100 84 |5 54 95 32 28 55 86 18 88 21 1 6 |36 92 34 56 29 62 82 83 44 89 35 98 53 10 19 ||45 52 |85 |24 |37 65 |96 |93 |71 97 48 |11 |73 |7 |81 23 33 75 |99 |20 46 |9 78 |42 |94 |59 50 |51 |72 40 |14 49 |76 58 |12 |16 |8 |2 39 74 |57 60 |41 61 |13 |77 |4 |68 25 |17 |3 63 |27 |15 |67 |80 
20135.9 202735
47 31 30 64 22 70 90 91 43 79 69 |66 87 26 38 100 84 |5 54 95 32 28 55 86 18 88 21 1 6 |36 92 34 56 29 62 82 83 44 89 35 98 53 10 19 ||17 45 |3 |39 12 |73 |27 20 |75 81 24 |63 9 |71 97 48 72 |8 85 |96 |7 |23 33 |80 |99 |25 |60 |37 |65 |59 76 |52 94 |51 |14 |46 40 |50 |42 |2 61 |57 |74 4 |41 |68 |77 |13 |58 |11 16 |49 |78 |67 |93 |15 
29262.7 201990
47 31 30 64 22 70 90 91 43 79 69 |66 87 26 38 100 84 |5 54 95 32 28 55 86 18 88 21 1 6 |36 92 34 56 29 62 82 83 44 89 35 98 53 10 19 ||11 45 |3 39 |73 |12 |9 |27 8 |75 |81 |99 |71 60 |96 48 24 |80 |33 |23 17 |25 |65 20 |97 72 |7 |58 |42 |37 63 |41 85 |52 |59 76 94 |51 |14 |50 46 |40 |16 |2 61 |57 |4 74 |68 15 |77 |13 |49 |78 |67 |93 
31478.6 201231

Time:2
Last Iter:10
Last Update:10
Tabu:0
Last Time2
14
56 47 95 32 28 55 86 18 21 1 |5 29 34 36 45 100 69 88 54 |62 26 83 44 89 35 98 53 10 19 84 |82 91 66 87 38 92 90 70 22 64 30 79 43 31 6 ||49 |72 3 68 |37 48 |58 81 23 60 |59 80 96 |9 46 25 |15 73 |94 13 |71 |4 2 51 17 |78 39 75 |67 50 57 76 |11 33 8 |99 |77 14 12 40 20 |24 52 85 27 |42 41 93 |7 |63 16 |65 97 |74 61 
13924.8 257922
95 12 89 44 83 34 56 65 36 72 |47 4 55 28 18 86 74 88 21 78 1 54 19 98 53 10 35 3 |5 30 31 64 70 91 59 90 92 71 38 100 79 43 69 6 |32 62 82 29 66 87 9 48 26 84 ||11 33 |25 |37 |24 61 81 |97 |22 |73 |14 77 68 40 |52 50 57 |63 46 |15 |13 |42 39 7 49 |60 45 58 8 |17 75 93 |99 |23 85 16 |20 67 94 76 |96 80 |41 2 51 27 
13933.8 255238
92 82 87 66 62 29 36 65 56 34 83 44 89 35 98 1 6 |75 26 33 45 30 64 70 91 100 38 84 |21 88 86 18 54 19 53 10 |90 5 47 55 28 32 95 31 43 79 69 ||68 |93 |25 |41 74 85 |15 73 |8 23 |63 48 |99 4 2 |60 16 61 51 |42 39 |9 97 96 80 |14 3 12 72 |11 81 58 |49 7 78 |27 17 77 |24 52 20 46 |50 57 |94 59 13 |22 |37 |76 71 |67 40 
15291.1 246393
54 26 31 64 99 30 70 90 91 100 38 79 43 69 |62 92 87 66 29 36 56 34 84 |95 82 83 44 89 35 98 53 10 19 |5 47 32 28 55 7 86 18 88 21 1 6 ||12 14 |23 93 |81 75 33 |49 39 51 |8 11 |73 |42 78 |58 |9 63 |16 61 2 41 |77 3 15 |72 48 |37 |27 17 4 |24 52 20 46 |97 50 57 |94 59 13 |22 |76 71 80 96 |67 40 65 |60 85 45 |68 |74 |25 
15837.7 235430
25 10 18 1 21 88 86 55 28 31 6 |95 83 82 34 29 36 26 38 84 |32 56 66 87 92 90 91 70 64 30 100 43 79 69 |62 44 5 47 54 98 89 35 53 19 ||14 41 |42 61 |15 73 |8 23 |74 16 |63 60 |85 |11 81 58 |49 7 78 |9 |72 48 77 3 |37 |51 2 39 |27 17 4 |24 52 20 46 |97 50 57 |94 59 13 |22 |76 71 80 96 |67 40 65 |75 33 45 |68 |99 93 |12 
16139.1 231545
95 83 82 34 29 36 26 38 84 |32 56 66 87 92 90 91 70 64 30 100 43 79 69 |62 44 5 47 54 98 89 35 53 19 |10 31 18 28 55 86 88 21 1 6 ||14 41 |42 61 |15 73 |8 23 |74 16 |63 60 |48 85 |11 81 58 |49 7 78 |37 |9 |51 2 39 |72 77 3 |27 17 4 |24 52 20 46 |97 50 57 |94 59 13 |22 |76 71 80 96 |67 40 65 |75 33 45 |68 |99 93 |12 25 
16721.7 216803
54 31 30 64 90 70 91 26 38 100 79 43 69 |62 92 87 66 29 36 56 34 84 |95 82 83 44 89 35 98 53 10 19 |5 47 32 28 55 86 18 88 21 1 6 ||12 14 |8 |23 93 |81 11 60 |85 |42 78 |9 63 |15 73 |58 51 |49 |16 61 2 41 |77 3 |72 48 |37 |39 |17 |59 |13 24 52 |27 4 |22 20 |46 97 50 |57 94 |76 71 80 96 |67 40 65 |75 33 45 |68 |74 7 |25 |99 
16931.7 206684
54 31 30 64 90 70 91 26 38 100 79 43 69 |62 92 87 66 29 36 56 34 84 |95 82 83 44 89 35 98 53 10 19 |5 47 32 28 55 7 86 18 88 21 1 6 ||12 14 |73 |93 |81 |75 11 85 |49 39 42 78 |8 23 |15 |9 63 |58 61 |3 77 16 |37 72 |41 2 51 |48 |60 |20 |57 94 50 |59 13 52 24 |22 |46 97 |27 |4 17 |76 |80 96 71 67 |65 40 |33 45 |68 |74 |25 |99 
17565.8 205296
54 31 30 64 90 70 91 26 38 100 79 43 69 |62 92 87 66 29 36 56 34 84 |95 82 83 44 89 35 98 53 10 19 |5 47 32 28 55 86 18 88 21 1 6 ||12 14 |73 |17 |23 93 |9 63 |49 39 85 |8 81 11 75 |15 78 |42 |58 61 |77 3 16 |37 72 |41 2 51 |48 |60 |20 |57 94 50 |59 13 52 24 |22 27 |4 67 |46 |76 71 80 96 |97 40 |65 |33 45 |68 |74 7 |25 |99 
17670.9 204693
54 31 30 64 90 70 91 26 38 100 79 43 69 |62 92 87 66 29 36 56 34 84 |95 82 83 44 89 35 98 53 10 19 |5 47 32 28 55 86 18 88 21 1 6 ||12 14 |73 |93 |81 |75 11 85 |49 39 42 78 |8 23 |15 |9 63 |58 61 |77 3 16 |37 72 |41 2 51 |48 |60 |20 |57 94 50 |59 13 52 24 |22 |46 97 |27 |4 17 |76 |80 96 71 67 |65 40 |33 45 |68 |74 7 |25 |99 
18218.2 202787
54 31 30 64 90 70 91 26 38 100 79 43 69 |62 92 87 66 29 36 56 34 84 |95 82 83 44 89 35 98 53 10 19 |5 47 32 28 55 86 18 88 21 1 6 ||12 14 |8 |93 |81 |75 11 85 |49 39 42 78 |73 |15 |9 63 |23 |58 61 |77 3 16 |37 72 |41 2 51 |48 |60 |20 |57 94 50 |59 13 52 24 |22 |46 97 |27 |4 17 |76 |80 96 71 67 |65 40 |33 45 |68 |74 7 |25 |99 
19534.9 202143
54 31 30 64 90 70 91 26 38 100 79 43 69 |62 92 87 66 29 36 56 34 84 |95 82 83 44 89 35 98 53 10 19 |5 47 32 28 55 86 18 88 21 1 6 ||12 14 |8 |93 |81 |75 85 11 |37 |39 49 42 78 |15 73 |9 63 |23 |16 |2 61 |77 3 |72 |51 41 |48 |58 |60 |20 |57 94 50 |59 13 52 24 |22 |46 97 |27 |4 17 |76 |80 96 71 67 |65 40 |33 45 |68 |74 7 |25 |99 
20124.7 201412
32 38 87 82 29 56 36 26 84 |62 95 31 30 64 70 91 90 92 100 79 43 69 |28 83 5 47 44 89 35 98 53 10 19 |66 34 54 18 55 86 88 21 1 6 ||3 12 |61 |73 |17 |81 |49 39 |15 |14 93 |8 23 11 75 |85 42 78 |9 63 |58 |77 16 |37 72 |41 2 51 |48 |60 |20 |57 94 50 |59 13 52 24 |22 |46 97 |27 |4 |76 |80 96 71 67 |40 65 25 |33 |99 |74 7 |45 |68 
20259.5 200538
54 38 31 30 64 70 91 90 92 100 79 43 69 |26 62 87 66 29 36 56 34 84 |95 82 83 44 89 35 98 53 10 19 |5 47 32 28 55 86 18 88 21 1 6 ||12 14 |52 |17 74 |81 |96 |85 75 |16 |39 |25 9 |3 |42 78 20 |71 97 80 |73 |8 27 24 |46 94 60 |93 11 33 |23 58 45 |99 |57 |50 |4 41 |2 |15 68 |49 |65 |48 |51 |77 63 |76 |37 |22 67 |72 |59 40 |13 |61 |7 
32263.9 198711

Time:2
Last Iter:10
Last Update:10
Tabu:0
Last Time2
12
41 86 2 30 64 70 90 91 94 60 100 67 79 43 69 |47 8 87 66 37 62 82 34 56 65 29 36 40 26 20 84 |5 18 54 1 21 88 28 32 99 95 33 27 31 6 |55 58 92 57 38 83 44 89 12 35 10 53 98 19 ||49 |13 |46 80 50 52 |78 74 42 |15 73 |63 24 17 |3 68 |75 11 45 |51 |59 76 |25 48 96 |77 39 7 |4 |23 81 22 |71 |9 97 85 |93 14 |72 61 16 
13565.2 278305
95 38 83 36 80 92 90 59 91 70 64 30 23 31 |32 62 29 56 34 44 89 47 73 15 54 98 14 19 53 10 35 3 77 |82 93 28 55 39 18 86 88 21 1 6 |5 66 87 97 26 100 33 43 79 52 69 84 ||22 |41 |46 40 |2 99 |96 9 |76 |65 25 |37 |12 68 |42 7 16 |67 57 |17 51 4 |78 49 |63 71 |60 8 13 58 |27 75 11 45 81 |85 74 20 |48 24 61 |72 50 94 
15488.3 271988
28 41 87 66 26 38 100 67 |55 19 1 18 39 21 88 86 32 95 51 75 31 6 |47 7 54 98 10 53 35 89 44 83 62 82 34 56 29 36 84 |5 81 30 64 13 90 92 91 70 8 60 43 79 69 ||57 22 |97 |73 3 |80 71 |94 85 |37 |14 12 |65 25 |49 |15 |76 52 |78 42 93 2 4 |11 |99 |72 9 20 24 |68 |23 58 |59 |16 61 33 45 |77 40 63 48 46 |96 74 |50 27 17 
16527 264828
5 87 66 34 83 82 62 25 56 29 36 26 84 |44 89 35 10 53 19 31 94 43 79 69 |47 30 64 70 91 92 38 100 ||90 98 95 32 28 55 86 88 21 18 54 1 6 ||41 42 |39 74 |73 3 |80 71 46 48 |60 67 52 16 17 |72 12 77 14 |75 11 23 |8 |99 |68 15 |37 |33 45 81 58 24 |20 40 96 |85 61 |76 22 |13 59 57 50 |78 49 7 |27 51 |97 |2 93 4 |63 9 65 
17243.3 234044
32 66 87 26 64 30 11 33 31 43 79 69 |95 47 36 29 56 34 82 83 35 10 53 19 |38 92 90 76 70 91 100 84 |5 62 44 89 98 54 18 55 28 86 88 21 1 6 ||13 |81 |73 3 |80 71 |59 94 45 85 |20 96 63 72 |14 12 68 |65 25 |37 |49 2 41 |99 52 |23 |15 |17 61 4 74 |48 9 |7 39 93 |46 40 24 |67 8 22 |16 27 75 51 |60 |58 |77 78 42 |50 57 97 
17257.3 221032
62 47 31 30 64 70 90 91 100 79 43 52 69 |32 66 87 92 38 26 84 78 6 |95 5 54 36 29 56 34 82 83 44 89 35 98 53 10 19 |88 28 55 86 18 21 1 ||50 71 |85 |13 |48 |23 |80 |46 |11 96 |42 49 |99 4 |57 |45 27 75 |81 22 |73 3 |37 40 |16 17 93 2 |15 14 |12 25 65 72 |97 24 |74 51 |94 58 |33 20 |77 68 |9 |63 60 |39 41 |8 59 |76 |7 61 |67 
18930.1 214290
83 31 30 64 91 70 90 92 38 100 79 43 69 |26 87 28 32 55 95 86 88 18 21 1 6 |66 5 47 54 44 89 35 98 53 10 19 |82 62 29 36 56 34 84 ||74 |13 |16 |68 48 |97 |41 93 |8 59 57 67 |52 11 |39 |40 |4 99 |46 25 |20 |65 37 |3 61 |71 76 96 |7 |75 94 |58 81 23 85 24 |33 45 |73 14 |60 |22 27 |80 63 72 |12 49 |15 |9 17 |51 42 |2 |77 78 |50 
19254.7 210969
30 87 64 70 91 76 90 92 38 100 79 43 69 |83 26 31 95 32 28 55 86 88 18 21 1 6 |66 5 47 54 44 89 35 98 53 10 19 |82 62 29 36 56 34 84 ||74 |99 |93 |4 2 |73 14 |61 17 85 52 |40 3 |96 45 |7 |8 22 |37 |15 68 |41 |48 94 |11 |39 |25 |72 9 20 |16 27 75 51 |65 |80 |42 78 49 |57 63 |71 60 |13 58 81 |97 59 67 24 |12 77 |50 46 |33 23 
19687.7 203768
30 87 64 70 91 76 90 92 38 100 79 43 69 |83 26 31 95 32 28 55 86 88 18 21 1 6 |66 5 47 54 44 89 35 98 53 10 19 |82 62 29 36 56 34 84 ||74 |93 |4 2 |73 14 |61 17 85 52 |40 3 |96 45 |7 |22 |15 68 |41 |48 |11 |39 42 |58 |94 |75 |37 |8 50 |99 |72 9 20 |16 27 51 |65 25 |80 |78 49 |57 63 |71 60 |13 |81 |97 59 67 24 |12 77 |46 |33 23 
20430.8 199824
36 31 30 64 70 91 90 92 38 100 79 43 69 |32 26 87 66 62 82 29 56 34 84 |83 54 28 55 18 86 88 21 1 6 |95 5 47 44 89 35 98 53 10 19 ||74 |94 |14 |41 |65 96 |27 |68 25 |37 63 |81 |39 49 |59 |2 |80 |48 40 |93 |78 15 |57 |11 61 |77 12 |97 |85 |16 45 |23 24 |51 17 75 |46 72 |52 60 67 |22 |7 42 |3 9 |73 |8 |4 |50 33 |58 71 |76 13 20 |99 |
22982.9 198763
30 87 64 70 91 90 92 38 100 79 43 69 |83 26 31 95 32 28 55 86 88 18 21 1 6 |66 5 47 54 44 89 35 98 53 10 19 |82 62 29 36 56 34 84 ||74 |85 |41 93 |97 |33 23 |72 48 |11 67 60 52 20 |68 40 |61 |4 |57 |71 96 |45 |99 |25 |7 39 |59 94 |75 |37 |58 81 13 24 |76 50 80 |17 51 |9 |46 65 |15 |42 |73 3 |16 |27 8 |2 |49 78 |63 77 12 14 |22 |
23819.7 198364
83 26 30 64 70 91 90 92 38 100 79 43 69 |87 31 95 32 28 55 86 88 18 21 1 6 |66 5 47 54 44 89 35 98 53 10 19 |82 62 29 36 56 34 84 ||74 |71 13 |14 |4 41 |65 96 |23 27 85 |68 25 |37 63 |81 75 |39 |8 59 45 |51 16 17 |7 49 93 |67 2 |73 3 |15 12 |80 72 |48 |57 |24 |97 |42 |40 |61 |50 60 |11 58 |33 52 |9 |20 |77 78 |22 |76 |99 |46 |94 
31080.2 196677

Time:2
Last Iter:10
Last Update:10
Tabu:0
Last Time2
8
87 5 47 54 36 29 25 56 34 82 83 44 89 35 98 53 10 19 |62 49 18 86 42 88 58 30 64 13 70 91 90 92 38 26 40 |66 55 28 32 95 23 75 31 43 79 69 |100 21 1 6 84 ||81 |68 |97 9 48 72 |73 14 |60 4 |24 20 63 65 |3 74 |76 22 |99 93 |39 7 |94 8 59 71 |52 17 45 |16 |15 78 |67 61 2 |77 12 |80 57 |41 51 |11 |37 |27 85 33 |96 46 50 
14488.4 263605
91 62 47 98 19 53 10 35 89 44 83 |92 100 82 56 29 36 66 87 96 38 26 84 |90 64 30 55 28 32 95 31 43 79 69 |70 34 73 5 54 18 86 88 21 1 6 ||37 |39 |27 17 42 |9 46 50 |63 48 24 85 |51 4 |11 33 23 |59 13 |99 |75 45 81 94 60 |20 40 72 65 25 |68 |80 71 76 |22 16 |15 78 |67 61 2 93 |41 |74 49 7 |3 97 |57 8 58 |52 |77 14 12 
14641.6 242710
30 5 47 35 10 19 53 98 18 21 88 31 43 79 69 |95 44 34 83 62 82 25 56 29 36 66 87 46 26 84 |100 91 70 90 92 71 38 |89 64 32 28 55 86 54 1 6 ||23 8 |27 51 39 |11 33 45 81 58 |37 63 |24 17 75 42 |77 16 93 |96 50 48 |20 |41 2 |85 |57 |13 76 94 67 52 |14 12 |9 80 |22 |65 |99 |59 60 40 |78 74 |72 3 68 |15 73 |7 49 |97 61 |4 
16899.8 238076
5 64 31 95 32 28 55 18 86 88 21 1 6 |54 66 87 91 70 90 92 38 100 79 43 69 |19 98 53 10 35 34 56 84 |30 47 89 44 83 82 62 29 36 26 ||14 7 |37 |39 51 |15 |8 50 |9 63 46 |52 17 23 |59 13 |99 42 |49 12 |75 45 81 94 60 |20 40 72 65 25 |68 |80 71 76 |24 78 85 16 |67 61 |74 4 |58 96 97 |57 48 |73 |41 33 |11 2 93 |77 3 |27 |22 |
16935.9 219492
32 26 38 30 64 70 91 90 92 100 79 43 69 |87 66 62 29 36 84 |5 47 82 56 34 83 44 89 35 98 53 10 19 |95 31 54 55 28 86 18 88 21 1 6 ||58 59 67 |2 |45 |68 |93 |37 20 |40 |14 |23 |81 |25 48 |52 |94 13 22 |85 16 11 33 |77 12 |73 |51 17 27 61 |57 60 |9 50 |41 42 |75 8 24 |76 96 |74 7 39 78 |49 3 |15 |99 |4 |65 97 |80 46 63 72 |71 |
17803.9 203916
32 26 38 30 64 70 91 90 92 100 79 43 69 |87 66 62 29 36 84 |5 47 82 56 34 83 44 89 35 98 53 10 19 |95 31 54 55 28 86 18 88 21 1 6 ||15 |23 20 |68 |93 39 |81 |40 |99 |14 |16 52 |25 |37 63 |94 13 22 |3 85 |11 33 |12 |9 |24 |77 |51 17 27 67 |46 71 57 |45 41 |42 4 2 61 |48 72 |60 96 |58 59 8 |78 |7 49 |80 97 50 |76 |75 |65 |74 |73 |
21148.4 202946
32 26 38 30 64 70 91 90 92 100 79 43 69 |87 66 62 29 36 84 |5 47 82 56 34 83 44 89 35 98 53 10 19 |95 31 54 55 28 86 18 88 21 1 6 ||48 46 |20 40 |39 2 |49 27 |99 |23 |13 |58 |12 63 72 |14 77 |42 33 |25 37 65 |57 81 52 |22 |93 |59 |73 |75 |45 |50 94 |68 |8 76 67 60 |17 51 4 41 74 |85 |78 |97 |9 |11 |24 |61 16 |3 |7 |71 80 |96 |15 
23067.3 201883
32 26 38 30 64 70 91 90 92 100 79 43 69 |87 66 62 29 36 84 |5 47 82 56 34 83 44 89 35 98 53 10 19 |95 31 54 55 28 86 18 88 21 1 6 ||46 |94 33 |20 2 |40 |51 49 |99 42 |13 58 |15 |63 72 |23 27 |14 |16 |52 |25 37 |22 81 |93 |73 |24 |77 |67 |50 17 |68 |8 |7 39 |48 60 |4 41 74 |75 |71 76 |9 97 |11 |12 |78 |85 45 |57 59 |3 |61 |80 96 |65 |
24116.9 200154

Time:2
Last Iter:10
Last Update:10
Tabu:0
Last Time2
13
55 29 87 66 46 26 38 80 92 90 59 70 91 100 16 6 |62 54 1 18 21 88 86 28 51 4 61 27 31 85 |49 73 68 36 56 34 82 83 44 89 35 10 53 98 19 84 |5 47 32 95 75 11 33 23 81 22 64 30 58 79 43 52 69 ||9 71 |99 |25 |67 60 96 48 72 |77 |24 17 |41 |3 14 42 |45 |39 2 |15 |50 57 97 20 |78 74 7 |12 65 63 |37 |76 |8 94 13 |40 93 
13597.9 302662
47 66 100 23 11 32 99 95 6 84 |5 29 62 82 56 36 34 77 10 19 53 98 54 49 18 86 88 17 |44 35 89 1 21 55 28 93 51 31 85 16 |91 83 26 87 38 80 92 59 90 70 22 64 30 8 60 79 43 52 69 ||14 15 |61 |48 9 40 |75 81 |25 97 |13 |33 |73 |45 58 67 |3 |96 94 27 |42 41 39 |76 |78 74 7 |12 65 63 |37 |68 72 20 |46 57 |2 4 |50 71 24 
15345.6 301865
47 64 80 30 59 71 90 76 70 91 100 79 43 69 |5 19 54 10 98 53 35 89 44 83 62 82 56 29 36 |34 31 95 32 28 55 86 18 88 21 1 6 |38 92 87 66 26 84 ||13 |15 |93 42 49 74 |4 2 41 61 17 |20 96 97 46 |14 73 |23 |25 37 |99 |78 7 |48 65 |75 81 58 8 94 |22 45 60 67 24 |85 51 33 |12 68 |50 57 9 |40 72 63 77 3 |52 16 27 11 |39 
15551 240793
64 70 26 66 87 71 92 90 59 91 100 38 79 43 69 |32 30 11 31 28 55 86 18 88 21 1 6 |56 54 5 47 44 89 35 10 53 98 19 |95 83 82 62 29 36 34 84 ||13 |15 |93 42 49 74 |4 2 41 61 17 |20 96 97 46 |14 73 |23 |25 37 |99 |78 7 |48 65 |75 81 58 8 94 |22 45 60 67 24 |85 51 33 |12 68 |50 57 9 |52 72 63 40 |16 3 77 |80 76 |27 39 |
17367.9 230006
5 19 47 54 98 53 10 89 35 44 83 62 82 56 29 36 |34 31 95 32 28 55 86 18 88 21 1 6 |38 92 87 66 26 84 |100 90 91 70 64 30 43 79 69 ||94 |13 58 |39 |9 |16 45 60 |24 67 8 22 81 |72 65 |57 |37 25 40 |20 97 80 59 |14 3 |49 |15 73 |74 7 93 |52 50 46 |33 23 |99 |17 61 27 11 85 |12 78 |41 51 4 |77 68 63 48 |96 71 |2 75 |76 |42 |
17415.5 225963
56 54 47 44 89 35 10 53 98 19 |83 82 62 29 36 34 84 |5 66 26 87 38 92 90 91 70 64 30 100 79 43 69 |18 31 95 32 28 55 86 88 21 1 6 ||48 37 |13 58 |63 72 65 |17 60 |67 46 |22 45 |93 2 61 |40 25 |14 3 |33 |9 80 |75 |73 |96 94 27 |42 |24 |12 |76 57 50 |51 4 41 16 |49 39 77 |8 |15 |74 85 |97 20 |78 7 |68 |81 23 |99 |71 59 |52 11 |
17505.7 202630
56 54 47 44 89 35 10 53 98 19 |83 82 62 29 36 34 84 |5 66 26 87 38 92 90 91 70 64 30 100 79 43 69 |18 31 95 32 28 55 86 88 21 1 6 ||48 37 |13 58 |63 72 65 |17 60 |67 46 |22 45 |93 2 61 |40 25 |14 3 |33 |9 80 |75 52 |99 |73 |4 |24 |42 |97 78 |76 |23 94 |41 27 |39 |15 |96 |12 |50 8 |16 68 77 |51 74 85 |71 57 20 |7 |59 11 |81 |49 
19822.9 201638
56 54 47 44 89 35 10 53 98 19 |83 82 62 29 36 34 84 |5 66 26 87 38 92 90 91 70 64 30 100 79 43 69 |18 31 95 32 28 55 86 88 21 1 6 ||48 37 |13 58 |63 72 65 |17 60 |67 46 |22 45 |93 2 61 |40 25 |14 3 |33 |9 80 50 96 |51 4 |81 |16 99 |73 |42 |41 52 |7 |75 94 |12 |15 |27 |78 |76 |23 85 |74 |97 8 20 |57 |24 77 |68 |39 |71 |59 11 |49 
19987.9 201453
56 54 47 44 89 35 10 53 98 19 |83 82 62 29 36 34 84 |5 66 26 87 38 92 90 91 70 64 30 100 79 43 69 |18 31 95 32 28 55 86 88 21 1 6 ||14 |48 37 |58 |72 65 63 |61 |11 17 60 |67 |46 9 |93 2 51 |25 |3 |96 45 |22 13 |33 |80 |73 |75 |94 |40 |97 24 |12 |50 59 |23 27 |15 |76 |74 |57 |41 |71 |49 |8 |85 4 |68 |77 |42 |78 7 39 16 |99 |20 81 |52 
20398.4 197984
56 54 47 44 89 35 10 53 98 19 |83 82 62 29 36 34 84 |5 66 26 87 38 92 90 91 70 64 30 100 79 43 69 |18 31 95 32 28 55 86 88 21 1 6 ||14 |48 52 |40 24 |23 67 |65 |12 |72 77 |50 61 |22 13 |81 |58 45 |25 37 |33 93 |80 9 96 |73 3 |49 |4 75 |27 42 |63 |76 |94 |60 41 |15 |46 |74 |17 16 |39 |99 |85 |97 20 |78 7 |68 |2 |71 57 |59 |8 11 |51 
22089.1 196856
56 54 47 44 89 35 10 53 98 19 |83 82 62 29 36 34 84 |5 66 26 87 38 92 90 91 70 64 30 100 79 43 69 |18 31 95 32 28 55 86 88 21 1 6 ||15 |37 48 |9 40 |13 24 |60 67 16 |25 65 72 |2 61 93 |50 14 |81 33 |4 99 |96 |73 |63 80 |46 |22 75 |58 45 |3 |42 |41 52 |7 |94 |12 |23 |27 |78 |76 |17 85 |74 |39 49 |97 20 |57 |68 |77 |71 59 |8 11 |51 
22115.5 195584
56 54 47 44 89 35 10 53 98 19 |83 82 62 29 36 34 84 |5 66 26 87 38 92 90 91 70 64 30 100 79 43 69 |18 31 95 32 28 55 86 88 21 1 6 ||15 |37 48 |9 |40 24 |13 |60 52 16 |73 |2 61 93 |50 14 |33 |45 72 |4 99 |25 65 |96 67 |63 |80 |22 58 |3 |46 |42 |41 77 |27 |75 94 |12 |23 |7 |49 78 |76 |17 85 |74 |8 |57 |20 |97 |51 |68 |39 |81 |71 59 |11 
23281.5 195012
56 54 47 44 89 35 10 53 98 19 |83 82 62 29 36 34 84 |5 66 26 87 38 92 90 91 70 64 30 100 79 43 69 |18 31 95 32 28 55 86 88 21 1 6 ||37 |9 40 63 |13 24 |60 67 16 |25 65 72 |61 93 |2 |81 33 |4 |50 14 |96 |80 |73 |46 |99 |58 45 |3 |42 |22 |15 |52 |7 |75 94 |12 |23 |27 |41 78 |76 |17 85 |74 |48 |97 |8 |20 |57 |68 77 |39 51 |71 |59 11 |49 
26869.9 194217

Time:2
Last Iter:10
Last Update:10
Tabu:0
Last Time2
12
25 95 32 41 28 55 18 86 88 21 1 6 |83 54 5 73 47 44 89 98 19 53 10 35 3 77 |62 82 31 30 64 22 13 70 91 90 92 57 80 38 20 84 |7 87 36 34 56 29 66 9 26 100 79 43 69 ||71 |11 58 |68 |40 |49 |78 39 51 17 85 |27 23 45 81 |94 |59 76 8 60 67 |16 33 |14 15 |50 |37 |75 61 93 2 |52 63 72 65 |12 |48 46 97 96 24 |74 4 |99 42 
12464.8 248595
91 70 90 92 71 38 100 84 |87 66 31 8 64 30 81 45 43 79 69 |5 23 95 32 28 55 86 88 21 18 54 1 6 |47 46 26 48 36 29 62 82 56 34 83 44 89 35 10 53 98 19 ||58 11 61 |59 57 80 97 |67 |3 |2 42 16 |63 25 |15 73 |12 68 14 |22 |33 4 |99 |94 |37 |77 72 40 65 |9 96 50 52 |76 13 60 |85 27 75 51 93 |24 17 |39 41 78 |74 |7 49 20 
15544.4 239398
36 95 31 33 23 60 43 79 69 |32 87 26 38 92 30 64 70 91 90 59 100 84 |62 5 47 54 28 86 18 88 21 1 6 |55 66 34 56 29 82 83 44 89 35 98 53 10 19 ||52 40 |74 |58 22 50 |39 7 61 |15 3 |51 17 27 |77 14 |80 97 |25 37 |2 |13 |63 20 24 |67 57 71 |65 12 68 |45 93 |99 4 |75 |48 8 94 |85 76 |72 46 96 |11 81 |73 |78 42 41 49 |9 16 
16004 223505
36 95 31 33 23 60 43 79 69 |32 87 26 38 92 30 64 70 91 90 59 100 84 |62 5 47 54 28 86 18 88 21 1 6 |55 66 34 56 29 82 83 44 89 35 98 53 10 19 ||52 40 |74 |58 22 50 |39 7 61 |15 3 |51 17 27 |77 14 |80 97 |25 37 |2 |13 |63 20 24 |57 71 |65 12 68 |45 93 |99 4 |75 |48 8 94 |85 76 |72 46 96 |11 81 |73 |67 |78 42 41 49 |9 16 
16738.5 222150
36 95 31 33 23 60 43 79 69 |32 87 26 38 92 30 64 70 91 90 59 100 84 |62 5 47 54 28 86 18 88 21 1 6 |55 66 34 56 29 82 83 44 89 35 98 53 10 19 ||52 40 |74 |58 22 50 |7 61 |15 3 |51 17 27 |14 39 |80 97 |25 37 |2 |13 |63 20 |57 71 |65 12 68 |45 93 |99 4 |75 |77 |48 8 94 |72 46 96 |11 85 |81 76 |73 |67 |24 |78 42 41 49 |9 16 
16801.1 220407
54 30 64 38 92 90 70 91 100 79 43 69 |47 95 28 55 18 86 88 21 1 6 84 |32 31 26 87 66 36 29 56 34 |5 62 82 83 44 89 35 98 53 10 19 ||74 |40 |78 15 |68 52 |72 48 65 |94 58 22 81 |24 11 23 27 |9 46 50 |99 |61 51 |20 77 |97 |39 7 |2 4 |8 59 76 |71 13 60 |85 |14 |41 93 75 |73 3 |49 |45 63 |80 67 |96 12 |42 33 |57 |25 |17 16 |37 |
18209.5 211254
54 30 64 38 92 90 70 91 100 79 43 69 |47 95 28 55 18 86 88 21 1 6 84 |32 31 26 87 66 36 29 56 34 |5 62 82 83 44 89 35 98 53 10 19 ||52 |37 |20 67 50 97 |72 |73 |68 12 3 77 |41 2 93 |81 58 |22 |48 |4 61 78 |71 96 94 24 |45 51 17 85 |80 57 59 |13 |99 75 |15 |27 11 23 |40 63 |46 |74 |7 |33 |9 60 |16 42 39 49 |76 |8 |14 65 |25 
19039.5 207419
54 30 64 38 92 90 70 91 100 79 43 69 |47 95 28 55 18 86 88 21 1 6 84 |32 31 26 87 66 36 29 56 34 |5 62 82 83 44 89 35 98 53 10 19 ||74 |42 |68 |46 67 52 |80 9 |27 78 |59 81 11 |22 |93 41 2 |45 17 61 |99 4 51 |39 49 14 |20 |73 15 |16 |96 50 94 |13 |71 |60 24 |40 77 |12 |75 76 |7 |8 33 |63 48 65 |97 58 |3 |23 |57 |25 72 |85 |37 |
19764.4 205285
54 30 64 38 92 90 70 91 100 79 43 69 |47 95 28 55 18 86 88 21 1 6 84 |32 31 26 87 66 36 29 56 34 |5 62 82 83 44 89 35 98 53 10 19 ||58 |76 |85 |8 46 |67 80 |39 4 93 |2 |25 |23 33 |13 |45 81 |99 |68 12 14 |48 24 |11 |61 |16 |51 |52 17 40 |22 20 |74 75 |41 |72 |27 77 |3 |15 78 |63 96 97 50 |65 |71 57 60 |94 |7 49 42 |59 |9 |73 |37 |
20517.5 205001
95 36 34 56 29 62 82 83 44 89 35 98 53 10 19 |5 47 31 28 55 86 88 21 18 54 1 6 |100 38 87 66 26 84 |32 92 90 91 70 64 30 43 79 69 ||76 |73 |68 |49 |75 |52 |14 |78 74 |50 |37 |57 |81 58 22 |93 99 |45 51 17 85 |24 67 11 |41 16 |4 |13 20 |8 |7 77 |63 46 9 65 |61 33 |27 |15 3 |39 |23 96 |72 25 |94 |71 80 60 |12 |48 |42 |59 40 |97 |2 |
20778.5 203983
95 36 34 56 29 62 82 83 44 89 35 98 53 10 19 |5 47 31 28 55 86 88 21 18 54 1 6 |100 38 87 66 26 84 |32 92 90 91 70 64 30 43 79 69 ||11 |80 59 |68 |46 97 |72 48 9 |14 |78 74 |7 93 41 |37 |81 45 17 61 |33 |99 51 |20 75 |58 |39 24 |2 4 |8 50 |76 |49 |71 13 |40 |94 |57 |77 |22 |85 |73 3 |65 63 |52 67 |96 12 |42 |15 |27 60 |25 |23 |16 |
21051.5 200298
95 36 34 56 29 62 82 83 44 89 35 98 53 10 19 |5 47 31 28 55 86 88 21 18 54 1 6 |100 38 87 66 26 84 |32 92 90 91 70 64 30 43 79 69 ||11 |80 59 |68 |46 97 |72 48 9 |14 |78 42 74 |7 93 41 |37 |81 45 17 61 |33 |58 27 52 |15 |99 4 51 |39 49 |25 |23 85 |73 |8 57 |16 |96 50 |13 |71 |60 24 |40 |22 94 |12 77 |75 76 |63 65 |67 |20 3 |2 |
29664.2 200123

Time:2
Last Iter:10
Last Update:10
Tabu:0
Last Time2
12
11 47 95 32 28 55 7 86 18 88 21 78 1 6 |5 19 73 54 98 53 10 35 89 44 83 34 56 29 36 63 84 |82 90 31 45 30 64 70 91 92 97 87 66 9 26 |62 65 38 100 60 43 79 69 ||58 |27 74 |12 |37 |8 94 75 |99 41 |22 33 |49 39 |72 48 40 96 20 |16 17 51 93 42 |23 59 |13 |14 77 3 68 |46 25 |80 57 |15 |81 |24 85 61 4 |50 76 71 |2 52 67 
13138.3 254672
56 2 95 99 32 28 55 39 86 74 88 21 1 6 |5 90 91 70 8 64 30 45 31 43 79 69 |83 54 29 62 82 34 36 87 66 46 26 96 38 100 84 |92 49 18 47 44 89 35 98 53 10 19 ||33 |97 76 |17 93 11 |3 65 20 |42 27 75 |94 50 71 |59 13 22 58 |81 23 |37 63 72 |52 67 57 80 |14 12 |9 |48 25 77 |16 85 61 51 |60 |7 |15 73 |4 41 78 |24 40 68 
13619.7 243287
28 32 95 31 43 79 |62 66 26 38 71 92 90 91 70 64 30 100 69 |44 89 5 47 54 55 86 18 88 21 1 6 |98 87 19 53 10 35 83 82 25 34 56 29 36 84 ||94 72 |13 59 |63 |58 81 60 67 |42 2 61 |50 9 97 |3 15 |37 |39 |99 |4 93 17 24 |20 40 46 |68 |8 22 45 |33 |57 |73 |77 12 52 |85 27 11 75 51 |16 48 |65 14 |23 78 |76 80 |41 49 |7 74 |96 
16773.9 230309
28 31 84 |81 22 5 47 54 18 86 88 21 1 6 |55 87 66 36 29 56 34 82 83 44 89 35 98 53 10 19 |62 32 95 30 64 70 91 90 92 26 38 100 79 43 69 ||7 74 78 |80 13 |97 94 |14 12 72 |41 16 |96 9 65 |68 |24 |4 |46 63 25 |20 60 8 50 |27 33 61 |57 71 |73 |67 |59 45 11 |37 48 |15 77 |49 93 42 |3 17 |39 51 75 85 |76 58 |99 |40 52 |23 |2 
17411.8 225292
98 47 54 18 1 84 |5 87 26 36 29 62 82 56 34 83 44 89 35 10 53 19 |30 64 70 91 90 92 38 100 79 43 69 |66 31 95 32 28 55 86 88 21 6 ||39 |81 |74 93 51 17 16 52 |78 60 67 |27 |33 |46 57 |68 25 |73 |77 12 72 20 |22 96 |80 97 63 |11 23 45 94 |14 3 65 |2 41 |15 |99 |8 58 76 |4 61 85 24 |71 9 48 40 |49 75 |7 |37 |42 |50 13 59 |
18634.2 211794
28 31 5 47 54 18 86 88 21 1 6 |55 87 66 36 83 44 89 35 98 53 10 19 |32 95 30 64 70 91 90 92 26 38 100 79 43 69 |29 62 82 56 34 84 ||12 60 |37 63 |2 99 17 |52 23 |58 81 |73 |40 9 65 77 |71 |96 50 24 20 |80 76 |39 49 |78 41 |93 4 85 |57 13 |22 45 67 |74 75 51 61 |27 |11 94 |14 |7 |8 |72 48 46 97 |25 3 |42 16 |68 15 |33 59 |
19352.8 211665
28 31 5 47 54 18 86 88 21 1 6 |55 87 66 36 83 44 89 35 98 53 10 19 |32 95 30 64 70 91 90 92 26 38 100 79 43 69 |29 62 82 56 34 84 ||7 74 78 |3 |12 40 |67 58 81 23 75 |2 39 |99 51 61 |57 50 94 60 |46 72 |73 15 |13 71 96 |97 76 |37 |4 93 17 24 |20 |77 |41 |33 |49 16 |63 9 |65 14 |80 |22 52 |45 59 |85 8 |25 |42 |27 |68 |48 |11 
19997.6 204778
28 31 5 47 54 18 86 88 21 1 6 |55 87 66 36 83 44 89 35 98 53 10 19 |32 95 30 64 70 91 90 92 26 38 100 79 43 69 |29 62 82 56 34 84 ||68 74 |3 15 |80 76 67 |58 81 23 75 |2 39 78 |99 51 61 |57 50 94 60 |46 72 40 |73 |13 71 96 |97 |37 |4 93 17 24 |20 |77 |41 |33 |49 16 |63 9 |65 14 |12 |22 52 |45 59 |85 8 |25 |42 |27 |7 |48 |11 
21410 204270
28 31 5 47 54 18 86 88 21 1 6 |55 87 66 36 83 44 89 35 98 53 10 19 |32 95 30 64 70 91 90 92 26 38 100 79 43 69 |29 62 82 56 34 84 ||7 78 |3 15 |37 40 |80 76 67 |58 81 23 75 |2 39 |99 51 61 |57 |94 60 |46 72 9 63 |13 71 96 |97 |4 52 |68 |73 |24 |65 20 |45 17 16 85 |50 |93 |77 |41 49 74 |12 |22 59 |14 |8 |33 |42 |27 |11 |48 25 
21904.5 203492
28 31 5 47 54 18 86 88 21 1 6 |55 87 66 36 83 44 89 35 98 53 10 19 |32 95 30 64 70 91 90 92 26 38 100 79 43 69 |29 62 82 56 34 84 ||7 78 |3 15 |37 40 |80 76 67 |58 81 23 75 |2 39 |99 51 61 |57 |50 94 60 |46 72 9 63 |13 71 96 |97 |4 52 |68 |73 |24 |65 20 |45 17 16 85 |93 |74 |49 14 |48 |8 |41 |12 |77 |22 59 |42 |33 |11 27 |25 
22769.1 203050
28 31 5 47 54 18 86 88 21 1 6 |55 87 66 36 83 44 89 35 98 53 10 19 |32 95 30 64 70 91 90 92 26 38 100 79 43 69 |29 62 82 56 34 84 ||7 74 78 |3 15 |37 40 |80 76 67 |58 81 23 75 |2 39 |99 51 61 |57 50 94 60 |46 72 |73 |13 71 96 |97 |4 93 17 24 |20 |77 |41 49 16 |63 9 |65 14 |12 |22 52 |45 59 |85 |8 |68 |33 |25 |42 |27 |11 |48 |
23393 202968
28 31 5 47 54 18 86 88 21 1 6 |55 87 66 36 83 44 89 35 98 53 10 19 |32 95 30 64 70 91 90 92 26 38 100 79 43 69 |29 62 82 56 34 84 ||7 74 78 |3 |12 40 |80 76 67 |58 81 23 |2 39 |22 59 |57 50 94 60 |46 72 |73 |13 |96 61 |97 |51 |45 93 17 |20 52 |77 |41 49 16 |63 |65 |37 |99 24 |4 75 85 |9 71 |15 |8 |33 |14 |25 |42 |27 |68 |48 |11 
24876.1 202817

Time:1
Last Iter:10
Last Update:10
Tabu:0
Last Time1
9
62 28 55 86 18 54 44 89 35 98 53 10 19 |17 51 32 99 95 88 21 1 6 |83 47 42 31 45 30 64 22 13 94 70 91 90 92 71 26 84 |5 82 66 29 34 56 36 48 46 87 97 38 100 79 43 69 ||25 9 |58 |4 2 74 |3 77 |20 67 52 61 75 |63 68 |41 93 39 49 |33 81 |73 15 |78 7 |27 59 |12 65 |76 |23 11 85 16 |40 72 14 |8 80 |37 |57 50 96 60 24 
13485.1 263036
9 47 54 95 28 55 86 18 88 21 1 6 |5 100 92 90 91 70 64 30 31 43 79 69 |32 38 62 82 83 44 89 35 98 10 53 19 |26 87 66 29 36 56 34 84 ||16 |57 97 |80 71 59 67 |37 72 |73 3 |58 13 76 |27 75 42 74 |22 96 |65 25 |11 23 81 60 52 24 |85 |93 4 61 17 |14 12 |33 45 94 8 |77 63 48 |78 49 39 7 |99 |68 15 |20 50 46 |51 41 |2 |40 
14624.8 209614
36 34 56 29 66 87 26 84 |47 54 95 28 55 86 18 88 21 1 6 |5 100 92 90 91 70 64 30 31 43 79 69 |32 38 62 82 83 44 89 35 98 53 10 19 ||2 16 |57 9 40 |80 71 59 67 |37 72 |73 3 |58 13 76 |75 42 74 |22 96 |65 25 |11 23 81 60 52 24 |85 |93 4 61 17 |14 12 |33 45 94 8 |77 63 48 |78 49 39 7 |99 |68 15 |20 50 46 |51 41 |27 |97 |
16198.5 201823
36 34 56 29 66 87 26 84 |47 54 95 28 55 86 18 88 21 1 6 |5 100 92 90 91 70 64 30 31 43 79 69 |32 38 62 82 83 44 89 35 98 53 10 19 ||2 16 |57 9 40 |80 71 59 67 |37 72 |73 |58 13 76 |27 75 42 74 |22 |65 25 46 |11 23 81 60 52 24 |85 |15 |93 4 61 17 |14 12 |33 45 94 8 |77 63 48 |78 49 39 7 |99 |68 |3 96 |41 20 |50 |51 |97 |
18509.1 201299
36 34 56 29 66 87 26 84 |47 54 95 28 55 86 18 88 21 1 6 |5 100 92 90 91 70 64 30 31 43 79 69 |32 38 62 82 83 44 89 35 98 10 53 19 ||97 9 40 |2 99 16 |80 71 59 67 |37 72 |73 3 |58 13 76 |14 |17 |27 |74 |96 |65 25 |11 23 81 |12 |93 4 61 |33 |8 |60 52 20 |85 75 24 |78 42 39 7 49 |15 |22 |45 94 |77 63 48 |68 |51 |41 |50 46 |57 |
18746 197666
36 34 56 29 66 87 26 84 |47 54 95 28 55 86 18 88 21 1 6 |5 100 92 90 91 70 64 30 31 43 79 69 |32 38 62 82 83 44 89 35 98 53 10 19 ||2 16 |57 9 40 |80 71 59 67 |37 72 |73 3 |58 13 76 |27 75 42 74 |22 96 |65 25 |11 23 81 60 52 24 |85 |93 4 61 17 |14 12 |33 8 |45 94 |46 |99 |78 49 39 |7 |63 48 |77 |20 |15 68 |97 50 |51 41 
18802.2 197352
36 34 56 29 66 87 26 84 |47 54 95 28 55 86 18 88 21 1 6 |5 100 92 90 91 70 64 30 31 43 79 69 |32 38 62 82 83 44 89 35 98 53 10 19 ||16 |57 8 |63 80 71 |67 |37 72 |73 3 |58 13 76 |94 |42 74 |27 96 |11 23 75 |60 52 |22 |65 25 |48 24 |85 17 |93 4 61 |7 14 |33 45 |97 |77 12 |2 |78 49 39 |99 |40 9 |68 |20 |15 |59 81 |51 41 |46 |50 |
22878.4 195728
36 34 56 29 66 87 26 84 |47 54 95 28 55 86 18 88 21 1 6 |5 100 92 90 91 70 64 30 31 43 79 69 |32 38 62 82 83 44 89 35 98 53 10 19 ||12 16 |57 9 40 |80 71 59 67 |37 72 |58 13 76 |27 |74 3 |46 96 |65 25 |11 81 60 24 |73 |99 |93 |2 |4 61 17 |42 14 |33 |45 94 8 |77 |23 85 |50 |75 |49 |7 78 |39 |22 |20 |68 |15 |51 41 |97 63 |48 |52 |
23418.1 194119
36 34 56 29 66 87 26 84 |47 54 95 28 55 86 18 88 21 1 6 |5 100 92 90 91 70 64 30 31 43 79 69 |32 38 62 82 83 44 89 35 98 53 10 19 ||12 16 |57 8 |80 71 59 67 |40 |37 72 |58 |76 |27 |74 3 |46 |65 |11 81 60 |96 |22 |99 24 |93 |9 |2 |4 61 17 |73 14 |33 |45 94 |13 |75 |23 85 |78 49 39 |52 |7 |25 63 48 |77 |42 20 |15 68 |97 50 |51 41 
25441.1 193980

Time:0
Last Iter:10
Last Update:10
Tabu:0
Last Time0
9
62 28 55 86 18 54 44 89 35 98 53 10 19 |17 51 32 99 95 88 21 1 6 |83 47 42 31 45 30 64 22 13 94 70 91 90 92 71 26 84 |5 82 66 29 34 56 36 48 46 87 97 38 100 79 43 69 ||25 9 |58 |4 2 74 |3 77 |20 67 52 61 75 |63 68 |41 93 39 49 |33 81 |73 15 |78 7 |27 59 |12 65 |76 |23 11 85 16 |40 72 14 |8 80 |37 |57 50 96 60 24 
13485.1 263036
9 47 54 95 28 55 86 18 88 21 1 6 |5 100 92 90 91 70 64 30 31 43 79 69 |32 38 62 82 83 44 89 35 98 10 53 19 |26 87 66 29 36 56 34 84 ||16 |57 97 |80 71 59 67 |37 72 |73 3 |58 13 76 |27 75 42 74 |22 96 |65 25 |11 23 81 60 52 24 |85 |93 4 61 17 |14 12 |33 45 94 8 |77 63 48 |78 49 39 7 |99 |68 15 |20 50 46 |51 41 |2 |40 
14624.8 209614
36 34 56 29 66 87 26 84 |47 54 95 28 55 86 18 88 21 1 6 |5 100 92 90 91 70 64 30 31 43 79 69 |32 38 62 82 83 44 89 35 98 53 10 19 ||2 16 |57 9 40 |80 71 59 67 |37 72 |73 3 |58 13 76 |75 42 74 |22 96 |65 25 |11 23 81 60 52 24 |85 |93 4 61 17 |14 12 |33 45 94 8 |77 63 48 |78 49 39 7 |99 |68 15 |20 50 46 |51 41 |27 |97 |
16198.5 201823
36 34 56 29 66 87 26 84 |47 54 95 28 55 86 18 88 21 1 6 |5 100 92 90 91 70 64 30 31 43 79 69 |32 38 62 82 83 44 89 35 98 53 10 19 ||2 16 |57 9 40 |80 71 59 67 |37 72 |73 |58 13 76 |27 75 42 74 |22 |65 25 46 |11 23 81 60 52 24 |85 |15 |93 4 61 17 |14 12 |33 45 94 8 |77 63 48 |78 49 39 7 |99 |68 |3 96 |41 20 |50 |51 |97 |
18509.1 201299
36 34 56 29 66 87 26 84 |47 54 95 28 55 86 18 88 21 1 6 |5 100 92 90 91 70 64 30 31 43 79 69 |32 38 62 82 83 44 89 35 98 10 53 19 ||97 9 40 |2 99 16 |80 71 59 67 |37 72 |73 3 |58 13 76 |14 |17 |27 |74 |96 |65 25 |11 23 81 |12 |93 4 61 |33 |8 |60 52 20 |85 75 24 |78 42 39 7 49 |15 |22 |45 94 |77 63 48 |68 |51 |41 |50 46 |57 |
18746 197666
36 34 56 29 66 87 26 84 |47 54 95 28 55 86 18 88 21 1 6 |5 100 92 90 91 70 64 30 31 43 79 69 |32 38 62 82 83 44 89 35 98 53 10 19 ||2 16 |57 9 40 |80 71 59 67 |37 72 |73 3 |58 13 76 |27 75 42 74 |22 96 |65 25 |11 23 81 60 52 24 |85 |93 4 61 17 |14 12 |33 8 |45 94 |46 |99 |78 49 39 |7 |63 48 |77 |20 |15 68 |97 50 |51 41 
18802.2 197352
36 34 56 29 66 87 26 84 |47 54 95 28 55 86 18 88 21 1 6 |5 100 92 90 91 70 64 30 31 43 79 69 |32 38 62 82 83 44 89 35 98 53 10 19 ||16 |57 8 |63 80 71 |67 |37 72 |73 3 |58 13 76 |94 |42 74 |27 96 |11 23 75 |60 52 |22 |65 25 |48 24 |85 17 |93 4 61 |7 14 |33 45 |97 |77 12 |2 |78 49 39 |99 |40 9 |68 |20 |15 |59 81 |51 41 |46 |50 |
22878.4 195728
36 34 56 29 66 87 26 84 |47 54 95 28 55 86 18 88 21 1 6 |5 100 92 90 91 70 64 30 31 43 79 69 |32 38 62 82 83 44 89 35 98 53 10 19 ||12 16 |57 9 40 |80 71 59 67 |37 72 |58 13 76 |27 |74 3 |46 96 |65 25 |11 81 60 24 |73 |99 |93 |2 |4 61 17 |42 14 |33 |45 94 8 |77 |23 85 |50 |75 |49 |7 78 |39 |22 |20 |68 |15 |51 41 |97 63 |48 |52 |
23418.1 194119
36 34 56 29 66 87 26 84 |47 54 95 28 55 86 18 88 21 1 6 |5 100 92 90 91 70 64 30 31 43 79 69 |32 38 62 82 83 44 89 35 98 53 10 19 ||12 16 |57 8 |80 71 59 67 |40 |37 72 |58 |76 |27 |74 3 |46 |65 |11 81 60 |96 |22 |99 24 |93 |9 |2 |4 61 17 |73 14 |33 |45 94 |13 |75 |23 85 |78 49 39 |52 |7 |25 63 48 |77 |42 20 |15 68 |97 50 |51 41 
25441.1 193980

