Time:8
Last Iter:10
Last Update:8
Tabu:0
Last Time7
4
71 41 94 85 64 27 55 11 88 62 84 4 57 83 95 61 51 29 43 20 |24 96 36 31 56 13 15 73 48 54 65 69 80 59 91 34 26 2 33 100 12 53 |47 39 70 21 60 6 99 30 49 9 38 76 52 40 97 7 74 77 |32 19 89 25 46 42 23 93 44 75 28 5 37 90 79 45 17 82 63 3 ||72 |81 |14 |92 67 |50 |1 |86 |10 78 |16 |87 |18 |68 |35 |58 |22 |98 |8 66 
22860.2 500478
2 83 95 36 31 71 47 65 69 32 59 80 54 96 48 73 15 13 56 20 |6 91 60 21 34 26 33 53 81 12 100 30 49 9 38 76 7 52 40 97 67 74 77 |70 75 25 89 19 94 24 55 11 85 57 4 62 88 84 27 61 51 29 43 |64 99 39 44 41 23 93 28 5 46 42 37 90 79 1 68 17 45 82 63 3 ||58 22 |72 |10 |86 |50 |92 16 |66 |87 |8 |35 |78 98 |14 |18 
23601.3 496137
34 36 56 13 15 95 83 57 64 62 4 84 88 55 11 27 61 51 29 43 20 |46 85 19 24 94 25 89 45 17 79 90 37 5 75 44 39 52 40 97 74 77 |60 31 65 32 73 48 71 96 47 54 80 69 59 91 26 2 21 6 99 33 100 12 53 |42 70 30 9 49 38 76 7 93 28 23 41 82 63 3 ||16 98 |67 92 |35 8 |81 |10 58 |86 |50 |68 |72 |18 |78 |87 |1 |66 |14 |22 
23739.9 487563
85 69 36 31 61 51 29 74 7 38 9 33 100 12 53 |99 46 75 42 79 90 37 5 28 23 93 44 39 76 52 40 97 41 77 |95 70 49 60 6 21 2 26 34 91 59 32 65 80 54 96 47 71 48 73 15 13 56 8 20 43 |30 64 57 83 27 84 4 62 88 11 55 24 94 19 25 89 45 68 17 82 63 3 ||14 |35 58 |67 |86 |78 16 |87 81 |22 72 |98 |92 |18 |66 10 |50 |1 
23802.1 472991

Time:8
Last Iter:10
Last Update:10
Tabu:0
Last Time8
4
99 4 27 51 61 36 31 15 13 73 48 71 96 47 54 80 65 69 32 91 59 14 56 20 43 |83 46 42 75 44 39 40 52 76 7 38 49 30 33 100 12 53 |85 29 95 64 84 62 88 11 55 24 94 19 25 89 45 17 1 79 90 37 5 28 93 23 41 |57 97 82 63 3 74 9 70 60 21 6 2 34 26 81 77 ||22 |78 98 |8 |87 |92 |50 66 |10 |86 |68 |16 67 |72 |58 35 |18 
22878.6 527510
31 98 46 89 79 90 37 5 75 28 93 23 41 97 40 52 7 38 49 9 74 77 |70 45 42 39 76 30 60 6 21 26 2 99 33 100 12 53 |44 91 27 83 57 85 64 62 4 84 88 11 55 24 94 19 25 17 82 63 3 |34 36 95 71 96 47 54 65 69 80 32 59 73 48 15 13 56 61 51 29 20 43 ||81 |8 35 58 |14 |68 |66 |1 |16 78 |22 |18 86 |92 67 |72 87 |10 |50 |
23227.8 486496
70 85 83 84 57 64 4 62 88 11 55 24 94 19 25 89 45 17 82 63 3 |36 76 79 90 46 42 37 5 75 97 40 52 39 44 93 28 23 41 |34 48 30 53 91 80 65 69 32 59 54 47 96 71 31 95 61 51 29 43 20 |60 27 15 73 13 56 12 26 2 21 6 99 33 100 9 49 38 74 7 67 77 ||98 |16 |87 |81 |86 |1 |10 22 |68 |14 |8 |58 |92 |35 |72 |78 |18 |66 50 |
24315.2 485785
46 31 89 79 90 37 5 75 28 93 23 41 97 40 52 7 38 49 9 74 77 |70 45 42 39 76 30 60 6 21 26 2 99 33 100 12 53 |44 91 27 83 57 85 64 62 4 84 88 11 55 24 94 19 25 17 82 63 3 |34 36 95 71 96 47 54 65 69 80 32 59 73 48 15 13 56 61 51 29 20 43 ||81 |8 58 |92 |68 |66 |86 |78 22 |18 |16 72 |35 |14 |1 |67 |10 |50 |87 |98 
24578.7 469422

Time:8
Last Iter:10
Last Update:10
Tabu:0
Last Time8
3
42 76 90 79 45 82 17 23 28 39 44 93 41 40 52 97 7 74 16 77 |46 63 37 89 25 19 24 64 85 57 4 62 88 84 11 55 27 61 51 29 |75 3 6 34 26 2 70 60 21 99 33 30 49 38 9 100 12 53 |5 94 83 95 36 31 48 71 96 47 54 80 65 69 32 91 59 73 15 13 56 20 43 ||68 |87 |50 |81 |78 |35 |14 |1 |86 18 98 |72 58 |22 |67 92 |8 66 |10 
21806.7 490565
26 83 95 61 51 27 85 57 64 4 84 88 11 55 24 94 19 25 89 45 68 17 98 |31 62 46 42 79 90 37 5 75 44 28 93 23 82 63 3 |30 36 13 2 70 21 6 99 33 100 12 9 49 38 74 7 76 52 40 97 41 77 |60 39 34 53 91 59 32 80 69 65 54 47 96 71 48 73 15 56 20 43 29 ||92 |50 |86 |66 |14 |78 72 |81 |58 |67 |35 |87 |22 8 |1 |18 |10 16 
23413.6 484538
26 85 95 61 51 27 83 57 64 4 84 88 11 55 24 94 19 25 89 45 68 17 98 |31 62 46 42 79 90 37 5 75 44 28 93 23 82 63 3 |30 36 13 2 70 21 6 99 33 100 12 9 49 38 74 7 76 52 40 97 41 77 |60 39 34 53 91 59 32 80 69 65 54 47 96 71 48 73 15 56 20 43 29 ||92 |50 |86 |14 |66 |58 |81 78 |67 |1 |35 22 |87 72 |18 |8 |10 16 
24117.5 479028

Time:7
Last Iter:10
Last Update:9
Tabu:0
Last Time7
3
30 85 57 83 95 36 31 15 13 73 48 71 96 47 54 80 69 32 59 91 20 43 |46 56 60 6 21 70 34 26 2 99 33 100 87 12 53 77 |64 37 76 41 74 9 49 38 7 52 97 40 39 75 5 28 93 23 17 82 63 3 |65 42 44 90 79 45 89 25 19 94 24 88 62 4 84 11 55 27 61 51 29 ||67 |50 |78 |14 |22 10 |72 16 98 |66 8 |92 |58 35 |18 86 |81 |68 |1 |
22916.9 478546
85 34 53 91 59 32 80 69 65 54 96 47 71 48 36 31 15 73 13 56 8 61 51 29 43 20 |70 76 26 60 21 6 2 99 33 100 9 49 38 7 74 16 67 77 |4 30 46 42 79 90 37 5 75 28 23 93 44 39 52 40 97 41 |62 12 95 27 64 57 83 84 88 11 55 24 94 19 25 89 45 17 82 63 3 ||87 |92 |81 |50 |35 |78 72 98 |22 66 |18 |1 |86 |58 |14 |68 |10 
24772.3 476693
44 95 94 64 85 83 84 4 62 88 55 11 27 61 51 29 43 |70 57 36 31 53 91 59 14 80 69 65 54 96 47 48 73 15 13 56 20 |76 71 32 34 26 2 60 21 99 30 33 12 100 9 49 38 7 52 40 97 41 77 |6 24 74 39 93 23 28 75 5 37 42 46 90 79 25 19 89 45 17 82 63 3 ||67 |16 |78 |18 |66 8 |87 |72 81 |10 22 |50 |1 |68 |92 98 |86 |58 35 
24947.2 465110

Time:7
Last Iter:10
Last Update:10
Tabu:0
Last Time7
2
79 95 61 51 27 83 57 64 4 84 62 88 11 55 24 94 19 25 89 17 82 63 3 |90 36 31 59 91 32 69 65 54 96 47 71 48 73 15 13 56 20 43 |85 29 45 46 42 37 5 28 23 93 75 44 39 52 40 97 41 12 53 |2 80 34 26 70 60 21 6 99 30 76 49 33 100 9 38 7 74 77 ||67 16 98 |66 |81 |14 |68 |8 |78 |50 |18 86 |87 |10 22 58 |35 |92 72 |1 
22083.8 484204
85 60 30 70 6 21 26 2 99 33 100 49 38 9 7 40 97 41 82 18 63 3 |42 12 91 53 27 24 55 84 88 62 64 4 57 83 95 61 51 29 |46 34 36 31 59 32 69 65 80 54 96 47 71 48 73 15 13 35 56 20 43 |94 76 11 19 25 89 45 17 79 90 37 5 75 28 23 93 44 39 52 74 77 ||58 72 |1 |86 |67 16 98 |66 |81 |14 |68 |8 |78 |50 |92 |22 |10 |87 
24367.1 469074

Time:8
Last Iter:10
Last Update:8
Tabu:0
Last Time6
2
19 70 26 9 49 30 60 21 6 99 33 100 12 91 32 59 53 77 |2 79 41 25 89 94 24 55 11 62 88 84 4 64 85 57 83 27 61 51 29 20 43 |95 42 90 37 76 38 74 7 52 97 40 39 44 75 5 28 93 23 17 45 82 63 3 |46 36 31 34 69 65 80 54 47 96 71 48 73 15 13 56 ||35 10 |98 |50 |81 |14 |1 |18 86 |78 67 |58 |72 87 |92 |68 |66 |16 |22 8 
23248.7 500136
42 60 70 6 21 34 26 2 99 33 100 12 |57 75 41 28 79 90 37 5 23 93 44 39 40 97 52 76 30 49 9 38 7 74 77 |85 36 53 29 51 61 27 83 84 4 64 62 88 11 55 24 94 19 25 89 45 17 82 63 3 |46 95 31 73 59 91 32 80 69 65 54 47 96 71 48 15 13 56 20 43 ||72 10 |86 98 |58 |8 |87 |1 |35 |92 67 |66 50 |81 |14 |16 78 |22 |18 |68 
24019.6 464315

Time:8
Last Iter:10
Last Update:9
Tabu:0
Last Time7
6
46 79 60 21 70 34 26 2 6 99 33 100 87 12 72 53 |5 85 84 24 94 19 25 90 37 75 44 39 52 40 97 41 93 28 23 68 17 45 82 63 3 |76 64 83 57 4 62 88 55 11 27 95 13 15 48 73 58 56 20 43 61 51 29 |42 89 36 31 71 96 47 54 80 65 69 32 59 91 81 30 49 38 9 7 74 77 ||22 |86 |1 |78 |92 67 |10 |14 |50 |98 18 |16 |35 |66 8 
22823.2 548906
37 21 59 91 32 69 65 54 96 47 73 48 71 36 31 15 13 56 |80 24 27 57 85 64 62 88 55 11 84 4 83 95 61 51 29 43 20 53 |46 94 79 42 5 75 28 93 44 39 76 30 49 38 9 33 100 12 77 |90 70 34 26 2 60 6 99 74 7 52 97 40 41 23 17 45 25 19 89 82 63 3 ||14 |98 86 |92 |87 |35 |18 |1 |78 16 67 |81 |8 22 |72 |66 50 |68 |10 58 
23185.3 511224
6 96 61 27 83 64 85 57 4 84 62 88 11 55 24 94 19 25 89 45 82 63 3 |60 34 41 76 44 39 40 97 52 7 74 9 38 49 30 100 33 87 12 77 |70 53 26 2 99 93 42 46 79 90 37 5 75 28 23 17 |21 95 51 71 36 31 13 15 48 73 47 54 80 65 69 32 91 59 56 20 43 29 ||18 86 |67 |92 |68 |58 35 22 |78 |66 50 |1 98 |8 |16 |14 |72 10 |81 
23664.1 500060
70 27 51 29 76 44 75 37 90 79 5 28 93 23 41 |46 39 65 15 47 69 73 48 71 96 54 80 91 32 59 14 56 20 43 |42 36 61 95 83 57 85 64 4 84 62 88 11 55 24 94 19 25 89 45 17 82 63 3 |34 31 13 26 2 99 6 21 60 30 74 52 40 97 7 38 49 9 100 33 12 53 77 ||10 |78 |66 |92 |1 98 |16 |81 |8 22 |72 |58 35 |87 |86 18 |68 |50 |67 
24026.3 486554
80 76 90 79 45 89 25 19 94 86 24 55 11 62 88 4 84 27 61 51 29 43 |46 69 32 91 34 26 2 70 60 21 6 99 30 49 38 9 100 33 12 81 53 77 |85 59 64 83 95 36 31 71 96 47 65 54 48 73 15 13 56 20 |57 42 37 74 7 41 97 40 52 39 44 75 5 28 93 23 17 82 63 3 ||92 |87 |8 35 |18 |22 |1 |78 16 67 |66 50 |68 |10 58 |72 |14 |98 
24407.2 482082
46 83 34 76 52 39 44 75 5 28 23 93 40 97 41 98 |95 26 82 63 3 36 31 80 59 91 32 69 65 54 47 96 71 48 73 15 13 8 56 20 43 |85 70 53 12 100 2 60 21 6 99 30 49 9 38 7 74 16 77 |57 33 42 37 90 79 17 45 89 25 19 94 24 64 62 88 4 84 55 11 27 61 51 29 ||72 10 |81 |87 |18 86 |67 |14 |92 |68 |58 35 22 |78 |66 50 |1 
25322.9 478976

Time:8
Last Iter:10
Last Update:10
Tabu:0
Last Time8
3
94 48 34 26 70 60 21 6 2 99 30 100 33 12 53 |76 27 19 45 17 82 63 24 55 11 85 64 62 88 4 84 83 95 61 51 29 43 |31 41 25 89 46 42 79 90 37 5 75 28 23 93 44 39 52 40 97 7 38 49 9 74 77 |57 3 36 47 65 71 96 54 80 69 32 91 59 73 15 13 8 56 22 20 ||98 78 |10 |67 |50 |86 |14 |66 |16 |81 |87 |35 |1 |72 |92 |18 |58 |68 
22862.4 498549
79 27 44 75 37 5 28 23 93 39 21 30 76 52 40 97 67 41 |90 31 83 85 57 64 4 84 62 88 11 55 24 94 19 25 89 45 17 82 86 18 63 3 |42 91 53 12 34 26 2 70 60 6 99 33 100 9 49 38 7 92 74 77 |46 36 95 61 51 29 59 32 69 65 80 54 47 96 71 48 73 15 13 56 20 43 ||98 10 |8 22 |78 |14 |58 |81 |1 |72 16 |35 |68 |66 |50 |87 
23697.8 495247
46 2 76 53 12 100 33 99 6 21 60 30 49 38 9 74 7 52 97 40 41 77 |85 34 91 73 27 84 4 64 62 88 11 55 24 94 25 89 86 |70 57 83 36 31 71 96 47 54 65 69 32 59 80 48 15 13 56 20 61 51 29 43 |26 95 19 42 79 90 37 5 75 39 44 93 28 23 68 17 45 82 63 3 ||14 |58 |1 |35 |66 |22 |16 72 |67 |8 |50 |92 98 |10 |87 81 |18 78 |
24471.1 479785

Time:7
Last Iter:10
Last Update:10
Tabu:0
Last Time7
5
60 42 38 9 49 30 70 99 6 21 34 26 2 33 100 12 72 |69 85 4 51 61 27 84 62 88 11 55 94 19 25 89 45 17 82 63 3 29 43 20 |57 48 83 95 36 31 15 56 13 73 71 96 47 54 65 80 32 59 91 53 |76 64 24 46 79 90 37 5 75 28 23 93 44 39 52 97 41 40 7 74 77 ||58 |50 |68 |81 |87 |78 |66 |35 8 |98 22 |18 86 |1 |10 16 |67 92 |14 
23204.9 496204
60 85 95 36 31 80 59 91 32 69 65 54 96 47 71 48 73 15 13 56 |46 76 79 39 40 97 7 74 38 9 49 30 99 6 21 2 26 33 100 12 53 |70 57 83 19 25 89 45 17 42 90 37 5 28 44 93 23 41 77 |34 75 52 20 3 63 82 94 24 55 11 88 62 64 4 84 27 61 51 29 43 ||72 87 |92 |50 |68 |22 |18 |98 |58 8 |35 |81 |14 |66 |16 |86 |1 |67 78 |10 
24102.7 487800
57 48 95 36 31 15 56 13 73 71 96 47 54 65 80 32 59 91 |76 64 24 46 79 90 37 5 75 28 23 93 44 39 52 97 41 40 7 74 77 |42 85 83 3 63 82 17 45 19 25 89 94 62 88 4 84 55 11 27 61 51 29 43 20 |70 69 60 34 26 2 21 6 99 30 49 38 9 100 33 12 53 ||58 |50 |68 |81 |87 |78 |66 |35 8 |98 22 |18 86 |1 |10 16 |67 92 |14 |72 |
24273.5 480708
31 25 76 2 70 60 6 99 33 100 30 49 9 38 7 67 74 |21 94 24 89 23 41 97 40 52 39 44 93 28 75 5 37 90 79 45 17 82 63 3 |46 36 26 34 91 59 32 69 65 80 54 47 96 71 48 73 15 13 56 53 |42 12 19 95 83 57 85 64 62 4 84 88 55 11 27 61 51 29 43 20 77 ||58 |18 |87 |78 10 |81 72 |16 98 |86 |8 35 22 |50 66 |68 |92 |1 |14 
24627.5 473714
31 25 76 2 70 60 6 99 33 100 30 49 9 38 7 92 74 |21 94 24 89 23 41 97 40 52 39 44 93 28 75 5 37 90 79 45 17 82 63 3 |46 36 53 26 34 91 59 32 69 65 80 54 47 96 71 48 73 15 13 56 |42 12 19 95 83 57 85 64 4 84 62 88 55 11 27 61 51 29 43 20 77 ||68 |78 16 |81 |66 |35 |86 |58 |87 |1 |98 67 |10 |72 |18 |22 |50 |14 |8 
24656.5 464162

Time:8
Last Iter:10
Last Update:9
Tabu:0
Last Time7
4
27 60 49 9 100 33 70 21 6 99 2 26 34 91 32 59 56 10 |84 38 69 13 15 73 48 96 65 80 54 47 71 36 31 50 61 51 29 43 20 |76 95 83 57 85 64 4 62 88 11 55 24 94 19 25 89 45 68 17 82 63 3 |30 46 42 52 39 44 75 5 37 90 79 1 23 28 93 41 40 97 7 74 12 53 77 ||78 16 |22 |72 87 |18 |8 35 |92 |86 |58 |14 |66 |67 |81 |98 
22791.5 517386
21 76 33 6 100 97 40 41 23 18 27 61 50 51 29 43 |60 46 42 90 37 5 75 28 93 44 39 52 7 38 49 9 74 12 53 77 |79 36 95 85 64 83 57 4 84 62 88 11 55 24 94 19 25 89 45 68 17 82 63 3 |31 70 30 99 2 26 34 80 71 96 47 54 65 69 32 91 59 14 73 48 15 13 56 20 ||92 78 |66 8 |1 |67 |10 22 58 |35 |87 81 |16 |86 |72 98 
23524.6 505795
70 36 31 45 89 25 19 24 64 85 57 4 62 88 84 11 55 3 |46 94 28 79 90 37 75 44 93 23 17 82 63 27 83 95 61 51 29 43 |42 12 39 53 34 91 59 32 69 65 80 54 96 47 71 48 73 15 13 56 20 |26 5 2 60 21 6 99 33 100 9 38 49 30 76 52 40 41 97 7 74 16 77 ||68 |67 |10 |92 |66 |14 |87 |98 78 |50 22 |35 8 |18 |86 |81 |1 |58 |72 
23604.3 494012
70 36 31 24 64 85 57 4 62 88 84 11 55 27 83 95 61 51 29 43 |42 39 53 34 91 59 32 69 65 80 54 96 47 71 48 73 15 13 56 20 |26 5 2 60 21 6 99 33 100 9 38 49 30 76 52 40 41 97 7 74 16 77 |46 12 93 37 44 75 28 23 90 79 94 19 25 89 45 17 82 63 3 ||67 |18 86 |50 |14 |87 |35 |10 22 8 |98 78 |66 |68 |81 |1 |92 |58 |72 
23705.2 474229

Time:0
Last Iter:10
Last Update:10
Tabu:0
Last Time0
4
27 60 49 9 100 33 70 21 6 99 2 26 34 91 32 59 56 10 |84 38 69 13 15 73 48 96 65 80 54 47 71 36 31 50 61 51 29 43 20 |76 95 83 57 85 64 4 62 88 11 55 24 94 19 25 89 45 68 17 82 63 3 |30 46 42 52 39 44 75 5 37 90 79 1 23 28 93 41 40 97 7 74 12 53 77 ||78 16 |22 |72 87 |18 |8 35 |92 |86 |58 |14 |66 |67 |81 |98 
22791.5 517386
21 76 33 6 100 97 40 41 23 18 27 61 50 51 29 43 |60 46 42 90 37 5 75 28 93 44 39 52 7 38 49 9 74 12 53 77 |79 36 95 85 64 83 57 4 84 62 88 11 55 24 94 19 25 89 45 68 17 82 63 3 |31 70 30 99 2 26 34 80 71 96 47 54 65 69 32 91 59 14 73 48 15 13 56 20 ||92 78 |66 8 |1 |67 |10 22 58 |35 |87 81 |16 |86 |72 98 
23524.6 505795
70 36 31 45 89 25 19 24 64 85 57 4 62 88 84 11 55 3 |46 94 28 79 90 37 75 44 93 23 17 82 63 27 83 95 61 51 29 43 |42 12 39 53 34 91 59 32 69 65 80 54 96 47 71 48 73 15 13 56 20 |26 5 2 60 21 6 99 33 100 9 38 49 30 76 52 40 41 97 7 74 16 77 ||68 |67 |10 |92 |66 |14 |87 |98 78 |50 22 |35 8 |18 |86 |81 |1 |58 |72 
23604.3 494012
70 36 31 24 64 85 57 4 62 88 84 11 55 27 83 95 61 51 29 43 |42 39 53 34 91 59 32 69 65 80 54 96 47 71 48 73 15 13 56 20 |26 5 2 60 21 6 99 33 100 9 38 49 30 76 52 40 41 97 7 74 16 77 |46 12 93 37 44 75 28 23 90 79 94 19 25 89 45 17 82 63 3 ||67 |18 86 |50 |14 |87 |35 |10 22 8 |98 78 |66 |68 |81 |1 |92 |58 |72 
23705.2 474229

