Time:2
Last Iter:10
Last Update:10
Tabu:0
Last Time2
2
51 11 61 19 69 37 56 66 83 9 20 89 33 92 43 78 38 6 58 85 |35 8 2 42 44 27 32 54 23 5 34 52 41 94 24 57 53 75 55 |73 77 90 79 74 14 100 46 91 47 7 93 29 76 99 3 28 17 25 80 45 |40 72 70 88 98 96 12 13 86 65 84 21 68 63 50 10 31 81 4 49 36 ||15 82 |18 |95 97 |71 22 |16 39 |26 |67 48 |1 |62 |59 |64 |30 |87 |60 
21992.7 527294
43 72 10 19 61 11 84 21 65 88 86 12 98 13 68 63 50 |54 47 73 44 32 27 40 23 57 5 34 94 41 24 51 35 75 53 55 |7 70 96 90 77 79 74 14 100 46 91 93 29 76 99 3 28 25 80 45 |8 52 42 2 6 58 85 38 78 92 33 89 20 9 83 66 56 37 69 31 81 49 36 ||62 48 22 |4 |60 |16 39 |67 |1 18 |87 30 |26 |15 |59 |95 |97 |17 82 |64 |71 |
22581.3 496961

Time:2
Last Iter:10
Last Update:10
Tabu:0
Last Time2
6
91 73 2 89 20 19 11 72 70 88 65 86 68 63 50 |44 46 76 47 7 35 51 24 52 41 94 34 54 32 27 40 5 23 57 53 75 55 |78 42 93 29 90 100 14 74 79 77 98 96 12 13 80 25 3 28 |6 61 8 43 85 58 38 92 33 9 83 66 56 37 69 84 21 10 31 81 15 49 36 ||17 59 |62 |16 |26 |64 |67 |1 |48 45 95 |71 |87 30 |39 |99 |60 |18 |82 4 |22 |97 
22264.5 554273
43 7 44 42 27 54 32 40 23 57 5 34 52 41 94 24 51 35 75 53 55 |72 47 93 91 46 100 14 74 96 98 77 79 90 3 16 29 39 76 28 25 |8 70 19 61 11 84 21 65 86 12 13 82 30 50 15 49 36 |88 73 78 2 85 6 58 38 92 33 89 20 9 83 66 64 56 37 69 31 81 10 68 63 80 ||60 |1 |62 |4 45 |97 48 |22 95 |26 |18 |71 |87 |67 |99 59 17 
23860 540560
2 19 68 21 61 72 70 65 88 86 13 12 96 98 90 25 80 |43 52 54 32 27 42 73 44 53 57 23 40 5 34 94 41 24 51 35 76 28 |100 56 63 77 79 74 14 46 91 7 47 93 29 3 55 |8 75 50 11 84 10 81 31 69 37 66 83 9 20 89 33 92 78 6 58 38 85 1 49 36 ||67 62 |22 17 |60 |30 26 |64 |87 |18 |4 |97 |48 95 71 |16 39 |15 82 45 |59 99 
23867.3 535811
54 19 77 79 74 14 100 46 91 93 47 7 76 29 99 3 28 25 |70 83 61 66 56 37 69 11 84 21 65 88 86 98 96 12 13 63 68 10 50 80 |72 27 73 2 43 8 89 9 20 33 78 38 6 58 85 64 31 81 49 36 |92 90 44 41 52 32 42 40 23 5 34 94 24 51 35 57 53 75 55 ||4 |60 |30 |22 |67 |39 |1 |48 45 95 |71 |87 |82 15 26 |17 16 59 |62 |18 |97 
24114.9 523051
52 69 93 7 91 46 100 98 96 60 12 13 86 68 63 50 10 |61 34 53 2 73 44 42 27 54 32 40 23 57 5 94 24 51 35 75 55 |43 72 70 88 65 11 84 21 81 31 37 56 66 83 9 20 89 33 92 78 38 6 58 85 49 36 |8 19 41 47 14 74 79 77 90 29 76 3 28 25 80 ||30 26 |64 |87 |18 |4 |97 |48 95 71 |16 39 |15 82 45 |59 99 |1 |67 62 |22 17 
25102.1 512887
8 11 7 47 93 46 79 74 14 100 91 29 76 75 |70 54 58 2 73 44 42 27 40 23 5 34 52 41 51 35 24 94 57 97 53 55 |43 77 50 10 19 61 84 21 65 88 86 68 63 13 12 98 96 90 3 28 25 80 |72 32 6 85 38 78 92 33 89 20 9 83 66 56 37 69 31 81 49 36 ||48 95 71 |87 |22 |4 64 |82 |67 |62 |1 |26 |18 |99 59 17 |16 39 |30 15 |60 |45 
25594.7 496964

Time:2
Last Iter:10
Last Update:9
Tabu:0
Last Time2
8
83 15 64 98 90 79 74 14 100 46 91 93 7 76 59 17 3 16 29 39 28 25 |42 72 70 69 19 61 11 84 63 12 13 86 88 65 68 87 21 10 50 80 |77 56 66 89 8 43 2 6 58 85 38 78 92 33 20 9 37 31 81 49 36 |96 47 73 44 27 54 32 40 23 57 5 34 52 41 94 24 51 35 75 53 55 ||67 |60 |45 48 30 |4 |99 |18 |82 62 |1 |22 95 |71 97 |26 
22675.2 563366
72 37 2 73 32 54 24 94 34 5 23 40 27 42 44 55 |41 19 89 56 66 83 9 20 8 43 33 92 78 38 6 58 85 18 |52 74 98 96 12 13 86 88 70 61 69 11 84 21 68 63 50 10 31 81 4 49 36 |77 65 79 90 14 100 46 91 29 76 93 47 7 51 35 57 53 75 28 3 25 80 45 ||87 |16 |67 62 |64 |1 |71 97 48 |39 |60 |30 |22 |17 99 59 |82 15 26 |95 |
23507.2 557388
7 8 66 9 20 89 33 92 78 85 58 6 2 73 44 53 |29 43 38 42 27 54 32 40 23 57 5 34 52 41 94 24 51 35 75 |70 83 84 72 88 12 13 86 63 50 10 68 21 11 61 19 56 37 69 31 81 4 49 36 48 |47 65 98 96 80 25 93 91 46 100 14 74 79 77 90 3 28 76 95 55 ||87 |67 |59 |1 |64 |18 |22 71 |16 99 |62 97 |45 17 30 |15 82 26 |39 |60 
23658.4 556372
61 75 79 14 29 90 12 13 63 68 86 65 11 21 10 50 82 49 36 |72 37 88 98 96 77 74 100 46 91 93 47 7 76 3 28 25 80 |8 19 84 81 31 69 56 66 89 83 9 20 33 92 78 38 58 6 85 44 |70 43 2 73 42 27 5 23 40 32 54 34 52 41 94 24 51 35 57 53 55 ||39 |62 67 |4 |22 |59 |48 45 |64 |26 |15 |17 16 |87 |60 |18 1 |97 71 95 |30 |99 
23746.6 542121
54 93 19 61 69 37 56 66 83 9 89 20 33 92 78 38 6 58 1 |90 8 43 85 2 73 44 42 23 5 40 32 34 52 41 94 24 51 35 57 71 97 75 22 55 48 |46 53 72 70 86 13 12 96 98 77 79 74 14 100 91 29 59 3 28 25 80 |27 47 7 76 39 88 65 11 84 21 68 63 50 10 31 81 49 36 ||60 |30 |17 99 |82 15 26 |95 |18 |4 |45 |87 |16 |67 62 |64 
24072.1 533969
70 53 90 98 96 12 88 65 86 13 63 68 21 84 11 69 37 56 31 81 10 50 80 |54 19 92 73 44 27 32 40 23 57 5 34 94 41 24 51 35 75 55 |52 72 33 83 9 20 89 8 43 2 6 78 38 58 85 49 36 |42 66 61 87 77 79 74 14 100 46 91 93 47 7 76 29 3 28 25 ||39 |97 |71 |17 82 |15 |1 |99 |30 45 48 62 |4 64 |16 59 |18 |60 |95 22 |67 |26 
24393.7 524132
19 52 75 73 44 42 27 32 40 23 5 34 41 94 51 35 24 57 53 55 49 36 |72 93 77 47 7 76 29 91 100 14 74 79 90 16 3 28 25 |61 54 8 43 2 6 58 85 38 78 92 33 89 20 9 83 66 56 37 69 31 81 |70 46 98 96 12 13 86 88 65 11 84 21 10 50 68 63 80 ||67 62 |18 1 |71 97 |87 |64 4 |59 99 48 |17 30 |39 |15 |22 95 |26 |60 |82 45 |
24756.2 500370
47 86 8 2 73 44 42 40 27 32 23 5 34 94 41 35 51 24 57 53 55 |43 7 75 66 19 61 11 84 21 87 68 63 50 10 49 36 |52 70 88 65 85 6 58 38 78 92 33 89 20 9 83 56 37 69 31 81 |54 72 98 13 12 96 90 77 79 74 14 100 46 91 93 29 39 76 3 28 25 80 ||15 4 |22 |59 |26 |62 45 |99 |67 48 |71 |18 1 |64 |97 95 |16 |30 |17 |82 |60 
24998.4 497284

Time:2
Last Iter:10
Last Update:7
Tabu:0
Last Time1
2
43 2 69 81 31 37 56 66 83 9 89 20 33 92 6 58 78 38 85 18 49 36 |12 73 44 42 27 40 32 54 34 52 41 35 51 24 94 5 23 57 97 53 75 55 |74 86 90 79 77 14 100 46 91 93 47 7 76 29 3 28 25 80 |8 98 96 13 65 88 70 72 19 61 11 84 21 68 63 10 50 ||1 |62 |39 |60 |64 |26 |22 95 |71 |59 |87 |30 45 |67 |99 |15 82 48 |17 16 |4 
21520.7 504354
43 12 73 44 42 27 40 32 54 34 52 41 35 51 24 94 5 23 57 97 53 75 55 |74 86 79 77 14 100 46 91 93 47 7 76 29 3 28 25 80 |8 98 96 13 65 88 72 19 61 11 84 21 87 68 63 10 50 |70 90 2 58 85 6 38 78 92 33 89 20 9 83 66 56 37 69 31 81 49 36 ||1 |62 |39 |60 |64 |26 |95 22 |71 |30 45 |67 |99 59 |15 82 48 |17 16 |18 |4 
25637.3 491480

Time:2
Last Iter:10
Last Update:10
Tabu:0
Last Time2
5
74 70 88 37 69 19 61 11 84 21 68 65 86 12 13 63 10 50 25 80 |32 98 79 96 90 77 14 100 46 91 93 47 7 76 29 99 3 28 |72 56 26 44 42 27 54 40 23 24 35 51 94 41 34 5 57 53 75 55 |52 2 73 8 43 6 58 85 38 78 92 33 89 20 9 83 66 64 31 81 49 36 ||67 |4 |17 82 |59 |1 |48 30 |87 |39 |60 45 |71 97 95 |15 62 |18 |22 16 |
22188.6 533811
35 21 8 43 2 6 58 38 78 92 33 89 20 9 83 66 56 37 69 10 50 80 |51 85 73 44 42 23 40 27 32 34 52 41 24 94 5 57 53 55 |54 68 25 98 96 12 13 86 65 72 70 19 61 11 84 31 81 15 49 36 |88 74 63 28 3 90 77 79 14 100 46 91 29 93 47 7 76 75 22 ||1 |62 45 82 |17 |67 48 |4 64 |60 |71 |18 |26 30 |95 97 |16 59 99 |39 |87 
22695 530275
65 47 7 76 29 93 91 46 100 14 74 79 77 90 3 28 25 80 |70 31 88 10 37 69 11 84 21 68 12 98 96 86 13 63 50 |8 72 61 19 56 66 83 9 20 89 33 92 2 6 58 78 38 85 81 49 36 |43 52 53 73 44 42 27 54 32 40 23 57 5 34 94 41 24 51 35 75 55 ||26 |99 |82 30 |1 |60 |4 64 |22 17 |16 |15 |59 |18 48 |39 |97 71 95 |67 |87 |62 |45 
22991.2 516098
65 35 2 73 44 40 23 27 32 54 5 34 52 41 94 51 24 57 97 53 75 |43 42 61 19 56 66 83 9 20 89 33 92 78 38 6 58 85 1 55 |72 47 7 76 90 77 79 74 14 100 46 91 93 29 59 3 28 17 25 80 |8 98 96 12 88 70 11 84 21 86 13 63 68 50 10 69 37 31 81 49 36 ||99 |82 30 |87 |48 |67 |22 95 |18 |15 4 |62 |16 39 |64 |60 |26 |71 45 
23481.5 504384
8 52 93 76 35 51 41 94 40 44 42 27 32 54 34 5 23 57 53 75 55 |2 24 73 50 10 11 61 19 56 66 83 9 20 89 33 92 78 38 6 58 85 18 |43 47 100 90 12 13 63 68 86 65 21 84 69 37 31 81 49 36 |7 72 70 88 96 98 77 79 74 14 46 91 29 99 16 3 28 25 80 ||60 |95 97 71 |67 |4 |17 82 |59 |1 |48 30 |87 |39 |15 |64 |62 45 |22 |26 
24685 498677

Time:2
Last Iter:10
Last Update:9
Tabu:0
Last Time2
6
8 56 9 85 89 20 33 92 78 38 58 6 2 73 40 54 32 27 42 44 48 |46 23 75 76 93 47 7 35 51 24 52 41 94 34 5 57 97 53 55 49 36 |83 72 70 90 25 28 3 29 91 100 14 74 79 77 98 96 12 13 68 63 50 80 |43 66 61 88 86 65 81 31 69 37 19 11 84 21 26 10 ||15 |64 |60 |1 |62 95 |82 |18 |17 59 16 |39 |99 |22 |4 |45 67 |87 |71 |30 
22661.7 577174
59 14 37 72 70 11 19 61 69 31 81 75 76 29 3 28 25 80 |66 46 91 93 47 7 35 51 41 52 40 42 27 32 54 34 5 94 24 57 53 55 |100 23 44 2 43 8 89 83 9 20 33 92 78 38 6 58 85 49 36 |73 56 90 74 79 77 98 96 12 88 65 86 13 63 68 21 84 26 10 50 ||16 99 |1 18 |17 |95 97 |71 62 |45 15 4 |67 |87 |64 48 |60 |39 |82 30 |22 
22747.6 545323
14 84 37 72 70 11 19 61 69 31 81 75 76 29 3 28 25 80 |66 46 91 93 47 7 35 51 41 52 40 42 27 32 54 34 5 94 24 57 53 55 |100 23 44 2 43 8 89 83 9 20 33 92 78 38 6 58 85 49 36 |73 56 74 79 77 90 98 96 12 88 65 86 13 63 68 21 26 10 50 ||16 99 |1 18 |17 |95 97 |71 62 |45 15 |4 |87 |67 |64 48 |60 |39 |82 30 |22 |59 
22942.8 533329
14 37 72 70 11 19 61 69 31 81 75 76 29 3 28 25 80 |66 46 91 93 47 7 35 51 41 52 40 42 27 32 54 34 5 94 24 57 53 55 |100 23 44 2 43 8 89 83 9 20 33 92 78 38 6 58 85 49 36 |73 56 74 79 77 90 98 96 12 88 65 86 13 63 68 21 84 26 10 50 ||16 |1 18 |17 |95 97 |67 |71 62 |15 4 |99 45 |87 |64 48 |60 |39 |82 30 |22 |59 
23351.4 529084
72 96 68 35 51 24 94 41 52 54 32 27 42 40 23 34 5 57 71 53 75 55 |8 44 85 90 74 14 100 46 7 47 93 91 29 76 3 28 25 |70 73 43 9 6 58 38 78 92 33 89 20 83 66 56 37 69 31 81 49 36 |2 79 77 98 12 13 86 88 65 19 61 11 84 21 10 50 63 80 ||87 |1 |22 |67 |39 |60 |30 62 |18 |97 95 48 |45 17 59 |15 4 |64 |99 16 |82 26 
23700.5 512825
8 61 11 88 98 96 12 13 86 65 84 21 68 63 10 50 |72 54 75 57 41 35 51 24 94 34 5 23 40 32 27 42 44 53 55 |52 70 90 77 79 74 14 100 46 91 76 7 47 93 29 3 28 25 80 |19 73 43 2 85 6 58 38 78 64 92 33 89 20 9 83 66 56 37 69 31 81 49 36 ||26 |16 99 |30 |60 |1 18 |17 |95 97 |71 62 |45 15 4 |67 48 |59 |82 87 |39 |22 
24003.8 501877

Time:2
Last Iter:10
Last Update:9
Tabu:0
Last Time2
8
93 32 57 53 85 43 89 20 56 37 69 10 50 |44 47 7 75 55 12 86 65 88 70 72 19 61 11 84 21 68 63 80 |8 52 41 51 24 94 34 5 23 40 27 42 73 2 6 58 38 78 92 33 9 83 66 31 81 49 36 |54 35 13 96 98 77 79 74 14 46 100 90 91 29 76 3 28 25 ||15 4 45 |62 95 71 |64 48 |97 |87 |1 |17 59 99 |39 |67 |16 |18 |22 |30 82 26 |60 
23351.8 569297
65 46 90 41 35 51 24 94 34 5 23 57 75 49 |73 70 86 50 63 13 12 96 98 77 79 74 14 100 91 29 76 3 28 25 80 36 |88 8 43 2 85 6 58 38 78 92 33 89 20 9 83 66 10 21 84 11 61 19 56 37 69 31 81 |72 68 93 47 7 52 54 32 40 27 42 44 53 55 ||62 95 45 |17 |67 |39 16 |59 48 |30 |99 |97 22 |15 26 |1 18 |71 |64 4 |82 87 |60 |
23562.8 563417
43 40 42 44 85 6 58 38 78 92 33 89 20 9 83 66 56 37 19 61 69 26 31 81 4 49 36 |8 54 27 32 57 23 5 34 52 41 94 24 51 35 47 93 7 76 75 22 55 |2 70 11 84 65 88 77 79 74 14 100 46 91 29 99 59 3 28 |72 73 53 21 10 50 63 68 86 13 12 96 98 90 25 80 ||39 |18 |1 |45 82 |64 |62 |30 |16 |15 |17 |97 |87 |71 95 |48 67 |60 
23709.9 556152
70 29 93 76 75 35 51 24 94 42 54 32 40 34 5 23 57 97 53 55 28 25 |88 41 7 3 90 91 46 100 14 74 79 77 98 96 60 10 50 80 |52 85 73 27 44 2 43 8 6 58 38 78 92 33 89 20 9 83 66 56 37 69 31 81 49 36 |47 72 65 19 61 11 84 21 68 86 12 13 63 ||1 18 |71 |39 |30 |87 |16 59 |26 |62 95 48 45 |15 |17 99 |67 |64 |4 82 |22 
24169.3 550017
8 50 56 66 83 9 20 89 92 1 85 58 6 2 73 44 42 40 27 54 32 34 5 23 57 53 55 |43 10 38 52 41 94 24 51 35 7 47 93 76 29 39 59 3 28 |33 75 70 88 65 86 12 13 63 68 87 21 84 11 61 19 69 37 31 81 49 36 |72 78 90 91 46 74 100 14 79 77 98 96 60 25 80 ||71 |97 |64 |62 |16 |18 |45 22 95 |67 |30 |4 |26 |99 |15 |17 |48 82 
24192.4 534132
52 9 44 73 2 43 89 20 33 92 78 6 58 38 85 81 49 36 |72 77 12 96 90 7 51 24 41 94 34 54 32 27 42 40 23 5 57 71 53 55 |70 79 98 35 47 93 46 74 14 100 91 29 39 76 3 28 75 |8 13 83 66 56 37 31 69 19 61 11 84 21 65 88 86 68 63 10 50 80 25 ||30 |87 |16 59 |26 |62 95 48 45 |15 |17 99 |67 |64 |4 82 |22 |97 |60 |1 18 
24347.4 528494
72 93 75 76 29 91 46 100 14 74 79 90 98 96 12 13 86 68 63 80 25 3 28 |43 77 88 70 19 61 11 84 21 81 31 56 37 69 26 10 50 49 36 |47 65 7 52 23 40 44 42 27 32 54 34 5 94 51 35 24 57 71 53 55 |41 8 73 2 66 83 9 20 89 33 92 78 6 58 38 85 18 1 ||45 62 |16 99 |59 |30 82 |48 15 |97 |87 |60 |67 |22 95 |39 |4 64 |17 
24553.4 516067
46 58 77 98 96 12 13 86 88 70 61 11 84 10 31 81 49 36 |72 23 79 90 74 14 100 76 7 47 93 91 29 99 3 28 25 80 |19 5 2 8 43 6 85 38 78 92 33 89 20 9 83 66 56 37 69 21 87 68 63 50 |65 44 53 57 73 42 40 27 32 54 34 52 41 94 24 51 35 75 55 ||97 |45 4 |60 |18 1 |71 48 |67 |64 |62 15 |39 |26 |59 |30 82 |17 16 |95 22 
25233.8 512995

Time:2
Last Iter:10
Last Update:10
Tabu:0
Last Time2
4
73 29 3 28 65 88 72 70 61 11 84 21 10 |19 57 7 47 93 91 46 100 14 74 79 90 96 12 13 86 63 50 80 25 |77 68 76 75 35 51 24 94 41 52 34 54 32 5 23 40 27 42 44 53 55 |98 8 43 2 6 85 58 38 78 92 33 89 20 9 83 66 56 37 69 31 81 49 36 ||71 |97 |1 |59 |99 |17 |39 16 |82 |48 45 30 |4 |95 22 |67 |18 |60 |62 |26 |64 |87 |15 |
22472.5 529837
61 73 54 52 41 35 51 24 94 34 32 40 27 42 44 23 5 57 53 71 75 55 |11 47 76 77 96 98 79 74 14 100 46 91 93 29 59 3 28 25 80 |12 8 2 43 69 37 56 66 83 9 20 89 33 92 78 6 58 38 85 1 |7 90 19 72 70 88 65 86 13 63 68 84 21 50 10 31 81 49 36 ||62 15 82 |30 4 |87 |26 |64 |16 |60 |97 |95 22 |18 |67 |39 17 |48 45 99 
22912 522363
9 76 12 86 96 98 77 90 79 74 100 46 91 29 99 3 28 25 80 |8 75 42 2 43 6 58 85 38 78 92 33 89 20 83 66 56 37 31 81 49 36 |13 73 67 47 7 35 51 24 94 41 52 54 32 27 40 34 5 23 57 53 95 55 |44 93 14 72 70 88 65 84 11 61 19 69 21 68 63 50 10 26 15 ||18 1 |62 |60 |97 22 |17 16 59 |39 |48 45 |64 |87 82 |4 30 |71 
23237.7 514596
61 13 2 73 44 42 40 27 32 54 34 52 41 94 24 75 55 |8 90 93 47 7 53 57 23 5 35 76 29 3 28 25 80 |19 51 46 91 100 14 74 79 77 98 96 12 86 88 65 84 21 68 63 50 |43 72 70 11 10 81 31 69 37 56 66 83 9 20 89 33 92 78 38 6 58 85 1 49 36 ||60 |97 |16 99 |62 95 |26 |18 |67 |87 |4 15 |64 |59 |30 |17 48 45 |22 71 |82 |39 
23463.5 509107

Time:2
Last Iter:10
Last Update:9
Tabu:0
Last Time1
5
93 2 73 27 32 54 34 52 41 94 24 51 35 7 76 3 28 25 80 |47 74 96 98 90 14 100 46 91 29 75 44 42 40 23 5 57 97 53 55 48 |79 81 72 70 56 66 83 9 20 89 8 43 33 92 78 38 6 58 85 67 |77 64 31 11 61 19 37 69 84 21 65 88 86 12 13 63 68 50 10 49 36 ||95 |17 |60 |15 4 |99 |39 |87 45 |22 |26 |30 82 62 |71 |16 59 |18 1 |
22772.2 556845
72 80 88 11 84 65 86 13 25 90 77 79 74 14 100 46 91 3 28 |12 8 33 66 56 37 69 19 61 21 68 63 50 10 31 81 49 36 |70 96 76 29 93 47 7 35 51 24 94 41 52 34 54 32 27 42 40 23 5 57 71 53 95 75 55 |98 44 73 2 43 89 83 9 20 92 78 6 58 38 85 ||39 |67 |4 82 |22 16 |1 |15 26 |64 |59 |60 |99 |97 48 |87 30 |18 |62 45 |17 
22819.4 537293
79 41 42 73 2 43 6 58 85 38 33 89 20 9 83 66 56 37 69 31 81 49 36 |47 92 78 44 57 23 40 27 32 54 34 5 94 24 51 35 53 95 55 |52 12 10 86 88 70 19 61 11 84 21 68 13 63 50 80 25 22 75 |8 72 65 96 98 77 74 14 100 90 46 91 93 7 76 29 99 3 28 ||39 |97 |18 |48 |60 |1 |45 |17 16 |71 |62 4 |15 |64 |87 82 |59 |26 30 |67 
23810.6 534706
43 90 52 35 51 41 24 94 5 34 54 32 27 42 53 55 |8 13 86 65 10 50 63 68 21 84 61 37 31 81 4 49 36 |47 66 11 70 88 12 96 98 77 79 74 14 100 46 91 93 29 76 3 28 25 80 |7 72 19 69 56 83 9 20 89 33 92 78 38 85 58 6 2 73 44 40 23 57 75 ||30 |22 |39 |18 |48 |97 |59 99 |82 87 |64 |1 |60 |16 |17 45 |15 26 |95 71 |62 67 
23993.2 525865
8 90 75 42 27 54 32 40 23 5 34 52 41 94 24 51 35 76 |93 70 88 65 21 84 11 61 19 37 69 31 56 66 83 9 20 89 33 92 78 38 6 58 85 49 36 |72 43 2 73 44 53 55 45 28 3 17 25 80 |47 81 57 7 29 91 46 100 14 74 79 77 98 96 12 13 86 63 68 10 50 ||60 |15 4 |16 |87 82 |59 |26 30 |67 |71 95 |22 |99 |39 |97 |18 1 48 |62 |64 
23996.7 522518

Time:1
Last Iter:10
Last Update:10
Tabu:0
Last Time1
2
70 77 19 84 88 12 13 86 65 21 68 10 31 81 62 |61 2 40 73 44 42 27 32 54 52 41 35 51 24 94 34 5 23 57 97 53 75 55 |8 72 63 50 69 37 56 66 83 9 20 89 33 92 78 6 58 38 85 49 36 |43 11 98 96 90 79 74 14 100 46 91 93 47 7 76 29 3 28 25 80 ||59 |95 |67 |82 15 |1 |39 |26 48 |60 |4 45 |22 17 |87 |64 |71 |99 16 |18 |30 
22632.4 514704
8 72 19 61 70 88 86 65 11 84 21 87 68 63 10 50 80 |54 79 12 96 98 90 77 74 14 100 46 91 93 29 39 76 3 28 25 |43 75 32 27 42 73 2 85 58 6 38 78 92 33 89 20 9 83 66 56 37 69 31 81 49 36 |44 13 47 7 52 41 35 51 24 94 34 5 40 23 57 53 55 ||45 16 |71 |60 |26 |4 |67 |95 97 |30 82 15 48 |62 |18 |99 |17 22 |1 |64 |59 
22778.3 495209

Execution time: 20.608 seconds
