Time:6
Last Iter:10
Last Update:8
Tabu:0
Last Time5
2
56 10 50 72 71 64 75 19 73 70 49 22 47 100 57 15 28 37 41 14 43 |53 59 9 85 96 27 77 58 78 16 1 63 66 79 29 39 94 13 24 |76 23 12 84 69 20 7 51 31 18 25 97 46 61 2 60 74 |93 4 89 5 65 8 99 88 44 80 21 86 6 38 42 32 83 33 ||35 |67 |52 |45 |90 |36 |40 82 |68 |98 |62 34 |92 |3 |95 91 |55 |54 |30 |26 87 |17 |81 48 |11 
18659 397512
76 25 65 4 64 71 75 19 70 73 36 72 10 47 100 57 15 28 37 41 14 43 |22 44 12 69 20 7 51 31 18 46 61 2 39 94 60 24 |56 9 85 96 77 27 58 78 16 93 1 66 79 29 59 13 |84 49 89 5 50 8 99 23 80 53 88 21 86 6 38 42 32 83 33 74 ||3 |87 |82 |48 |17 |98 |40 |30 |63 |68 35 11 |95 |55 |45 |91 90 |67 54 |97 |52 |62 81 |26 |34 |92 
20484.5 397114

Time:7
Last Iter:10
Last Update:10
Tabu:0
Last Time7
3
86 9 1 66 29 79 12 84 69 20 7 51 31 61 2 39 94 13 24 |47 50 23 53 88 80 44 21 6 38 42 32 25 52 18 46 83 33 74 60 |22 56 99 72 49 70 73 19 75 71 64 34 4 8 65 5 |100 59 93 16 78 27 58 77 96 85 76 37 14 41 28 15 57 67 10 89 43 ||45 |54 |97 |82 |40 95 |81 87 |98 |92 |36 |55 |3 |48 |26 |68 |11 35 30 |91 |63 |17 62 |90 
17511.8 421108
93 99 65 71 75 19 73 70 49 22 47 100 57 10 89 43 14 41 37 28 15 5 |88 76 63 85 96 27 77 58 78 16 1 66 59 9 |79 80 31 84 69 12 20 51 7 61 74 60 2 39 94 13 24 |29 64 50 72 4 8 23 53 44 56 21 86 6 38 45 42 32 25 18 46 33 83 ||91 40 |34 |26 11 |3 |30 |17 |90 |92 |97 |81 48 |55 68 |82 95 |98 |67 54 |87 |36 |35 |62 |52 
19122.5 405860
93 99 57 89 43 14 41 37 76 85 96 27 77 58 78 16 1 66 59 9 |79 80 31 84 69 12 20 51 7 61 74 60 2 39 94 13 24 |29 64 72 23 53 44 56 21 86 6 38 45 42 32 25 18 46 33 83 |100 88 28 5 15 10 47 22 49 70 73 19 75 71 17 4 8 65 50 ||91 40 |34 |26 11 |90 |92 |54 82 |48 |63 |55 |97 |3 68 |95 |30 |98 |67 81 |36 |35 |87 |62 |52 
20076.5 394692

Time:6
Last Iter:10
Last Update:7
Tabu:0
Last Time4
1
88 29 12 20 7 51 31 25 18 46 83 33 61 2 74 60 39 94 13 24 |6 84 59 79 66 1 93 16 78 27 58 77 85 76 37 41 14 9 |96 21 56 86 38 32 42 80 50 99 8 4 71 75 64 72 65 5 |69 44 53 23 19 73 70 57 100 47 22 49 10 89 15 28 43 ||98 |45 |67 54 |30 |11 |90 |87 |97 |82 |91 |40 |26 81 |48 |3 |52 |62 34 |17 |92 35 |36 |95 |63 |55 68 |
18838 399302

Time:6
Last Iter:10
Last Update:8
Tabu:0
Last Time5
1
29 89 56 21 6 38 42 32 25 18 46 61 33 83 74 60 2 39 94 13 24 |51 59 86 80 88 44 53 99 23 4 8 50 |84 9 28 15 47 10 57 100 22 49 70 73 19 75 71 64 72 65 5 |85 31 69 7 20 12 79 66 1 93 16 78 58 77 27 96 76 37 41 14 43 ||55 |3 |17 |97 |36 |92 |26 87 |62 |52 |67 95 |48 40 82 |11 |45 |90 54 |35 91 |98 |81 |34 |30 68 |63 |
18402 395087

Time:6
Last Iter:10
Last Update:10
Tabu:0
Last Time6
9
93 43 66 29 79 12 84 69 20 7 51 31 52 18 46 61 33 83 74 60 |49 76 37 28 15 10 47 22 70 73 19 75 64 72 62 4 17 65 89 5 |38 25 8 99 23 53 44 88 56 21 86 6 32 42 80 50 |100 71 57 41 14 85 96 27 77 58 78 16 1 9 59 39 2 94 13 24 ||63 48 |30 |97 |34 |92 |45 |11 81 82 |91 90 |98 |67 |26 |95 54 |35 55 |40 68 |87 |36 |3 |
17289.1 435234
93 43 66 29 79 12 84 69 20 7 51 31 52 18 46 61 33 83 74 60 |49 76 37 28 15 10 47 22 70 73 19 75 64 72 62 4 17 65 89 5 |45 100 57 41 14 85 96 27 77 58 78 16 1 9 59 39 2 94 13 24 |71 25 80 32 42 38 6 86 21 56 88 44 53 23 99 8 50 ||63 48 |11 98 |26 68 |97 |34 |55 30 |67 82 |36 |92 |87 |91 40 |3 |90 |95 |35 81 |54 |
17491.4 424874
72 84 12 20 51 7 31 18 46 61 13 94 39 2 33 83 74 60 24 |69 9 59 66 79 29 1 93 16 78 58 77 27 96 85 76 37 41 14 43 |63 23 64 73 70 49 22 47 100 57 28 15 10 89 65 5 |25 36 19 71 4 8 75 99 53 44 88 56 21 86 6 38 42 32 80 50 ||92 |30 |52 |97 |91 |34 81 |40 11 |98 |82 90 |67 |26 |95 54 |35 48 |55 68 |87 |3 |45 |62 17 |
18335.7 413566
12 64 23 53 44 80 88 56 21 86 6 38 42 32 83 33 18 46 61 39 2 60 74 24 |100 94 5 1 93 16 78 77 58 27 96 85 76 37 41 90 14 |57 15 25 31 51 7 20 69 84 79 29 66 59 9 |22 13 99 8 50 65 72 4 71 75 19 73 70 49 47 10 89 28 43 ||36 |98 |45 |48 81 |26 |97 |52 |35 |62 |17 |82 |91 |40 11 |3 |92 |67 |87 |95 54 |63 |68 30 |34 |55 
19422.3 412405
12 64 23 53 44 80 88 56 21 86 6 38 42 32 83 33 18 46 61 39 2 60 74 24 |100 94 5 1 93 16 78 77 58 27 96 85 76 37 41 14 |57 15 25 31 51 7 20 69 84 79 29 66 59 9 |22 13 99 8 50 65 72 4 71 75 19 73 70 49 47 10 89 28 43 ||36 |55 |45 |54 67 |48 63 |97 |52 |34 |26 87 |82 91 |40 11 |3 |92 |81 |68 30 |62 17 |35 |95 |98 |90 
19719.5 412349
90 69 9 59 66 79 29 1 93 16 78 58 77 27 96 85 76 37 41 14 43 |63 23 64 73 70 49 22 47 100 57 28 15 10 89 65 5 |75 25 36 19 71 4 8 99 53 44 88 56 21 86 6 38 42 32 80 50 |72 84 12 20 51 7 31 18 83 33 74 60 46 61 2 39 94 13 24 ||92 |30 |52 |97 |55 |34 |48 |26 87 |82 91 |45 |40 11 |3 |54 67 |81 |68 |62 17 |35 |95 |98 
19732.9 408360
84 72 47 57 15 28 9 59 1 93 16 78 27 58 77 96 85 76 37 41 14 43 |100 56 50 44 53 23 99 8 4 71 64 75 19 73 70 49 67 10 89 65 5 |22 21 88 80 38 86 6 42 25 31 51 20 7 55 39 94 13 24 |66 32 29 79 69 12 2 61 18 46 33 83 74 60 ||17 81 |82 |91 40 |3 |98 |35 |87 |63 |45 |54 |30 |95 |92 |48 |90 |68 |97 |36 |62 |11 |26 |34 |52 
20108.8 408085
84 85 66 29 12 69 20 7 51 31 61 18 46 83 33 2 39 94 13 60 74 24 |4 79 77 93 96 27 58 78 16 1 59 9 50 |76 21 56 86 6 38 42 32 80 44 88 53 23 99 8 65 5 |19 25 89 73 75 71 64 72 10 49 70 22 47 100 57 15 28 37 41 14 43 ||30 |95 91 |3 |26 |63 |11 |34 62 |87 |82 68 |97 |48 40 |98 |36 |55 |17 |45 |81 |54 67 |92 |35 |52 |90 
20335.2 405273
75 69 9 59 66 79 29 1 93 16 78 58 77 27 96 85 76 37 41 14 43 |63 23 64 73 70 49 22 47 100 57 28 15 10 89 65 5 |25 36 19 71 4 8 99 53 44 88 56 21 86 6 38 42 32 80 50 |72 84 12 20 51 7 31 18 83 33 74 60 46 61 2 39 94 13 24 ||92 |30 |52 |97 |91 |34 81 |11 98 |87 |82 |26 |54 95 |48 35 |55 |40 |3 |68 |67 |45 |62 17 |90 
20387.3 399589

Time:6
Last Iter:10
Last Update:10
Tabu:0
Last Time6
4
100 27 43 14 76 85 96 77 58 78 16 93 1 66 59 9 |51 10 72 4 64 71 75 19 73 70 22 49 47 57 28 15 89 5 |41 31 25 56 21 86 6 38 32 42 80 44 88 53 23 99 8 65 50 |37 84 7 20 69 12 79 29 13 94 39 2 61 18 46 83 33 74 60 24 ||54 |3 |55 |68 |97 |63 |87 |52 30 |98 |90 91 |11 35 48 |62 17 |45 |81 26 |95 40 |67 |36 |34 |92 |82 
17412.4 404954
100 27 43 14 76 85 96 77 58 78 16 93 1 66 59 9 |51 10 72 4 64 71 75 19 73 70 22 49 47 57 28 15 89 5 |41 31 25 56 21 86 6 38 32 42 80 44 88 53 23 99 8 65 50 |37 84 7 20 69 12 79 29 13 94 39 2 61 18 46 83 33 74 60 24 ||54 |91 |3 |67 |87 |30 52 68 |17 |40 11 |35 82 |36 |55 |92 |26 |98 |63 |62 81 |95 |97 |45 |34 |48 |90 
18611 400518
16 25 31 7 20 12 79 29 66 1 93 78 27 58 77 96 85 76 37 41 90 14 43 82 |69 9 10 65 4 8 99 3 83 33 46 18 61 2 74 60 39 94 13 24 |84 59 71 64 75 19 73 70 22 49 47 100 57 15 28 89 5 |51 72 23 53 44 88 56 21 86 6 38 42 32 80 50 ||36 |67 |87 |68 11 |97 |52 30 |34 |55 |45 |95 40 |91 48 |54 |98 |63 |17 81 |35 |62 |92 |26 
19016 392938
84 67 69 12 20 7 51 31 25 18 46 83 33 61 13 94 39 2 60 74 24 |56 79 57 100 19 73 70 22 49 10 15 28 89 5 |86 29 99 32 42 38 6 80 44 88 53 23 8 4 71 75 64 72 65 50 |21 47 66 59 9 1 93 16 78 58 77 27 96 85 76 37 41 14 43 ||36 |3 |68 82 |30 97 |52 |98 |34 |92 |90 95 |40 91 |48 63 |11 |87 |45 |17 62 81 |55 35 |26 |54 
21921.5 390836

Time:7
Last Iter:10
Last Update:10
Tabu:0
Last Time7
4
70 80 50 59 76 85 96 27 77 58 78 16 93 1 91 9 |4 66 29 79 12 84 69 20 51 31 7 55 61 2 39 94 13 60 74 24 |19 21 99 65 8 23 53 44 88 56 86 6 38 42 32 25 97 18 46 33 83 |45 57 5 100 47 22 49 73 75 71 64 72 10 89 15 28 37 41 14 43 ||63 |67 |95 |26 |34 |92 |40 |30 52 35 |48 |98 |17 62 81 |87 |90 |54 |82 |36 |3 11 |68 
18439.2 407143
15 84 18 25 80 32 42 38 6 86 21 56 88 44 53 99 50 |10 69 79 12 20 31 51 7 46 83 33 74 60 61 2 39 94 13 24 |29 70 100 47 49 73 19 72 64 75 71 4 23 8 62 65 89 5 |22 66 57 28 43 14 41 37 76 85 96 27 77 58 78 16 93 1 59 9 ||82 35 68 |55 |81 |98 |90 95 |92 |97 |63 |87 |45 |3 |91 |36 |26 |54 67 |17 |52 30 |40 |34 |11 48 |
19835.9 404610
29 44 89 5 75 19 73 70 49 22 47 100 57 37 14 40 9 |69 10 80 32 42 38 86 21 56 88 53 23 99 8 4 71 64 72 65 50 |6 85 79 12 20 7 51 31 25 18 46 83 33 74 60 61 2 39 94 13 24 |84 93 59 66 1 16 78 27 58 77 96 76 41 15 28 43 ||91 |82 |17 62 81 |54 |98 |92 |97 |63 |87 |45 |3 |52 30 |67 |90 |55 35 |48 |34 |36 |11 68 |26 |95 
19908.3 401055
20 72 18 46 33 83 80 32 42 38 6 86 21 56 88 44 65 |53 66 59 29 79 12 69 31 51 7 61 74 60 2 39 94 13 24 |84 70 10 9 1 93 16 77 58 27 96 85 76 37 41 14 43 28 15 89 5 |78 25 75 57 100 47 22 49 73 19 64 71 4 8 23 99 50 ||34 |3 |91 35 |54 |62 |30 55 |97 |45 |63 48 |67 82 |11 |81 26 |68 |36 |87 |90 |17 |98 |95 |52 |92 |40 
20814.2 399020

Time:7
Last Iter:10
Last Update:10
Tabu:0
Last Time7
4
84 78 9 59 29 79 12 69 20 7 51 31 18 46 61 2 39 94 13 35 24 |71 66 93 16 85 27 58 77 96 76 37 41 14 28 15 10 54 89 43 |75 56 80 50 99 23 53 88 21 86 6 38 42 32 25 97 83 33 74 60 |1 44 8 4 64 19 57 100 47 22 70 73 49 36 72 65 5 ||90 |55 |17 |3 |98 |82 |30 52 |92 |91 48 68 |26 |34 |45 |67 |63 |95 40 |87 |62 81 |11 
18108.2 404111
84 28 15 89 5 32 42 38 6 86 21 56 53 88 44 80 |57 25 31 51 69 20 7 18 46 61 83 33 74 60 2 39 94 13 24 |12 10 100 47 22 70 73 19 72 64 75 71 4 23 99 8 65 50 |49 93 43 14 41 37 85 76 96 27 58 77 78 16 1 66 79 29 59 9 ||36 |17 |3 |98 |82 95 90 |30 52 |92 |97 |55 |91 48 68 |26 |34 |45 |67 54 |40 |35 11 81 |62 |63 |87 |
18475.1 403408
71 66 29 84 12 69 20 7 51 31 18 46 61 74 60 2 39 94 24 |79 56 50 10 72 64 75 19 73 70 49 22 47 100 15 28 95 43 |21 13 83 33 25 32 42 38 6 86 80 44 88 53 23 4 8 65 89 5 |99 57 9 59 1 93 16 78 77 58 27 96 85 76 37 41 14 ||36 |3 35 |26 68 |45 |34 |92 |91 |17 |63 |40 |87 |62 81 |11 |55 30 |98 |67 54 |48 |97 |90 82 |52 
18481.3 400266
71 66 29 84 12 69 20 7 51 31 18 46 61 74 60 2 39 94 24 |79 56 50 10 72 64 75 19 73 70 49 22 47 100 15 28 95 43 |21 13 83 33 25 32 42 38 6 86 80 44 88 53 23 4 8 65 89 5 |99 57 9 59 1 93 16 78 77 58 27 96 85 76 37 41 14 ||36 |35 |3 |91 48 68 |26 |34 |45 |17 |63 |40 |87 |62 81 |11 |55 30 |98 |67 54 |92 |97 |90 82 |52 
18970.6 400201

Time:7
Last Iter:10
Last Update:10
Tabu:0
Last Time7
2
22 86 56 53 88 44 80 42 32 83 33 25 18 46 61 74 60 2 39 94 13 24 |21 72 99 23 8 4 71 64 75 19 73 70 49 47 100 10 65 50 |57 6 31 7 51 69 20 12 79 29 59 9 |38 84 66 1 93 16 78 77 58 27 96 85 76 37 41 14 43 28 15 89 5 ||98 |90 |55 |95 82 |35 91 |3 |30 52 |34 |26 |92 |48 40 |68 |63 |17 |87 |11 |54 |45 |67 |97 |62 |36 |81 
17794.5 399782
69 57 80 99 53 88 21 56 86 6 38 42 32 25 18 46 61 39 94 13 24 |84 23 28 89 15 49 73 70 22 47 100 10 72 64 19 75 71 4 65 50 |8 31 9 93 16 78 27 58 77 96 85 76 37 41 90 14 43 5 |44 1 59 66 29 79 12 20 51 7 2 33 83 74 60 ||54 |26 |87 |62 17 |55 |95 40 |48 |3 |45 |63 |34 81 |82 |91 35 11 |30 |36 |98 68 |67 |52 |92 |97 
20944 393561

Time:7
Last Iter:10
Last Update:10
Tabu:0
Last Time7
5
84 9 66 93 27 77 85 76 37 41 28 15 89 10 72 4 50 |80 58 78 16 59 29 79 12 69 20 51 31 7 13 94 39 33 83 |96 22 43 14 57 100 47 49 70 73 19 75 71 64 17 65 5 |1 82 34 23 8 99 53 44 88 56 21 86 6 38 42 32 25 18 46 61 2 74 60 24 ||92 |30 55 |81 3 |87 |67 |36 |95 |54 |68 |91 40 |26 |52 |45 |98 35 11 |48 |90 |63 |97 |62 
18191.9 444857
79 99 21 86 56 88 44 80 6 38 42 32 83 33 46 18 61 2 39 60 74 24 |29 23 8 50 76 85 96 27 77 58 78 16 93 1 66 59 13 94 |57 53 4 65 100 47 22 49 70 73 19 75 71 64 72 10 89 5 |69 25 84 31 51 7 20 12 9 14 41 37 15 28 43 ||36 |81 35 |98 |55 |92 |87 |68 |11 48 40 |63 |17 |45 |95 |26 62 |97 30 |91 |67 |34 82 |90 54 |3 |52 
18388 414684
79 99 21 86 56 88 44 80 6 38 42 32 83 33 46 18 61 2 39 60 74 24 |29 23 8 50 76 85 96 27 77 58 78 16 93 1 66 59 13 94 |57 53 4 65 100 47 22 49 70 73 19 75 71 64 72 10 89 5 |69 25 84 31 51 7 20 12 9 14 41 37 15 28 43 ||36 |81 |95 |55 |92 |87 |68 |63 48 |52 |45 |17 62 |98 35 11 |26 |97 30 |91 40 |67 |34 82 |90 54 |3 |
19378.6 411410
38 12 9 76 85 96 77 58 16 1 66 79 29 59 13 60 74 24 |27 53 50 23 4 71 64 75 19 73 70 49 22 47 100 57 15 28 37 41 14 43 |93 80 84 92 20 69 7 51 31 18 46 83 33 61 2 39 94 11 |78 25 81 32 42 6 86 21 56 88 44 99 8 65 72 10 54 89 5 ||91 |3 |55 |98 |67 |40 |63 |30 52 |87 |95 |62 34 |36 |82 48 68 |17 |97 |26 |35 |90 |45 
19615 409035
69 56 4 8 99 23 53 88 44 80 83 33 74 60 2 39 94 13 35 24 |84 65 18 7 20 51 31 61 46 25 86 6 38 42 32 3 50 |12 93 9 59 79 29 66 1 16 78 27 58 77 96 85 76 37 41 90 14 43 |21 10 72 71 75 64 19 73 70 22 49 47 100 57 15 28 89 5 ||97 11 |26 |91 |98 |55 |82 |67 |62 |54 |63 |34 81 |17 |87 |48 |36 |45 |95 |30 |92 68 |40 |52 
20121.9 394299

Time:0
Last Iter:10
Last Update:10
Tabu:0
Last Time0
5
84 9 66 93 27 77 85 76 37 41 28 15 89 10 72 4 50 |80 58 78 16 59 29 79 12 69 20 51 31 7 13 94 39 33 83 |96 22 43 14 57 100 47 49 70 73 19 75 71 64 17 65 5 |1 82 34 23 8 99 53 44 88 56 21 86 6 38 42 32 25 18 46 61 2 74 60 24 ||92 |30 55 |81 3 |87 |67 |36 |95 |54 |68 |91 40 |26 |52 |45 |98 35 11 |48 |90 |63 |97 |62 
18191.9 444857
79 99 21 86 56 88 44 80 6 38 42 32 83 33 46 18 61 2 39 60 74 24 |29 23 8 50 76 85 96 27 77 58 78 16 93 1 66 59 13 94 |57 53 4 65 100 47 22 49 70 73 19 75 71 64 72 10 89 5 |69 25 84 31 51 7 20 12 9 14 41 37 15 28 43 ||36 |81 35 |98 |55 |92 |87 |68 |11 48 40 |63 |17 |45 |95 |26 62 |97 30 |91 |67 |34 82 |90 54 |3 |52 
18388 414684
79 99 21 86 56 88 44 80 6 38 42 32 83 33 46 18 61 2 39 60 74 24 |29 23 8 50 76 85 96 27 77 58 78 16 93 1 66 59 13 94 |57 53 4 65 100 47 22 49 70 73 19 75 71 64 72 10 89 5 |69 25 84 31 51 7 20 12 9 14 41 37 15 28 43 ||36 |81 |95 |55 |92 |87 |68 |63 48 |52 |45 |17 62 |98 35 11 |26 |97 30 |91 40 |67 |34 82 |90 54 |3 |
19378.6 411410
38 12 9 76 85 96 77 58 16 1 66 79 29 59 13 60 74 24 |27 53 50 23 4 71 64 75 19 73 70 49 22 47 100 57 15 28 37 41 14 43 |93 80 84 92 20 69 7 51 31 18 46 83 33 61 2 39 94 11 |78 25 81 32 42 6 86 21 56 88 44 99 8 65 72 10 54 89 5 ||91 |3 |55 |98 |67 |40 |63 |30 52 |87 |95 |62 34 |36 |82 48 68 |17 |97 |26 |35 |90 |45 
19615 409035
69 56 4 8 99 23 53 88 44 80 83 33 74 60 2 39 94 13 35 24 |84 65 18 7 20 51 31 61 46 25 86 6 38 42 32 3 50 |12 93 9 59 79 29 66 1 16 78 27 58 77 96 85 76 37 41 90 14 43 |21 10 72 71 75 64 19 73 70 22 49 47 100 57 15 28 89 5 ||97 11 |26 |91 |98 |55 |82 |67 |62 |54 |63 |34 81 |17 |87 |48 |36 |45 |95 |30 |92 68 |40 |52 
20121.9 394299

