Time:1
Last Iter:10
Last Update:10
Tabu:0
Last Time1
6
7 60 44 11 33 96 72 67 16 85 52 88 15 1 54 |70 38 83 22 37 45 61 10 55 95 75 9 71 46 43 66 73 |89 82 97 78 58 3 92 40 31 93 14 36 56 8 |27 47 30 25 24 4 48 13 29 2 76 69 81 42 ||34 19 84 41 |23 39 |53 |68 62 5 49 51 6 98 35 |20 12 90 |18 26 50 17 64 32 94 21 |99 28 59 |57 77 87 100 65 74 |79 63 80 91 86 
4727.76 184063
42 11 33 44 97 78 58 3 92 40 31 89 7 |96 72 67 16 52 30 47 27 60 18 56 46 43 66 73 |82 2 29 13 48 24 4 25 88 1 76 8 69 81 |93 14 36 70 38 83 22 37 45 61 10 55 95 75 9 71 ||63 |50 21 98 90 |57 77 79 6 74 |17 100 12 20 91 84 |39 54 15 85 62 68 32 64 |49 51 53 87 65 34 19 80 |59 |41 99 94 26 86 |23 28 |35 5 |
5907.76 170955
42 11 33 44 97 78 58 3 92 40 31 89 7 |96 72 67 16 52 30 47 27 60 18 56 46 43 66 73 |82 2 29 13 48 24 4 25 88 1 76 8 69 81 |93 14 36 70 38 83 22 37 45 61 10 55 95 75 9 71 ||63 |50 21 98 90 |57 77 79 74 |6 |17 100 12 20 91 84 |54 15 |68 32 85 94 49 39 |80 |87 |64 19 59 51 |53 65 |34 |41 |99 26 86 |62 23 28 |35 5 |
5996.71 166626
42 11 33 44 97 78 58 3 92 40 31 89 7 |96 72 67 16 52 30 47 27 60 18 56 46 43 66 73 |82 2 29 13 48 24 4 25 88 1 76 8 69 81 |93 14 36 70 38 83 22 37 45 61 10 55 95 75 9 71 ||63 |50 21 98 |90 57 77 79 |6 74 |17 100 12 20 91 84 |54 15 68 32 85 94 49 39 |80 |64 19 59 51 |53 65 87 |34 |41 |99 26 |86 62 23 |28 |35 5 |
6240.57 165434
24 67 72 16 11 96 33 44 47 27 60 7 |2 29 13 48 4 25 88 1 52 30 42 81 76 8 69 |93 14 36 70 38 83 22 37 10 82 89 46 56 43 66 |97 78 58 3 92 40 31 45 61 55 75 95 9 71 73 ||19 |28 |12 |63 |64 35 53 |18 51 |77 65 80 91 |68 32 |85 62 21 49 41 98 6 54 |23 57 100 87 |20 59 34 |50 94 26 5 39 |90 17 |84 15 99 |74 |79 86 
7128.93 164302
42 11 33 44 97 78 58 3 92 40 31 89 7 |96 72 67 16 52 30 47 27 60 18 56 46 43 66 73 |82 2 29 13 48 24 4 25 88 1 76 8 69 81 |93 14 36 70 38 83 22 37 45 61 10 55 95 75 9 71 ||80 |65 32 68 |77 79 63 64 |17 |12 20 91 |53 94 86 74 |85 62 21 49 41 98 6 54 |23 57 100 87 |50 26 5 39 |34 90 |19 84 15 99 |28 59 |35 51 |
7282.86 159527

Time:0
Last Iter:10
Last Update:10
Tabu:0
Last Time0
10
83 38 2 29 13 48 4 59 25 88 1 76 8 43 66 73 |42 21 30 11 33 96 72 67 16 52 24 99 91 69 81 |27 47 44 60 92 3 97 78 58 40 31 45 61 75 9 7 |37 22 70 36 14 93 56 46 10 55 95 82 89 71 ||32 |85 62 49 |12 68 50 98 |94 84 74 86 77 |90 34 39 26 5 |15 |79 51 63 23 35 17 100 80 |19 20 28 |41 6 18 65 87 53 57 64 54 
5410.55 209506
11 16 67 72 96 33 32 44 35 60 27 47 42 81 |52 1 88 25 4 24 48 13 29 99 2 8 76 69 |55 37 61 45 31 97 78 58 3 92 40 82 95 75 9 71 89 7 |30 10 22 83 38 70 36 14 93 46 56 43 66 73 ||90 28 |80 19 84 54 21 6 79 100 34 |59 |63 53 86 18 87 12 20 |85 64 |62 68 94 49 57 17 |15 5 41 98 50 26 51 39 |23 74 65 77 |91 |
5707.69 178702
75 95 55 61 45 31 40 97 78 58 3 92 60 82 |15 19 1 25 24 4 48 13 29 2 43 66 73 71 89 7 |88 52 67 72 96 16 30 11 33 44 47 27 42 81 |9 10 37 22 83 38 70 36 14 93 46 56 8 76 69 ||6 18 |90 |39 74 |5 85 64 23 |41 63 26 32 |84 99 |65 |86 98 59 |50 |53 21 |20 34 100 79 62 68 |17 35 51 49 57 54 |87 91 80 |94 28 |12 77 
5736.52 178091
1 25 24 4 48 13 29 2 43 71 89 7 |88 52 67 72 96 16 30 11 33 44 47 27 42 81 |10 37 22 83 38 70 36 14 93 46 56 8 76 69 |60 82 35 97 17 78 58 3 92 40 31 45 61 55 95 75 9 66 73 ||90 20 32 74 |84 6 86 51 26 63 99 |65 39 |79 |85 15 |18 77 21 94 91 |80 |50 98 49 5 62 64 |34 59 |100 ||12 |53 41 68 23 87 |54 57 19 28 
6298.34 175602
1 25 24 4 48 13 29 2 43 71 89 7 |88 52 67 72 96 16 30 11 33 44 47 27 42 81 |10 37 22 83 38 70 36 14 93 46 56 8 76 69 |60 82 97 78 58 3 92 40 31 45 61 55 95 75 9 66 73 ||49 32 90 |23 74 |12 5 6 18 |77 26 |91 59 84 80 |86 98 17 |50 51 21 53 35 |20 34 100 79 62 68 |65 |63 94 |39 |99 |41 |54 |87 28 |85 15 19 57 64 
6866.17 164374
1 25 24 4 48 13 29 2 43 71 89 7 |88 52 67 72 96 16 30 11 33 44 47 27 42 81 |10 37 22 83 38 70 36 14 93 46 56 8 76 69 |60 82 97 78 58 3 92 40 31 45 61 55 95 75 9 66 73 ||90 |98 74 |20 5 49 35 23 |77 68 21 91 |63 26 |84 |17 86 |80 12 28 59 |50 51 |53 |34 100 ||65 99 54 |62 39 |79 94 |32 85 18 6 |41 87 57 64 |15 19 
7092.43 154597
1 25 24 4 48 13 29 2 43 71 89 7 |88 52 67 72 96 16 30 11 33 44 47 27 42 81 |10 37 22 83 38 70 36 14 93 46 56 8 76 69 |60 82 97 78 58 3 92 40 31 45 61 55 95 75 9 66 73 ||90 |32 74 39 26 5 49 41 |63 23 |12 |35 77 |85 |84 |62 86 100 ||17 |91 |80 28 |99 65 |20 59 |68 51 21 |79 98 |94 |34 |54 |50 53 18 6 |87 57 64 |15 19 
7430.07 154036
1 25 24 4 48 13 29 2 43 71 89 7 |88 52 67 72 96 16 30 11 33 44 47 27 42 81 |10 37 22 83 38 70 36 14 93 46 56 8 76 69 |60 82 97 78 58 3 92 40 31 45 61 55 95 75 9 66 73 ||90 |39 74 |12 35 23 |86 63 32 |77 26 79 |84 |17 |59 5 |21 68 |91 |80 |50 98 20 |62 64 54 |34 |65 |28 94 |100 ||49 |99 |41 |51 18 87 53 57 6 |85 15 19 
8071.52 153972
1 25 24 4 48 13 29 2 43 71 89 7 |88 52 67 72 96 16 30 11 33 44 47 27 42 81 |10 37 22 83 38 70 36 14 93 46 56 8 76 69 |60 82 97 78 58 3 92 40 31 45 61 55 95 75 9 66 73 ||90 |39 74 |26 63 49 41 |77 23 32 |85 99 |65 |84 |17 |62 68 |5 100 ||91 |12 80 28 |51 59 |21 20 86 |54 |79 |50 98 |53 35 |34 |94 6 |18 |57 64 |87 15 19 
9035.21 153542
1 25 24 4 48 13 29 2 43 71 89 7 |88 52 67 72 96 16 30 11 33 44 47 27 42 81 |10 37 22 83 38 70 36 14 93 46 56 8 76 69 |60 82 97 78 58 3 92 40 31 45 61 55 95 75 9 66 73 ||90 |39 74 |26 63 49 41 |77 23 32 |85 99 |65 |84 |17 |62 68 |5 100 ||91 |12 80 28 |51 59 |21 20 86 |54 |79 |50 98 |94 35 |34 |6 |87 |18 |57 64 53 |15 19 
10097.3 153019

Time:1
Last Iter:10
Last Update:10
Tabu:0
Last Time1
10
1 85 72 96 33 44 60 27 47 11 30 5 42 81 |97 78 58 3 92 93 14 70 38 90 22 10 55 95 75 9 71 |52 16 67 88 24 4 48 25 13 29 2 76 8 69 |36 83 37 61 45 31 40 82 89 7 46 56 43 66 73 ||18 |87 50 77 32 62 |17 35 57 64 21 49 26 |20 15 |41 79 65 100 68 74 91 19 |59 28 99 |80 54 94 63 86 98 34 |23 53 51 6 39 84 12 
5643 193825
60 31 78 58 3 40 92 82 7 89 75 95 9 71 73 |97 96 72 67 16 11 44 47 27 81 69 |29 13 48 24 4 25 30 33 52 88 1 76 8 |42 2 56 55 10 61 45 37 22 83 38 70 36 14 93 46 43 66 ||98 |35 99 |85 |54 |91 77 49 |5 26 39 21 |28 68 62 19 |64 23 63 94 15 6 79 |53 87 50 100 65 12 20 |18 90 34 |41 51 86 80 84 74 59 |32 57 17 |
5810.79 188777
31 97 78 58 3 40 92 60 27 42 81 |52 67 72 16 96 33 11 30 47 44 82 89 7 69 |56 46 14 93 36 70 38 83 22 37 45 61 10 9 |1 88 25 4 24 48 13 29 2 76 8 66 43 55 95 75 71 73 ||15 59 |91 79 35 62 98 49 |50 85 63 |65 |68 6 |80 19 84 20 18 86 53 23 |94 |74 54 21 41 51 57 64 |90 34 100 87 |26 39 |32 |5 99 12 28 |17 77 |
5920.88 175280
13 29 2 38 70 36 14 93 46 56 43 66 73 |83 22 37 45 61 10 55 9 95 75 71 82 89 7 |40 31 97 78 58 3 92 60 27 44 47 30 42 81 |11 33 96 72 16 67 52 48 24 4 25 88 1 76 8 69 ||63 79 |34 41 |6 |85 15 59 28 91 |35 77 50 |68 |80 19 84 20 18 86 |54 62 12 |39 65 94 64 53 |99 98 51 23 57 32 |17 100 90 49 |26 5 |74 21 87 |
6181.77 173504
31 97 78 58 3 40 92 60 27 42 81 |52 67 72 16 96 33 11 30 47 44 82 89 7 69 |56 46 14 93 36 70 38 83 22 37 45 61 10 9 |1 88 25 4 24 48 13 29 2 76 8 66 43 55 95 75 71 73 ||26 79 28 84 |90 |68 23 |6 18 94 |21 |15 |62 35 32 85 49 86 |64 77 53 100 5 |41 |57 91 50 80 |20 34 |19 98 51 |74 65 |54 |87 |12 |63 99 39 |59 17 |
6752.15 171823
31 97 78 58 3 40 92 60 27 42 81 |52 67 72 16 96 33 11 30 47 44 82 89 7 69 |56 46 14 93 36 70 38 83 22 37 45 61 10 9 |1 88 25 4 24 48 13 29 2 76 8 66 43 55 95 75 71 73 ||26 62 28 84 |90 |23 |6 18 17 68 94 21 |85 |57 |64 79 86 19 49 |15 5 |41 |51 |77 50 |100 34 |20 |35 74 54 91 80 98 |87 65 |12 |53 |99 63 32 39 |59 |
6801.08 166835
31 97 78 58 3 40 92 60 27 42 81 |52 67 72 16 96 33 11 30 47 44 82 89 7 69 |56 46 14 93 36 70 38 83 22 37 45 61 10 9 |1 88 25 4 24 48 13 29 2 76 8 66 43 55 95 75 71 73 ||26 |28 84 |90 |23 |18 |5 68 21 85 94 |91 53 |79 |64 32 |17 |6 62 35 86 |41 49 57 77 50 100 ||20 34 |19 98 65 51 |74 |15 54 |87 |12 |99 80 63 39 |59 |
7039.58 162494
31 97 78 58 3 40 92 60 27 42 81 |52 67 72 16 96 33 11 30 47 44 82 89 7 69 |56 46 14 93 36 70 38 83 22 37 45 61 10 9 |1 88 25 4 24 48 13 29 2 76 8 66 43 55 95 75 71 73 ||26 |28 84 |90 |23 |18 |32 68 21 85 94 |91 64 |79 |53 5 |17 |80 19 6 |86 62 |35 |41 49 57 |77 50 |100 34 |20 15 |74 54 98 |51 87 65 |12 |99 63 39 |59 |
7185.89 160680
2 29 13 48 24 4 25 88 1 76 8 43 66 73 |31 97 78 58 3 40 92 60 27 42 81 69 |52 67 72 16 96 33 11 30 47 44 82 89 7 |56 46 14 93 36 70 38 83 22 37 45 61 10 55 95 75 9 71 ||90 68 79 19 |84 |28 |23 |6 18 |94 21 85 |64 32 |77 50 26 86 62 |35 5 53 |41 49 57 100 34 |20 15 |74 54 91 80 98 |51 87 65 |12 |99 63 17 |39 |59 
7591.18 155366
2 29 13 48 24 4 25 88 1 76 8 43 66 73 |31 97 78 58 3 40 92 60 27 42 81 69 |52 67 72 16 96 33 11 30 47 44 82 89 7 |56 46 14 93 36 70 38 83 22 37 45 61 10 55 95 75 9 71 ||90 68 79 19 |84 |28 |23 |6 18 |94 21 85 |64 32 |26 86 62 53 |35 5 |41 49 57 |77 50 |100 34 |20 15 |74 54 91 80 98 |51 87 65 |12 |99 63 17 |39 |59 
7785.29 151020

Time:1
Last Iter:10
Last Update:10
Tabu:0
Last Time1
5
44 11 25 4 24 48 13 29 2 56 46 43 66 73 |65 100 31 97 78 58 3 60 27 47 52 85 88 1 76 8 69 |93 14 36 70 38 83 22 37 45 61 10 55 95 89 7 81 |33 96 72 67 16 30 42 82 92 40 75 9 71 ||51 79 |84 74 |98 87 18 |94 62 64 35 77 50 91 |49 41 39 63 57 20 |80 19 6 86 26 53 17 |32 90 12 |59 99 34 |28 15 54 5 21 68 23 
5578.75 193485
1 88 15 25 4 24 28 48 13 29 2 76 8 56 46 43 66 73 |20 36 70 38 83 22 14 93 10 55 95 75 9 71 |34 37 61 45 31 40 97 78 58 3 92 82 89 7 |16 67 72 96 33 11 52 30 47 44 60 63 27 42 81 69 ||53 |32 |57 |17 23 26 86 |12 |62 68 54 |79 51 39 65 100 99 |50 |80 |98 87 77 35 |59 90 |94 21 91 84 85 6 18 |64 5 74 49 41 19 
5677.48 173911
41 1 88 25 4 24 28 48 13 29 2 76 8 56 46 43 66 73 |20 36 70 38 83 22 14 93 10 55 95 75 9 71 |34 37 61 45 31 40 97 78 58 3 92 82 89 7 |16 67 72 96 33 11 52 30 47 44 60 63 27 42 81 69 ||59 |74 86 49 23 26 |87 |50 |53 |99 15 85 |65 |51 100 ||91 |64 62 77 |35 57 17 68 54 39 |12 79 |32 98 |80 |90 |21 |5 |94 19 84 6 18 
6037.03 167709
1 88 15 25 4 24 28 48 13 29 2 76 8 56 46 43 66 73 |20 36 70 38 83 22 14 93 10 55 95 75 9 71 |34 37 61 45 31 40 97 78 58 3 92 82 89 7 |16 67 72 96 33 11 52 30 47 44 60 63 27 42 81 69 ||77 87 |74 50 100 35 57 |17 23 26 86 |12 |62 68 54 |51 79 65 32 |99 |39 |80 |98 |91 59 |90 |94 21 |84 85 6 18 |64 5 53 49 41 19 
6497.8 164903
1 88 15 25 4 24 28 48 13 29 2 76 8 56 46 43 66 73 |20 36 70 38 83 22 14 93 10 55 95 75 9 71 |27 60 44 33 96 72 67 16 11 47 30 52 42 81 69 |37 61 45 31 40 97 78 58 3 92 82 89 7 ||34 |6 |74 |80 50 |23 26 90 12 91 54 |32 64 57 98 |62 35 17 |68 |77 94 39 65 21 |99 |59 |53 87 79 |5 |63 |86 |41 51 100 ||84 |85 18 |49 |19 
8049.72 157895

Time:1
Last Iter:10
Last Update:10
Tabu:0
Last Time1
10
11 96 33 44 26 40 31 87 45 61 10 55 9 95 75 71 89 7 |97 17 78 58 3 92 82 60 27 47 30 42 81 69 |37 36 70 38 83 22 93 14 46 56 43 66 8 73 |52 16 72 67 1 88 25 4 24 48 13 29 2 76 ||100 ||74 84 28 12 90 |15 59 99 |35 23 85 51 |57 94 5 |20 |86 |63 98 54 91 80 19 53 41 |77 79 18 65 34 |49 21 68 32 39 |50 |64 62 6 
4930.25 173421
11 96 33 44 26 40 31 87 45 61 10 55 9 95 75 71 89 7 |97 17 78 58 3 92 82 60 27 47 30 42 81 69 |37 36 70 38 83 22 93 14 46 56 43 66 8 73 |52 16 72 67 1 88 25 4 24 48 13 29 2 76 ||74 84 28 12 65 |77 59 99 |94 |35 |23 57 86 85 5 |20 |98 91 51 63 |54 53 80 |39 |19 41 |15 |50 34 |49 21 68 100 18 |6 |90 79 |64 62 32 
5530.29 171176
11 96 33 44 26 40 31 87 45 61 10 55 9 95 75 71 89 7 |97 17 78 58 3 92 82 60 27 47 30 42 81 69 |37 36 70 38 83 22 93 14 46 56 43 66 8 73 |52 16 72 67 1 88 25 4 24 48 13 29 2 76 ||51 41 |100 ||84 |74 28 99 12 90 |59 |53 94 35 23 57 85 5 |20 |86 |63 98 54 91 80 19 |65 15 |68 77 50 6 39 |18 32 |49 21 |34 |64 62 79 
5762.48 169969
11 96 33 44 26 40 31 87 45 61 10 55 9 95 75 71 89 7 |97 17 78 58 3 92 82 60 27 47 30 42 81 69 |37 36 70 38 83 22 93 14 46 56 43 66 8 73 |52 16 72 67 1 88 25 4 24 48 13 29 2 76 ||65 100 85 |74 84 28 |50 |79 59 |99 |53 35 23 57 94 5 |20 |86 51 63 98 54 91 80 |39 |19 |15 |41 34 |77 18 12 90 6 |21 68 49 |62 64 |32 
6007.33 169016
11 96 33 44 26 40 31 87 45 61 10 55 9 95 75 71 89 7 |97 17 78 58 3 92 82 60 27 47 30 42 81 69 |37 36 70 38 83 22 93 14 46 56 43 66 8 73 |52 16 72 67 1 88 25 4 24 48 13 29 2 76 ||51 74 84 28 6 41 |12 90 |15 59 |99 |35 53 23 57 94 5 |20 |86 |63 98 54 91 80 19 |77 79 18 65 34 |49 21 68 |39 |50 |100 85 |64 62 32 
6103.76 168522
11 96 33 44 26 40 31 87 45 61 10 55 9 95 75 71 89 7 |97 17 78 58 3 92 82 60 27 47 30 42 81 69 |37 36 70 38 83 22 93 14 46 56 43 66 8 73 |52 16 72 67 1 88 25 4 24 48 13 29 2 76 ||65 100 ||85 |74 84 28 12 90 |79 59 99 |53 35 23 57 94 5 |20 |51 86 63 |91 98 54 |80 |19 |15 41 |18 34 |49 21 68 32 39 |50 77 |64 62 6 
6182.66 164923
11 96 33 44 26 40 31 87 45 61 10 55 9 95 75 71 89 7 |97 17 78 58 3 92 82 60 27 47 30 42 81 69 |37 36 70 38 83 22 93 14 46 56 43 66 8 73 |52 16 72 67 1 88 25 4 24 48 13 29 2 76 ||41 74 84 28 |85 12 90 |15 59 99 |53 |35 23 57 94 5 |20 |79 77 86 |98 91 63 |54 80 |39 |19 |18 |50 34 |65 |68 21 49 |6 |51 100 ||64 62 32 
6689.38 163938
11 96 33 44 26 40 31 87 45 61 10 55 9 95 75 71 89 7 |97 17 78 58 3 92 82 60 27 47 30 42 81 69 |37 36 70 38 83 22 93 14 46 56 43 66 8 73 |52 16 72 67 1 88 25 4 24 48 13 29 2 76 ||51 41 |100 ||65 |74 84 28 12 90 |59 99 |53 |35 23 57 94 5 |20 |85 |77 50 |86 63 98 54 |15 91 80 19 |79 18 34 |49 21 68 |6 |39 |64 62 32 
6820.36 163421
11 96 33 44 26 40 31 87 45 61 10 55 9 95 75 71 89 7 |97 17 78 58 3 92 82 60 27 47 30 42 81 69 |37 36 70 38 83 22 93 14 46 56 43 66 8 73 |52 16 72 67 1 88 25 4 24 48 13 29 2 76 ||51 41 |100 ||85 |74 84 28 |6 65 |59 99 |53 50 35 |23 57 94 5 |20 |86 63 98 54 91 80 |39 |19 |15 |34 |77 18 |68 21 |12 90 79 49 |64 62 32 
7919.14 163096
11 96 33 44 26 40 31 87 45 61 10 55 9 95 75 71 89 7 |97 17 78 58 3 92 82 60 27 47 30 42 81 69 |37 36 70 38 83 22 93 14 46 56 43 66 8 73 |52 16 72 67 1 88 25 4 24 48 13 29 2 76 ||51 41 |100 ||85 |84 |28 65 |6 74 |59 99 |53 50 35 |23 57 94 5 |20 |86 63 98 54 91 80 |39 |19 |15 |34 |77 18 |68 21 |12 90 79 49 |64 62 32 
8848.46 162715

Time:1
Last Iter:10
Last Update:10
Tabu:0
Last Time1
11
16 67 72 96 44 45 61 37 10 55 95 75 9 71 98 |31 40 97 78 58 3 92 82 89 7 60 27 47 30 42 81 69 |13 48 24 4 25 88 33 62 11 52 1 76 8 |29 2 36 22 83 38 70 34 14 93 46 56 43 66 73 ||91 65 |90 59 |79 86 26 53 77 50 41 39 49 54 |20 12 85 |19 99 28 15 94 68 6 |17 |74 84 5 21 32 64 35 87 |100 ||23 51 18 63 57 80 
5547.95 186166
97 78 58 3 92 40 31 87 50 45 61 10 55 95 75 9 |81 37 22 83 38 70 36 34 14 93 46 56 43 66 73 |42 52 16 96 33 11 30 47 44 27 60 82 7 89 71 |72 67 1 88 25 24 4 48 13 29 2 8 76 69 ||99 |6 |94 49 |18 41 74 80 59 28 |32 |17 |86 26 53 63 21 62 57 23 35 |91 84 |20 64 5 |90 65 68 19 |39 98 |12 54 85 100 ||77 15 |51 79 
5816.1 168240
97 78 58 3 92 40 31 87 50 45 61 10 55 95 75 9 |81 37 22 83 38 70 36 34 14 93 46 56 43 66 73 |42 52 16 96 33 11 30 47 44 27 60 82 7 89 71 |72 67 1 88 25 24 4 48 13 29 2 8 76 69 ||99 |6 |94 49 |18 41 74 80 59 28 |32 |86 26 62 21 35 63 68 5 |79 20 90 12 65 51 98 |85 57 |84 19 |39 64 |23 54 91 100 ||77 15 |17 53 
6177.42 168221
97 78 58 3 92 40 31 87 50 45 61 10 55 95 75 9 |81 37 22 83 38 70 36 34 14 93 46 56 43 66 73 |42 52 16 96 33 11 30 47 44 27 60 82 7 89 71 |72 67 1 88 25 24 4 48 13 29 2 8 76 69 ||99 |6 |94 49 |18 41 |68 |74 80 |59 28 32 |86 26 62 21 35 63 5 |79 20 90 12 65 51 98 |85 57 |84 19 |39 64 |23 54 91 100 ||77 15 |17 53 
6319.94 163721
97 78 58 3 92 40 31 87 45 61 10 55 95 75 9 |81 37 22 83 38 70 36 34 14 93 46 56 43 66 73 |42 52 16 96 33 11 30 47 44 27 60 82 7 89 71 |72 67 1 88 25 24 4 48 13 29 2 8 76 69 ||99 |6 |94 49 50 |18 41 |80 74 28 |59 |32 |86 26 53 63 21 62 57 23 35 |91 84 |20 17 64 5 |90 65 68 19 |39 98 |85 |54 100 ||77 15 12 |51 79 
6453.55 161160
97 78 58 3 92 40 31 87 45 61 10 55 95 75 9 |81 37 22 83 38 70 36 34 14 93 46 56 43 66 73 |42 52 16 96 33 11 30 47 44 27 60 82 7 89 71 |72 67 1 88 25 24 4 48 13 29 2 8 76 69 ||99 |6 |94 49 50 |18 41 74 |80 59 28 |32 |86 26 53 63 21 62 57 23 35 |91 84 |20 17 64 5 |90 65 68 19 |98 |39 |85 |54 100 77 15 |12 |51 |79 
6548.5 161042
97 78 58 3 92 40 31 87 50 45 61 10 55 95 75 9 |81 37 22 83 38 70 36 34 14 93 46 56 43 66 73 |42 52 16 96 33 11 30 47 44 27 60 82 7 89 71 |72 67 1 88 25 24 4 48 13 29 2 8 76 69 ||99 |6 |94 49 |18 41 |90 |74 80 |59 28 32 |86 26 53 63 21 62 57 23 35 |91 84 |20 17 64 5 |65 |68 19 |39 15 |85 |12 54 |100 ||77 |98 |51 79 
6689.12 158846
97 78 58 3 92 40 31 87 45 61 10 55 95 75 9 |81 37 22 83 38 70 36 34 14 93 46 56 43 66 73 |42 52 16 96 33 11 30 47 44 27 60 82 7 89 71 |72 67 1 88 25 24 4 48 13 29 2 8 76 69 ||50 99 |6 |94 49 |18 41 |90 |74 80 |59 28 32 |26 53 63 21 62 57 23 35 |91 84 |20 17 64 5 |65 68 19 |86 98 39 54 15 |85 100 77 |12 |79 |51 
6875.16 158311
97 78 58 3 92 40 31 87 50 45 61 10 55 95 75 9 |81 37 22 83 38 70 36 34 14 93 46 56 43 66 73 |42 52 16 96 33 11 30 47 44 27 60 82 7 89 71 |72 67 1 88 25 24 4 48 13 29 2 8 76 69 ||99 |6 |94 49 |18 41 |68 |74 80 |59 28 32 |86 26 53 63 21 62 57 23 35 |91 |20 17 64 98 |84 |90 |19 |15 39 |65 |85 5 |12 |54 |100 ||51 77 |79 
7249.39 158105
97 78 58 3 92 40 31 87 50 45 61 10 55 95 75 9 |81 37 22 83 38 70 36 34 14 93 46 56 43 66 73 |42 52 16 96 33 11 30 47 44 27 60 82 7 89 71 |72 67 1 88 25 24 4 48 13 29 2 8 76 69 ||99 |6 |94 49 |18 41 |68 |74 80 |59 28 32 |86 26 53 63 62 57 23 35 |91 84 |20 17 64 5 |90 21 |19 |15 39 |65 |85 |12 54 |100 ||77 |98 |51 79 
7475.9 157227
72 67 2 29 13 48 24 4 25 88 1 76 8 69 |97 78 58 3 92 40 31 87 45 61 10 55 95 75 9 |81 37 22 83 38 70 36 34 14 93 46 56 43 66 73 |42 52 16 96 33 11 30 47 44 27 60 82 7 89 71 ||99 |6 50 |94 49 |18 90 |80 59 |74 |28 |32 |86 26 53 63 41 21 |62 68 51 98 |20 64 91 84 |57 23 35 |5 19 |17 39 |65 |54 15 12 |85 77 100 ||79 
7782.09 154230

Time:1
Last Iter:10
Last Update:10
Tabu:0
Last Time1
6
48 24 4 59 25 88 52 67 72 16 11 30 47 60 27 42 81 |96 33 44 97 78 58 40 10 93 46 43 66 8 76 69 |1 13 29 2 56 14 36 70 38 22 37 45 61 75 71 73 |83 31 3 92 82 55 95 9 89 7 ||35 |84 |41 79 80 |51 26 18 21 32 57 23 |99 74 91 98 6 63 5 49 |90 65 34 77 53 |64 100 ||28 15 54 85 62 68 |17 50 87 86 39 94 |19 20 12 
5492.97 192510
96 72 67 16 11 33 44 92 82 89 75 95 9 71 |58 97 78 31 40 3 60 27 7 66 73 |93 14 2 29 13 48 24 4 25 88 1 52 30 47 42 |56 36 70 38 83 22 37 45 61 10 55 46 43 8 76 69 81 ||87 50 |17 |28 |49 |35 57 64 41 91 |77 6 98 74 5 85 |90 |79 51 |53 23 32 62 94 86 |99 59 |26 63 21 68 80 20 34 |100 18 65 12 19 84 15 54 39 
6205.44 174289
36 56 2 29 13 48 24 4 25 88 1 76 8 69 |81 42 30 47 97 78 58 3 92 40 31 37 45 61 75 71 |43 70 83 38 22 14 93 46 10 55 9 95 66 73 |52 67 16 72 96 11 33 44 27 60 82 89 7 ||87 50 |17 |28 |49 |35 57 64 41 91 |77 6 98 74 5 85 |90 |54 |34 20 19 80 |68 23 12 |94 32 59 18 26 |15 63 51 79 |62 86 100 21 84 |39 99 |65 53 |
6744.94 170178
36 56 2 29 13 48 24 4 25 88 76 8 69 |81 42 30 47 97 78 58 3 92 40 31 37 45 61 75 71 |43 70 83 38 22 14 93 46 10 55 95 9 66 73 |1 52 67 16 72 96 11 33 44 27 60 82 89 7 ||17 87 |39 |65 77 90 79 |49 35 57 64 |18 50 100 ||63 5 |20 53 |51 98 80 91 74 54 |85 |34 19 6 |68 23 12 |94 32 41 26 |99 59 |86 |84 |21 62 |15 |28 |
6939.34 163420
36 56 2 29 13 48 24 4 25 88 1 76 8 69 |81 42 30 47 97 78 58 3 92 40 31 37 45 61 75 71 |43 70 83 38 22 14 93 46 10 55 9 95 66 73 |52 67 16 72 96 11 33 44 27 60 82 89 7 ||28 |79 87 50 17 63 |23 |59 6 |53 |94 |5 62 |41 77 51 98 |74 54 |49 12 |85 91 57 64 |90 |34 20 19 80 |68 35 |32 18 26 |15 |86 100 21 84 |39 99 |65 |
8808.02 163197
36 56 2 29 13 48 24 4 25 88 1 76 8 69 |81 42 30 47 97 78 58 3 92 40 31 37 45 61 75 71 |43 70 83 38 22 14 93 46 10 55 9 95 66 73 |52 67 16 72 96 11 33 44 27 60 82 89 7 ||28 18 |79 87 50 |17 |23 |59 6 63 53 |94 |49 |41 77 51 5 |74 54 |62 12 |98 85 |64 |90 34 |91 |20 19 80 |68 35 |32 57 26 |15 |86 100 21 84 |39 99 |65 |
9016.68 162270

Time:1
Last Iter:10
Last Update:10
Tabu:0
Last Time1
8
36 14 93 10 37 45 61 55 95 75 9 46 43 66 73 |40 31 97 78 58 3 92 57 44 27 60 82 89 7 |22 83 38 70 56 2 29 13 48 24 4 25 88 81 |71 42 47 30 11 33 96 72 67 16 52 1 76 8 69 ||18 |62 |34 20 |21 5 49 86 79 65 100 50 77 |80 84 |90 12 99 74 39 41 98 6 |51 26 63 68 |59 54 64 87 91 |19 28 17 |85 15 94 32 53 35 23 |
5723.95 179151
22 83 38 70 36 14 93 55 46 43 66 8 76 69 |67 72 96 16 11 33 44 40 61 37 10 95 75 9 73 |45 31 97 78 58 3 92 60 30 47 27 42 81 71 |52 1 88 25 4 24 48 13 29 2 56 82 89 7 ||91 |87 34 20 |21 5 49 65 100 ||80 84 |90 12 99 74 39 41 98 6 |51 26 63 68 |50 77 17 57 86 79 19 |28 |54 15 85 64 53 18 |35 23 32 62 94 |59 |
6309.31 178654
44 30 11 33 96 72 67 16 52 1 76 8 69 81 |42 88 25 24 4 48 13 29 2 56 46 43 66 73 |36 70 38 83 22 14 93 10 55 95 75 9 71 |37 61 45 31 40 97 78 58 3 92 47 27 60 82 89 7 ||20 12 59 |68 57 77 |21 41 19 |90 |74 35 17 |100 86 |63 49 |98 6 5 85 |23 |18 50 32 62 94 51 80 |26 |28 87 |79 |84 |91 99 34 |39 54 |53 |64 15 65 |
6498.66 163619
44 30 11 33 96 72 67 16 52 1 76 8 69 81 |42 88 25 24 4 48 13 29 2 56 46 43 66 73 |36 70 38 83 22 14 93 10 55 95 75 9 71 |37 61 45 31 40 97 78 58 3 92 47 27 60 82 89 7 ||20 28 59 |68 57 94 15 |41 21 12 |65 19 |35 17 |100 23 86 |63 49 74 |98 6 5 85 |18 50 32 62 51 80 |26 |87 |79 |84 |91 99 34 |39 54 |90 53 |64 77 |
6686.81 161886
44 30 11 33 96 72 67 16 52 1 76 8 69 81 |42 88 25 24 4 48 13 29 2 56 46 43 66 73 |36 70 38 83 22 14 93 10 55 95 75 9 71 |37 61 45 31 40 97 78 58 3 92 47 27 60 82 89 7 ||20 |68 57 21 74 |41 |12 |65 87 |35 17 |100 23 86 63 |49 51 |98 6 5 85 |26 |34 18 50 32 62 94 |80 |15 |28 19 91 |79 |84 |99 |39 54 |90 59 53 |64 77 |
7203.26 158994
44 30 11 33 96 72 67 16 52 1 76 8 69 81 |42 88 25 24 4 48 13 29 2 56 46 43 66 73 |36 70 38 83 22 14 93 10 55 95 75 9 71 |37 61 45 31 40 97 78 58 3 92 47 27 60 82 89 7 ||20 |68 94 |12 32 41 21 |84 |35 98 87 |6 |100 23 86 |99 49 51 63 |5 |85 |19 |18 50 57 91 |62 |54 |28 15 80 |17 |59 |34 79 |53 |65 39 |74 |64 77 26 |90 
7519.07 157674
27 60 97 78 58 3 92 40 31 37 45 61 82 89 7 |44 47 30 11 33 96 72 67 16 52 1 76 8 69 81 |42 88 25 24 4 48 13 29 2 56 46 43 66 73 |22 70 38 83 36 14 93 10 55 95 75 9 71 ||94 |20 59 28 |65 57 |23 35 17 87 100 86 91 |85 49 |5 |90 12 99 74 39 41 98 6 |51 26 63 68 |84 21 32 |77 50 |80 |62 |64 |15 |34 |79 |19 |18 54 |53 
7726.02 153220
27 60 97 78 58 3 92 40 31 37 45 61 82 89 7 |44 47 30 11 33 96 72 67 16 52 1 76 8 69 81 |42 88 25 24 4 48 13 29 2 56 46 43 66 73 |36 70 38 83 22 14 93 10 55 95 75 9 71 ||28 99 59 91 |85 |63 23 17 57 18 |21 74 94 |20 |12 90 |65 6 |41 98 |68 |84 |77 35 |100 86 49 32 |5 51 50 26 |80 |62 |54 |39 |19 53 |79 15 |64 |34 87 |
8538.67 151461

Time:1
Last Iter:10
Last Update:9
Tabu:0
Last Time1
5
43 55 10 37 61 45 31 17 97 78 58 3 92 40 82 89 6 71 73 |9 75 95 22 83 38 70 36 2 29 13 48 91 |7 11 33 96 72 67 24 4 25 88 1 76 69 |52 16 30 47 44 60 27 42 81 46 93 14 56 8 66 ||41 57 |74 49 |19 15 5 79 65 |34 77 |99 28 59 84 54 20 12 |87 100 ||98 39 51 18 64 94 85 80 |62 32 35 53 26 86 50 |90 |63 21 68 23 
5299.03 196255
94 5 14 36 70 38 83 22 37 61 45 31 82 75 95 9 71 98 |34 93 40 97 78 58 3 92 60 27 42 81 |52 1 88 25 4 24 48 13 29 2 56 46 43 66 8 76 69 |44 33 96 72 67 16 11 30 47 7 89 10 55 73 ||50 |12 |17 |84 19 20 90 100 51 41 39 |54 21 59 |99 85 35 |68 63 |32 57 79 28 |65 87 18 6 91 74 80 |64 15 53 23 26 86 |62 77 |49 
5941.17 189599
14 36 70 38 83 22 37 61 45 31 82 75 95 9 71 98 |34 93 40 97 78 58 3 92 60 27 42 81 |52 1 88 25 4 24 48 13 29 2 56 46 43 66 8 76 69 |44 33 96 72 67 16 11 30 47 7 89 10 55 73 ||50 |12 |17 |91 19 90 100 51 41 63 39 |54 21 35 59 84 |68 32 57 79 99 |28 |65 87 18 6 20 74 85 |64 15 53 23 26 86 |62 77 80 |49 94 5 
6020.5 180772
14 36 70 38 83 22 37 61 45 31 82 75 95 9 71 98 |34 93 40 97 78 58 3 92 60 27 42 81 |52 1 88 25 4 24 48 13 29 2 56 46 43 66 8 76 69 |44 33 96 72 67 16 11 30 47 7 89 10 55 73 ||19 59 |87 65 |90 39 21 94 5 |23 |17 35 100 80 54 |53 |20 91 51 63 41 68 |28 32 57 79 |99 |50 12 18 6 |64 15 26 86 |85 |77 |62 49 74 84 
6101.61 168965
14 36 70 38 83 22 37 61 45 31 82 89 75 95 9 71 98 |16 67 72 96 11 33 44 47 30 7 73 |93 10 55 40 97 78 58 3 92 60 27 42 81 |52 1 88 25 4 24 48 13 29 2 56 46 43 66 8 76 69 ||50 |57 |17 |18 19 20 90 100 51 54 |59 21 41 39 |99 35 |68 32 |79 63 6 |34 12 |28 84 80 65 |62 74 85 87 |64 15 53 23 26 86 |91 77 |49 94 5 
7961.48 165680

Time:1
Last Iter:10
Last Update:10
Tabu:0
Last Time1
4
2 29 13 48 24 4 25 88 85 67 16 11 30 42 81 69 |97 78 58 3 92 45 70 38 83 22 10 55 95 75 9 71 |36 14 56 43 72 96 33 44 27 7 89 73 |46 93 37 61 31 40 82 60 47 52 1 76 8 66 ||87 |80 |17 |91 6 23 |86 51 28 19 59 |32 35 50 77 74 |90 15 |79 18 65 12 99 84 5 94 |57 |54 41 49 64 62 39 98 53 26 |100 34 20 63 21 68 
5534.08 203811
30 11 47 97 78 58 3 31 40 82 89 |7 92 60 52 67 72 16 96 33 44 27 49 42 81 69 |76 8 46 70 38 83 22 37 45 61 10 55 95 75 9 71 73 |1 88 25 24 4 48 13 29 2 36 14 93 56 43 66 ||59 20 19 91 |90 12 |84 98 6 53 68 |86 80 99 28 5 94 |62 64 35 |65 79 |34 17 50 87 18 39 41 |100 51 63 21 54 26 23 |77 57 32 85 15 |74 |
5771.4 170548
33 44 97 78 58 3 40 89 82 60 41 7 71 |9 75 95 10 55 2 29 13 48 24 4 25 15 76 8 |1 88 11 96 72 67 16 52 30 47 27 42 81 69 |92 31 45 61 37 22 83 38 70 36 14 93 46 56 43 66 73 ||32 |62 64 |26 21 68 |98 20 65 91 |57 17 35 63 49 |12 |50 |34 90 87 86 80 |28 5 94 |84 74 59 |79 |100 77 6 99 54 |85 23 |19 |39 |51 |18 53 
8184.94 166827
33 44 97 78 58 3 40 89 82 60 41 7 71 |9 75 95 10 55 2 29 13 48 24 4 25 15 76 8 |1 88 11 96 72 67 16 52 30 47 27 42 81 69 |92 31 45 61 37 22 83 38 70 36 14 93 46 56 43 66 73 ||32 |62 64 |26 21 68 |98 20 65 91 |50 17 35 63 49 |12 |34 90 87 86 80 |28 5 94 |59 |57 77 53 18 6 79 |85 84 23 54 |99 |19 |39 |51 |100 ||74 
8259.55 165384

Execution time: 9.484 seconds
