Time:3
Last Iter:10
Last Update:10
Tabu:0
Last Time3
10
82 87 14 65 50 73 58 85 61 72 2 79 71 77 7 48 6 |59 60 3 57 46 54 23 17 51 12 95 |22 91 63 47 16 32 70 25 88 83 28 45 99 |26 81 52 27 1 76 55 20 34 84 97 41 67 ||44 |37 49 |24 |68 |9 21 96 |18 80 35 |4 10 15 56 |92 86 |74 30 36 64 8 |90 11 40 |62 94 |33 |29 66 38 75 89 |53 98 |19 |93 |43 69 78 |5 39 42 13 |31 100 
12139.7 249694
1 16 37 47 63 59 52 81 26 22 27 97 41 |32 14 88 60 23 46 54 55 3 20 34 84 67 91 |87 70 65 85 58 72 61 2 79 48 7 6 |82 76 57 51 17 71 77 73 50 12 95 28 45 83 99 ||43 |31 |33 |92 |29 19 |90 24 |94 69 96 |44 |74 15 38 89 |39 86 11 40 |35 18 53 |5 93 |25 64 36 13 |30 80 100 21 |62 4 10 |78 98 56 |42 |9 |8 68 |49 75 |66 
13514.1 247796
88 71 77 7 48 23 55 1 27 67 41 |34 3 57 54 46 20 84 |76 82 32 70 47 63 26 22 81 59 52 91 |16 97 6 60 51 17 79 2 58 72 61 87 85 14 65 73 50 12 95 45 28 83 99 ||75 |43 92 |78 8 |29 94 |49 |21 96 |18 80 35 |4 10 15 56 |39 86 11 40 |90 98 |53 66 |24 |37 38 89 |74 69 |25 64 36 13 |30 |100 ||9 62 |68 31 |33 93 |19 |5 |42 |44 
14703.2 246238
53 82 88 63 26 22 81 59 52 91 99 |70 1 23 76 57 3 55 46 54 20 84 34 97 41 67 |32 47 85 87 2 79 17 51 60 48 6 |16 27 7 77 71 61 72 58 14 65 73 50 12 95 45 28 83 ||38 49 |11 |68 |9 21 96 30 |4 93 86 90 |19 15 36 |18 80 35 |62 |94 64 5 |10 75 89 66 |25 33 24 |69 |92 |31 |37 29 |56 78 100 43 8 |13 98 39 42 |40 |74 |44 
14818 234798
94 82 88 63 26 22 81 59 52 91 99 |70 1 23 76 57 3 55 46 54 20 84 34 97 41 67 |32 47 85 87 2 79 17 51 60 48 6 |16 27 7 77 71 61 72 58 14 65 73 50 12 95 45 28 83 ||53 |37 49 |24 |68 |9 21 96 |18 80 35 |4 10 15 56 |92 86 |74 30 36 64 8 |90 11 62 98 |29 38 89 |19 5 |75 |25 |69 100 43 |33 |13 |40 |66 |42 44 |39 |78 |93 |31 
15330.5 227462
53 82 88 63 26 22 81 59 52 91 99 |70 1 23 76 57 3 55 46 54 20 84 34 97 41 67 |32 47 85 87 2 79 17 51 60 48 6 |16 27 7 77 71 61 72 58 14 65 73 50 12 95 45 28 83 ||38 49 |11 |68 |9 21 96 |18 |66 |25 37 |80 35 |24 |4 10 15 56 |92 69 8 |100 5 42 |19 89 |44 13 64 |33 93 90 |31 |40 |36 98 62 |29 |30 78 |74 |43 |39 |94 |75 |86 |
18809.7 227303
53 82 88 63 26 22 81 59 52 91 99 |70 1 23 76 57 3 55 46 54 20 84 34 97 41 67 |32 47 85 87 2 79 17 51 60 48 6 |16 27 7 77 71 61 72 58 14 65 73 50 12 95 45 28 83 ||38 49 |11 |24 |68 96 |35 9 |93 |37 |21 |18 |4 10 15 56 |92 86 |74 30 36 64 8 |90 62 98 |29 89 |19 5 |75 |25 |69 100 43 80 |33 |31 |40 |66 94 78 |39 42 |13 |44 
20874.7 226991
53 82 88 63 26 22 81 59 52 91 99 |70 1 23 76 57 3 55 46 54 20 84 34 97 41 67 |32 47 85 87 2 79 17 51 60 48 6 |16 27 7 77 71 61 72 58 14 65 73 50 12 95 45 28 83 ||37 49 |80 |24 |9 21 96 |4 |66 68 |25 56 15 |18 100 ||10 |92 86 |74 30 36 64 8 |90 11 62 98 |29 38 89 |19 5 |75 |69 |43 |33 |31 |40 |35 94 78 |39 93 42 |13 |44 
21544.7 226187
53 82 88 63 26 22 81 59 52 91 99 |70 1 23 76 57 3 55 46 54 20 84 34 97 41 67 |32 47 85 87 2 79 17 51 60 48 6 |16 27 7 77 71 61 72 58 14 65 73 50 12 95 45 28 83 ||37 49 |24 |9 96 |21 18 |80 |68 |4 10 15 |56 |92 |86 |74 |30 36 64 8 |90 11 98 |89 29 |19 5 |93 25 75 |69 100 43 |38 |33 |31 |40 62 |35 94 66 |39 42 |13 |78 |44 
22204.9 225685
53 82 88 63 26 22 81 59 52 91 99 |70 1 23 76 57 3 55 46 54 20 84 34 97 41 67 |32 47 85 87 2 79 17 51 60 48 6 |16 27 7 77 71 61 72 58 14 65 73 50 12 95 45 28 83 ||49 |56 |68 |9 |21 96 |93 |37 25 |18 |4 |10 |15 |69 |92 |100 94 |19 38 |98 8 29 |33 90 5 64 |75 44 |31 13 |11 |62 |66 |43 86 |40 |24 |89 |78 |39 |80 |35 42 |36 30 |74 
23867.9 224331

Time:4
Last Iter:10
Last Update:10
Tabu:0
Last Time4
3
82 26 52 59 63 47 16 32 70 88 28 45 |60 51 17 24 65 73 50 95 |81 14 79 2 87 85 61 72 58 71 77 12 7 48 6 83 |23 22 27 1 76 57 3 55 46 54 20 34 84 97 41 67 91 99 ||100 18 |25 |29 19 |15 66 38 4 75 |39 90 11 |69 43 21 35 |40 |94 68 |10 5 13 96 62 |36 80 31 |74 |98 92 9 56 |42 33 89 |37 8 64 |78 30 53 |44 49 |93 86 |
12320.8 251878
26 81 63 82 16 32 70 88 83 28 45 99 91 |22 23 60 77 58 72 87 85 14 65 73 50 12 95 |71 2 79 17 51 48 7 6 |61 47 59 52 27 1 76 57 3 55 46 54 20 84 34 97 41 67 ||78 |43 |44 25 |33 90 |9 92 13 56 8 |29 66 38 |80 |37 |19 |24 |39 86 98 62 |74 18 69 |100 ||93 15 4 10 |96 35 94 5 |31 53 21 |68 |30 36 |42 89 |64 75 |11 40 |49 
13501.6 230353
81 87 50 73 65 14 85 61 72 58 71 77 12 95 |26 82 16 70 47 88 59 52 91 |32 2 79 17 23 60 51 48 7 6 45 28 83 99 |22 63 57 76 1 27 3 55 46 54 20 84 34 97 41 67 ||93 |78 44 |35 94 |15 89 |18 53 21 100 8 |9 80 |68 74 38 |49 37 75 |19 |24 |36 64 |39 43 |90 |31 |69 |13 |56 |86 10 30 |40 |4 29 5 |11 62 |25 |33 |42 |96 98 |92 |66 |
15910.3 225126

Time:3
Last Iter:10
Last Update:10
Tabu:0
Last Time3
13
26 46 56 30 27 18 1 76 57 55 54 20 34 84 97 67 |16 2 79 23 60 17 51 48 7 6 |3 32 70 82 65 14 85 87 61 72 58 71 77 12 41 91 |47 22 63 81 59 52 88 73 50 95 28 45 83 99 ||21 69 68 |64 29 10 |98 40 |31 |62 |5 78 94 74 |4 66 75 49 |25 33 |19 89 |39 24 |96 100 53 35 |37 |93 90 86 42 8 |15 38 44 |13 92 11 |80 |43 9 36 
13027.3 263563
22 3 77 71 58 85 87 61 72 2 79 17 51 48 7 6 |26 60 76 57 55 46 54 20 84 34 97 27 89 67 41 |1 16 32 82 65 14 73 50 12 95 45 28 83 99 |23 88 70 47 63 81 59 52 91 ||62 |33 |68 39 |8 9 53 |35 30 |4 |92 |24 |37 42 |13 36 |86 64 56 |15 29 44 |10 75 25 49 |74 90 |96 43 69 100 ||94 98 |80 31 |66 19 |18 21 |78 5 |38 |40 11 93 
13324 248629
22 3 77 71 58 85 87 61 72 2 79 17 51 48 7 6 |26 60 76 57 55 46 54 20 84 34 97 27 89 67 41 |1 16 32 82 65 14 73 50 12 95 45 28 83 99 |23 88 70 47 63 81 59 52 91 ||62 |33 |68 39 |8 9 53 |35 30 |4 |92 |24 |37 42 |13 36 |86 64 56 |15 29 44 |100 80 31 |66 19 74 |49 |25 90 98 |96 43 69 |94 |18 21 |78 5 |10 38 75 |40 11 93 
13821.1 247322
2 44 22 27 1 76 57 3 55 46 54 20 34 84 97 30 67 41 |26 88 79 77 71 58 72 61 40 85 14 65 73 50 12 28 83 99 |60 23 92 17 51 48 7 6 39 95 45 |87 16 82 32 70 47 63 81 52 59 89 4 91 ||53 |68 |37 |9 35 |42 93 33 |13 62 98 |94 64 56 |15 29 |25 |100 80 69 |66 19 |49 |31 21 96 |86 11 24 90 |18 43 |78 5 |10 38 75 |74 36 8 
13940.5 238038
82 20 57 76 1 22 81 63 59 52 91 |60 23 46 54 55 3 27 97 41 67 |26 47 88 65 14 85 87 61 72 58 73 50 7 12 95 |16 32 70 34 84 51 17 2 79 71 77 48 6 45 28 83 99 ||33 |9 92 |42 86 |89 |62 |31 53 80 |90 25 |43 |100 18 |66 29 |10 75 |5 36 |96 |4 49 |69 78 30 |39 93 |35 21 13 |38 98 |11 40 |64 |24 |94 |74 |56 15 |8 44 |37 |68 |19 
14000.1 237266
26 47 88 65 85 87 61 72 58 73 50 7 12 95 |16 32 70 51 17 2 79 71 77 48 6 45 28 83 99 |14 60 1 76 57 46 54 20 84 34 97 41 67 |82 23 55 3 27 22 81 63 52 59 91 ||33 |64 |42 |39 35 |89 |62 |31 53 80 |90 25 |43 |100 18 8 |49 56 5 36 |30 29 38 66 4 10 |75 |69 78 |98 11 93 |40 24 |44 |21 |13 94 |74 15 |96 9 92 |86 |37 |19 |68 |
14498.5 234002
26 47 88 65 85 87 61 72 58 73 50 7 12 95 |16 32 70 51 17 2 79 71 77 48 6 45 28 83 99 |14 60 1 76 57 46 54 20 84 34 97 41 67 |82 23 55 3 27 22 81 63 52 59 91 ||44 |92 |30 42 |39 93 90 10 |53 68 74 |37 89 |38 |8 |78 |18 62 13 5 |75 29 66 |11 24 |43 31 |25 86 |15 |56 64 |35 |96 21 69 36 |49 |33 98 |94 |100 9 |40 |4 |19 |80 
14937.5 231405
26 47 88 65 85 87 61 72 58 73 50 7 12 95 |16 32 70 51 17 2 79 71 77 48 6 45 28 83 99 |14 60 1 76 57 46 54 20 84 34 97 41 67 |82 23 55 3 27 22 81 63 52 59 91 ||33 |64 |42 |39 35 |89 |62 |31 53 80 |90 25 |43 |100 18 |66 29 |10 75 |5 36 |96 |4 49 |69 78 30 |98 11 93 |38 |44 |21 |40 24 86 |9 |94 |74 |56 15 |8 13 92 |37 |19 |68 |
14949.8 230362
26 47 88 65 85 87 61 72 58 73 50 7 12 95 |16 32 70 51 17 2 79 71 77 48 6 45 28 83 99 |14 60 1 76 57 46 54 20 84 34 97 41 67 |82 23 55 3 27 22 81 63 52 59 91 ||33 |64 |42 |39 35 |89 |62 |31 53 80 |90 25 |43 |100 ||66 29 |10 75 |5 36 |56 |4 49 |18 |69 78 30 |98 11 93 |38 |44 |21 |40 24 |86 94 |74 15 |96 9 92 |8 13 |37 |19 |68 |
14961.1 229830
26 47 88 65 85 87 61 72 58 73 50 7 12 95 |16 32 70 51 17 2 79 71 77 48 6 45 28 83 99 |14 60 1 76 57 46 54 20 84 34 97 41 67 |82 23 55 3 27 22 81 63 52 59 91 ||33 |42 |39 93 90 86 |31 35 |74 4 75 89 |37 |25 |43 |100 ||66 29 10 |80 |5 36 |18 |24 |78 |69 |30 |98 11 |56 64 62 |44 38 |21 |96 |49 |53 94 |40 |9 |92 |8 13 |15 |68 |19 
16571.6 229441
26 47 88 65 85 87 61 72 58 73 50 7 12 95 |16 32 70 51 17 2 79 71 77 48 6 45 28 83 99 |14 60 1 76 57 46 54 20 84 34 97 41 67 |82 23 55 3 27 22 81 63 52 59 91 ||33 |11 |42 49 |35 |89 |62 39 64 |90 25 |43 80 53 |31 |66 38 |29 |100 ||18 36 |75 |10 5 4 |56 69 78 30 |98 |93 |40 |44 |21 |24 |9 |86 |94 |74 |15 96 |8 13 |37 |19 |68 |92 
17085.4 229398
26 47 88 65 85 87 61 72 58 73 50 7 12 95 |16 32 70 51 17 2 79 71 77 48 6 45 28 83 99 |14 60 1 76 57 46 54 20 84 34 97 41 67 |82 23 55 3 27 22 81 63 52 59 91 ||33 |9 |98 92 86 |80 |30 42 8 |39 |38 |90 64 5 |78 |44 89 |66 |31 |10 75 |18 53 |94 |11 |29 |93 |43 68 56 |25 |35 62 |21 69 36 |13 49 4 |100 96 |40 |74 15 |24 |37 |19 |
17202.2 228934
26 47 88 65 85 87 61 72 58 73 50 7 12 95 |16 32 70 51 17 2 79 71 77 48 6 45 28 83 99 |14 60 1 76 57 46 54 20 84 34 97 41 67 |82 23 55 3 27 22 81 63 52 59 91 ||9 |92 62 |4 |39 10 |38 |75 |93 64 |86 |5 |44 29 |53 18 |43 31 |21 36 |35 |94 |13 |66 |78 |40 24 |25 |11 |90 |80 |49 |96 |69 30 |33 98 |8 74 |56 15 |100 ||37 |89 19 |42 |68 
17762.3 226908

Time:3
Last Iter:10
Last Update:10
Tabu:0
Last Time3
7
76 87 85 73 50 71 77 12 95 45 28 83 99 |26 82 16 32 70 47 63 81 15 52 59 38 91 |1 88 65 14 61 72 58 2 79 17 51 48 7 6 |57 22 27 3 55 54 46 23 60 20 34 84 97 41 67 ||33 |29 18 94 |37 10 |62 11 |75 |40 24 |89 49 44 |90 78 |93 |42 39 8 36 |4 66 74 |98 92 100 ||35 53 21 |56 |68 30 64 5 |86 |31 80 69 |9 43 96 13 |25 |19 |
12064.7 234262
76 87 85 73 50 71 77 12 95 45 28 83 99 |26 82 16 32 70 47 63 81 15 52 59 38 91 |1 88 65 14 61 72 58 2 79 17 51 48 7 6 |57 22 27 3 55 54 46 23 60 20 34 84 97 41 67 ||33 |29 18 94 |37 10 |62 11 |75 |40 24 |89 49 44 |90 78 |93 |98 |42 |21 8 36 |66 39 |92 100 53 |74 4 |56 |68 30 64 5 |86 |31 80 69 |9 43 96 13 |35 |19 |25 
13147.9 231576
16 95 2 79 17 51 60 23 46 54 20 84 34 97 41 |55 57 3 27 67 91 |70 1 26 22 81 52 59 63 47 88 83 28 45 99 |76 32 82 65 14 85 87 61 72 58 71 73 50 77 12 7 48 6 ||9 92 |86 39 8 |68 80 96 |62 |4 38 |64 30 |11 |42 |36 69 5 |37 33 |93 75 |74 |89 |24 40 |98 56 |90 |19 |78 |53 43 21 |31 |35 94 100 ||25 |15 13 |10 18 |49 66 29 |44 
14004.5 230307
16 95 2 79 17 51 60 23 46 54 20 84 34 97 41 |55 57 3 27 67 91 |70 1 26 22 81 52 59 63 47 88 83 28 45 99 |76 32 82 65 14 85 87 61 72 58 71 73 50 77 12 7 48 6 ||92 9 13 |56 43 |96 |62 38 |33 64 30 |98 93 |90 36 |11 78 |75 |69 80 |100 ||86 |89 5 8 |15 |40 |19 10 |37 4 |21 18 |25 42 |35 94 68 74 |39 |24 |31 53 |66 29 |49 44 
14423.9 229921
16 88 60 23 17 51 48 7 6 67 |32 79 87 2 72 61 85 14 65 73 50 58 71 77 12 95 28 45 83 99 |70 47 27 76 57 55 46 54 20 84 34 97 41 |82 3 1 26 22 81 63 59 52 91 ||30 |86 39 |18 80 |68 |5 |9 78 |11 4 |13 89 |10 |75 33 93 |31 |74 96 56 64 |24 98 |37 42 |49 8 36 |66 94 |92 100 53 |29 |90 |62 38 |44 |19 |35 69 |21 43 |40 |25 |15 |
16019.5 228868
16 88 60 23 17 51 48 7 6 67 |32 79 87 2 72 61 85 14 65 73 50 58 71 77 12 95 28 45 83 99 |70 47 27 76 57 55 46 54 20 84 34 97 41 |82 3 1 26 22 81 63 59 52 91 ||30 |39 |29 |9 |68 |80 |78 94 |36 |13 98 |75 33 93 90 |35 96 56 |44 49 |24 |62 38 |86 |5 8 |64 15 89 |11 40 |21 |18 10 4 |37 25 42 |92 |66 74 |53 31 |100 ||19 |69 43 |
16335.3 227835
16 88 60 23 17 51 48 7 6 67 |32 79 87 2 72 61 85 14 65 73 50 58 71 77 12 95 28 45 83 99 |70 47 27 76 57 55 46 54 20 84 34 97 41 |82 3 1 26 22 81 63 59 52 91 ||30 |39 |29 89 |9 |68 |78 94 |36 |13 98 |74 93 |33 90 |35 96 56 |11 |49 |24 |62 38 |40 |64 8 |31 43 5 |44 25 |19 |92 86 |37 75 |100 80 |15 66 4 |53 21 69 |42 |18 |10 
18215.7 225775

Time:3
Last Iter:10
Last Update:10
Tabu:0
Last Time3
9
76 84 60 23 34 20 46 54 43 57 55 3 18 68 27 97 41 67 |26 81 59 52 14 85 87 61 72 2 58 11 71 77 50 12 86 95 45 28 83 |22 63 33 82 16 32 70 47 10 91 |7 1 6 48 51 17 79 73 65 93 42 88 99 ||92 53 |39 |4 |31 |15 64 |19 78 |37 |40 24 90 |29 66 38 44 |98 80 |74 |8 5 62 9 |25 |94 35 |49 75 89 30 56 |36 13 96 21 69 100 
11870.1 296003
25 9 27 1 31 76 57 3 53 55 46 54 20 34 97 78 30 67 41 |87 23 60 51 17 79 2 61 72 58 71 77 73 50 12 7 48 6 39 95 |85 84 22 19 26 63 81 66 29 52 59 38 4 91 |14 65 82 16 32 70 47 75 88 83 28 45 99 ||24 |11 62 |89 |21 69 94 36 |5 13 74 |90 |37 |33 42 10 |49 44 |80 |68 18 35 100 56 64 |8 15 86 93 |98 43 |40 |96 92 
12202.6 270899
32 76 1 84 34 20 46 54 53 55 3 35 27 78 97 41 67 |70 57 23 17 79 2 58 14 65 93 95 45 28 83 99 |16 60 51 77 71 11 72 61 87 85 40 73 50 12 7 48 6 |82 88 47 63 26 22 81 59 52 91 ||37 44 |10 18 |49 4 8 56 |30 13 62 |24 |19 |31 |86 98 92 |69 |5 25 42 |74 89 36 64 |15 33 |68 29 66 38 |39 100 21 96 |80 43 9 |94 75 |90 |
12698.1 247343
82 60 50 65 73 79 71 77 7 12 95 28 45 83 99 |81 23 58 14 85 87 61 72 2 17 51 48 6 |26 22 27 76 1 3 55 46 54 20 34 84 97 41 67 |57 88 16 32 70 47 63 59 52 91 ||44 |93 |42 10 4 15 89 |9 5 |68 8 |33 |31 |19 |94 80 69 53 |49 66 30 |18 98 |86 92 39 |13 |36 |56 74 29 |100 43 |25 38 |40 90 |21 35 |24 |96 78 |64 11 |62 |37 75 |
13673.5 225272
82 60 50 65 73 79 71 77 7 12 95 28 45 83 99 |81 23 58 14 85 87 61 72 2 17 51 48 6 |26 22 27 76 1 3 55 46 54 20 34 84 97 41 67 |57 88 16 32 70 47 63 59 52 91 ||44 |49 |19 |93 42 66 15 |5 |68 |31 |33 |4 89 18 |9 |64 |56 94 80 |98 86 |92 |13 |8 |69 36 |74 39 |30 100 43 21 |25 24 90 |40 |53 35 29 |38 |96 78 |10 |11 |37 |75 |62 |
14054.9 224787
82 60 50 65 73 79 71 77 7 12 95 28 45 83 99 |81 23 58 14 85 87 61 72 2 17 51 48 6 |26 22 27 76 1 3 55 46 54 20 34 84 97 41 67 |57 88 16 32 70 47 63 59 52 91 ||39 |80 |33 |86 42 15 |5 4 89 66 |53 |31 68 |19 |18 |64 |94 49 |9 56 |93 98 |92 |13 |69 8 36 |44 74 29 |100 43 30 |25 24 90 |40 |21 35 |38 |96 78 |10 |11 |37 |75 |62 |
14500.1 221464
82 60 50 65 73 79 71 77 7 12 95 28 45 83 99 |81 23 58 14 85 87 61 72 2 17 51 48 6 |26 22 27 76 1 3 55 46 54 20 34 84 97 41 67 |57 88 16 32 70 47 63 59 52 91 ||44 |33 86 |93 42 |15 5 4 89 |53 66 |31 68 |19 |18 |64 |94 |69 21 56 |49 |9 80 |92 |98 |8 30 |35 36 |13 74 29 |39 100 43 |24 |38 10 |96 78 |37 25 |11 90 |40 |75 |62 |
15063 221127
82 60 50 65 73 79 71 77 7 12 95 28 45 83 99 |81 23 58 14 85 87 61 72 2 17 51 48 6 |26 22 27 76 1 3 55 46 54 20 34 84 97 41 67 |57 88 16 32 70 47 63 59 52 91 ||42 39 |93 |44 10 4 15 |9 5 |68 8 |33 89 |31 |19 |94 80 69 53 56 |49 66 64 |18 98 |86 92 |13 |36 30 |25 90 |78 |100 ||24 40 |38 29 |43 21 96 |37 |11 |35 |75 74 |62 
15187.6 220598
82 60 50 65 73 79 71 77 7 12 95 28 45 83 99 |81 23 58 14 85 87 61 72 2 17 51 48 6 |26 22 27 76 1 3 55 46 54 20 34 84 97 41 67 |57 88 16 32 70 47 63 59 52 91 ||42 39 |80 100 ||89 4 |44 |10 68 18 |33 |31 21 |19 |64 |90 |94 |69 53 56 |86 |9 |92 93 |98 |8 30 |35 36 |13 74 29 |5 |43 |24 |66 38 15 |96 78 |37 25 |11 |40 |75 |62 |49 
15393.2 217339

Time:3
Last Iter:10
Last Update:10
Tabu:0
Last Time3
10
63 49 1 3 57 55 46 54 20 23 17 51 48 7 6 64 41 67 |16 37 81 26 19 22 68 27 74 29 52 59 91 |76 87 85 40 14 65 93 25 82 70 88 83 28 45 99 |32 47 97 34 84 60 79 2 61 72 58 11 71 77 73 50 12 95 ||86 |18 |94 |39 90 33 |4 98 |24 |92 |62 13 5 36 8 10 |42 75 44 |56 78 35 80 53 21 |38 89 66 |96 100 9 |31 |15 69 43 30 
13013.1 303207
82 30 36 88 16 32 70 47 44 81 59 29 91 |26 63 52 25 50 73 77 71 51 48 6 7 12 95 45 28 83 99 |61 1 27 18 3 76 57 55 46 54 100 20 34 84 67 |22 86 65 14 85 87 72 58 11 2 79 17 92 23 60 97 41 ||39 |98 62 13 96 56 |10 4 38 94 |21 9 |31 |42 33 24 |89 75 78 |74 35 80 53 |43 |19 64 8 |93 |37 |69 68 |90 40 5 |15 66 49 
13021.2 291726
47 76 94 81 63 59 52 4 91 99 |16 32 88 26 19 22 27 97 41 67 |70 1 3 57 55 46 54 20 34 84 96 6 48 7 12 95 28 45 83 |82 87 50 73 65 14 85 61 72 58 2 79 71 77 51 17 23 60 13 ||39 |9 |56 5 30 74 |49 33 |98 62 92 |24 |68 |89 10 15 66 |69 86 |25 |8 64 38 44 |42 53 |18 |100 21 31 78 |37 75 29 |40 11 90 93 |43 35 80 36 
13069.7 277608
23 47 63 59 52 81 26 22 74 68 27 97 13 |16 24 70 32 82 65 73 50 71 77 12 95 28 45 83 99 |1 60 20 31 76 46 54 53 55 3 34 84 91 |57 88 58 14 85 87 61 72 2 79 17 51 48 7 6 41 67 ||100 ||42 |93 |64 15 75 |29 66 |8 5 36 62 98 39 |33 |44 37 |10 4 49 |18 35 80 69 |30 94 96 |92 |40 11 86 90 |9 43 21 56 |25 38 89 |19 78 
13119.3 272895
82 40 50 65 85 87 61 72 2 79 71 77 7 51 48 60 |26 73 58 17 92 23 9 46 54 55 20 84 34 97 |63 47 16 32 70 88 6 12 95 28 45 83 99 |14 59 52 81 22 57 76 1 3 27 67 41 91 ||86 4 |49 |68 |66 30 36 |39 24 |18 53 |21 |19 |25 33 |10 38 89 44 75 15 |37 |8 29 74 64 56 |42 98 62 |43 69 |11 |5 96 35 94 |100 80 |13 78 |93 90 |31 
13145.2 266918
26 73 97 3 76 57 55 43 46 54 20 34 84 60 |2 27 79 23 17 51 48 7 6 41 67 91 |1 87 65 14 61 72 58 71 77 50 12 95 88 28 45 99 |85 22 81 52 59 63 47 70 16 32 82 83 ||31 |9 92 |66 89 15 8 |24 90 93 |75 49 25 |29 |74 38 64 56 5 |42 33 |98 62 |68 |40 |13 36 |69 21 |19 |96 100 53 78 30 |86 |11 10 |44 37 |35 80 94 |39 4 |18 
13286.7 250144
26 23 73 14 85 87 61 72 58 71 50 12 95 |70 22 18 76 27 57 3 55 46 54 20 84 34 97 41 67 |16 81 47 63 59 52 91 88 83 28 45 99 |1 32 82 65 77 2 79 17 51 60 48 7 6 ||78 30 |92 |9 100 43 |90 24 |75 4 89 42 |39 93 |35 53 69 21 |68 31 |74 |10 94 |37 25 |80 13 64 15 |66 38 49 |86 11 40 |36 56 5 |44 |33 |62 98 96 8 |29 19 
13292.8 237826
16 76 1 27 22 26 81 63 59 52 91 |32 88 72 17 51 23 46 54 55 3 20 84 34 97 41 67 |60 48 7 58 73 50 95 45 28 83 99 |57 47 70 82 65 14 85 87 61 2 79 71 77 12 6 ||100 5 |62 42 |18 |92 |29 30 |74 66 15 |24 90 93 |40 |75 |36 13 98 |53 21 9 |10 94 |37 |78 35 38 |33 |68 64 39 |8 69 56 |4 43 |44 89 |11 |49 |86 |19 |31 80 96 |25 
13989 224796
82 46 23 51 17 79 2 73 12 95 45 28 83 99 |26 65 50 14 85 87 61 72 58 71 77 7 48 60 6 |16 88 32 70 47 63 59 52 91 41 |22 81 27 1 76 57 3 55 54 20 34 84 97 67 ||74 66 15 |24 90 93 |19 29 |5 |33 75 89 |56 30 |96 |9 |25 37 4 |68 |36 64 |42 |62 21 |69 |98 |35 8 |40 |13 100 39 |92 11 |80 38 |44 |78 10 |94 18 |43 |49 86 |31 53 
15836.8 223017
82 46 23 51 17 79 2 73 12 95 45 28 83 99 |26 65 50 14 85 87 61 72 58 71 77 7 48 60 6 |16 88 32 70 47 63 59 52 91 41 |22 81 27 1 76 57 3 55 54 20 34 84 97 67 ||74 66 15 |24 90 93 |19 29 |5 |37 75 89 |8 |13 98 36 |21 |64 |10 |43 62 |33 30 |68 |25 |35 18 |69 |40 |78 |96 |44 |9 |4 |53 |80 |11 |92 |94 39 |100 ||38 |49 56 |86 42 |31 
15920.5 218294

Time:3
Last Iter:10
Last Update:10
Tabu:0
Last Time3
13
70 27 1 76 57 3 55 43 62 60 51 48 6 |47 65 7 2 79 17 92 23 46 20 34 84 97 41 67 |16 32 82 14 87 85 61 72 58 71 77 73 93 90 50 12 39 95 |54 26 22 81 63 59 52 91 88 83 28 45 99 ||24 |25 |38 |10 37 |66 |56 78 94 68 18 |42 86 96 |100 21 53 80 |9 |8 64 30 89 |75 33 |19 |69 31 |74 29 15 4 |36 13 98 11 |35 |40 |44 49 5 
12150.1 271983
2 23 27 1 76 57 46 54 55 3 20 34 84 97 41 67 |14 16 32 70 47 63 26 22 81 59 52 91 |60 48 51 17 79 77 73 50 12 95 99 |82 88 65 85 87 61 72 58 71 7 6 45 28 83 ||33 42 |8 62 92 |36 56 64 10 66 |94 19 15 |100 86 93 |11 40 |44 37 |49 90 |39 24 |21 43 35 96 |53 68 29 |30 5 4 |74 18 69 |9 13 98 |78 80 |38 89 75 25 |31 |
12570.7 243777
52 22 27 76 57 46 3 55 54 20 84 34 97 41 67 |23 82 16 32 70 47 63 59 91 99 |26 81 60 51 17 2 79 73 12 95 28 45 83 |1 88 50 65 14 85 87 61 72 58 71 77 7 48 6 ||15 |8 74 |11 90 |35 69 |75 37 |33 |43 80 78 5 |29 66 38 |68 |19 |42 30 64 13 |86 40 |53 21 31 |56 62 92 |10 39 24 |49 36 |4 94 18 |44 |9 100 96 |25 93 98 |89 |
13460.3 237316
52 57 27 22 76 46 3 55 54 20 84 34 97 41 67 |23 82 16 32 70 47 63 59 91 99 |26 81 60 51 17 2 79 73 12 95 28 45 83 |1 88 50 65 14 85 87 61 72 58 71 77 7 48 6 ||42 8 74 |11 90 |35 69 |75 37 |33 |19 38 10 |92 21 36 |13 68 78 5 |80 |29 |89 |15 43 30 64 |86 66 4 |24 40 39 |49 |56 96 62 |94 18 |9 98 |53 |93 |100 ||31 |44 25 |
13914.5 237219
52 22 27 76 57 46 3 55 54 20 84 34 97 41 67 |23 82 16 32 70 47 63 59 91 99 |26 81 60 51 17 2 79 73 12 95 28 45 83 |1 88 50 65 14 85 87 61 72 58 71 77 7 48 6 ||42 74 |11 90 |35 69 18 |75 37 |33 |43 80 78 5 |29 66 38 |68 |19 |94 30 64 13 |4 15 8 |86 40 |53 21 31 |56 62 |10 39 24 |92 36 |49 44 |9 100 96 |25 93 98 |89 |
13998.6 234840
2 23 27 1 76 57 46 54 55 3 20 34 84 97 41 67 |14 16 32 70 47 63 26 22 81 59 52 91 |60 48 51 17 79 77 73 50 12 95 99 |82 88 65 85 87 61 72 58 71 7 6 45 28 83 ||33 42 |98 62 35 |92 |44 56 36 |10 37 |11 |21 |43 80 78 5 |29 66 38 |68 |19 |89 |15 30 64 13 |4 94 18 |86 40 |24 90 39 |49 74 |69 96 |9 8 |53 |93 |100 ||31 |75 25 |
14395.3 231005
2 23 27 1 76 57 46 54 55 3 20 34 84 97 41 67 |14 16 32 70 47 63 26 22 81 59 52 91 |60 48 51 17 79 77 73 50 12 95 99 |82 88 65 85 87 61 72 58 71 7 6 45 28 83 ||33 42 |8 62 |37 44 |35 |11 90 |10 25 |66 |92 |39 |21 |36 |29 |94 |19 |89 93 |64 |15 4 86 |53 74 |49 30 |96 78 100 56 |24 |69 18 |68 38 |98 13 5 |80 |9 |31 43 |40 |75 
15394.1 228575
2 23 27 1 76 57 46 54 55 3 20 34 84 97 41 67 |14 16 32 70 47 63 26 22 81 59 52 91 |60 48 51 17 79 77 73 50 12 95 99 |82 88 65 85 87 61 72 58 71 7 6 45 28 83 ||75 86 |78 |18 |5 92 |56 35 36 |19 |100 42 |74 89 30 64 |98 13 96 21 |37 10 |62 |43 80 |29 66 38 |68 |8 |15 |4 94 |40 11 |24 90 39 |49 |69 |44 |9 |53 |93 |31 |33 25 |
15619.1 228434
2 23 27 1 76 57 46 54 55 3 20 34 84 97 41 67 |14 16 32 70 47 63 26 22 81 59 52 91 |60 48 51 17 79 77 73 50 12 95 99 |82 88 65 85 87 61 72 58 71 7 6 45 28 83 ||33 |8 |42 |44 37 |35 92 |11 90 |10 |25 |66 |39 |21 |36 43 |29 |94 |19 |93 |89 |64 |15 4 86 |13 53 74 |49 30 |69 62 |96 100 78 56 |18 |40 |38 |68 |98 5 |80 9 |24 |31 |75 |
15771.4 228021
2 23 27 1 76 57 46 54 55 3 20 34 84 97 41 67 |14 16 32 70 47 63 26 22 81 59 52 91 |60 48 51 17 79 77 73 50 12 95 99 |82 88 65 85 87 61 72 58 71 7 6 45 28 83 ||33 |42 |96 69 35 |37 |11 |90 75 |10 |80 |66 |21 98 36 |74 29 |94 49 |5 93 |92 |19 |89 |4 |44 15 |86 24 |53 |30 64 |78 62 |18 100 ||39 |38 |13 68 |56 8 |9 43 |25 |40 |31 |
16443.2 226010
2 23 27 1 76 57 46 54 55 3 20 34 84 97 41 67 |14 16 32 70 47 63 26 22 81 59 52 91 |60 48 51 17 79 77 73 50 12 95 99 |82 88 65 85 87 61 72 58 71 7 6 45 28 83 ||33 42 |75 |30 |37 |9 64 |94 10 4 |18 21 78 |19 |90 |80 5 |92 |38 89 |86 |44 |68 53 |35 36 15 |74 |24 |98 |69 29 |66 62 |96 100 ||39 |31 |49 |93 13 |56 8 |11 |25 |40 |43 |
16755.3 223537
2 23 27 1 76 57 46 54 55 3 20 34 84 97 41 67 |14 16 32 70 47 63 26 22 81 59 52 91 |60 48 51 17 79 77 73 50 12 95 99 |82 88 65 85 87 61 72 58 71 7 6 45 28 83 ||33 |42 8 |44 |37 |92 |90 |25 |66 |39 |21 |35 36 |29 43 |94 |49 |19 |93 |80 |64 |89 |24 |15 |86 |13 |53 74 |4 30 |10 69 |62 11 |96 100 78 56 |18 |40 |75 38 |68 |98 |5 |9 |31 |
18830.4 223486
2 23 27 1 76 57 46 54 55 3 20 34 84 97 41 67 |14 16 32 70 47 63 26 22 81 59 52 91 |60 48 51 17 79 77 73 50 12 95 99 |82 88 65 85 87 61 72 58 71 7 6 45 28 83 ||11 |42 8 |33 |90 |69 36 56 |44 |19 |9 86 |75 |80 94 35 |78 |74 29 49 |5 |93 |68 |89 |24 |4 |15 |30 |53 64 |62 |92 10 |18 39 |40 |100 43 |37 |38 |21 |13 |98 |96 |31 |25 66 |
20894.1 223293

Time:3
Last Iter:10
Last Update:10
Tabu:0
Last Time3
10
26 3 23 51 17 79 2 14 85 61 72 58 71 77 12 7 48 6 |35 22 31 80 21 98 60 54 55 69 76 1 27 97 41 67 |87 88 82 16 32 70 47 63 81 59 52 91 |65 73 50 57 46 20 34 84 95 45 28 83 99 ||11 |94 |90 |30 |19 |10 9 |15 66 74 4 8 |5 39 25 49 |96 100 53 |18 68 78 36 64 |29 38 75 |86 93 33 |37 |89 44 42 |56 13 92 62 |24 40 |43 |
12976.1 279857
16 50 88 82 32 70 47 63 59 52 91 |81 87 85 61 72 2 79 58 71 77 51 60 48 6 7 12 95 28 45 83 99 |73 26 22 3 55 46 54 20 34 84 97 |14 65 17 23 57 76 1 27 67 41 ||21 31 |74 |19 |30 78 18 |5 98 |90 24 11 |68 35 43 |64 |42 |37 |40 |29 66 8 15 |93 33 39 |36 96 9 |10 38 49 75 |89 44 |56 13 92 |94 62 |86 4 |80 69 100 53 |25 
13373.2 253276
1 46 50 73 65 14 85 87 61 72 58 71 77 12 7 6 |79 47 70 16 32 82 95 48 17 51 60 |2 88 21 27 3 31 76 57 55 54 20 84 34 97 41 67 |23 22 26 81 63 59 52 91 83 28 45 99 ||42 |64 94 |68 |96 90 |15 100 56 |49 |62 |35 43 |19 |10 |98 39 8 |66 4 25 |86 24 |37 |18 69 |78 36 29 38 |33 75 |5 9 53 |44 |30 74 13 |11 40 |93 |92 80 |89 |
13902.1 248185
1 46 50 73 65 14 85 87 61 72 58 71 77 12 7 6 |79 47 70 16 32 82 95 48 17 51 60 |2 88 30 27 3 31 76 57 55 54 20 84 34 97 41 67 |23 22 26 81 63 59 52 91 83 28 45 99 ||66 39 |18 94 |44 37 |90 98 62 |9 80 21 |11 24 |92 |10 38 15 8 |43 |5 4 |25 49 |96 100 53 |42 78 36 |29 68 |75 |93 33 |64 |89 86 |56 13 |19 |40 |74 35 69 |
15129.6 244850
87 82 39 65 14 58 71 77 73 50 12 95 45 28 83 99 |26 61 72 2 79 17 23 46 3 97 41 67 |85 63 81 52 59 47 16 32 70 88 91 |51 22 27 1 76 57 55 54 20 34 84 60 98 48 7 6 ||42 |75 |90 |19 |10 96 |43 |9 |5 |15 |21 |69 100 8 |94 49 |66 53 |4 25 |74 |18 68 78 36 64 |29 38 |86 93 33 |37 |31 |89 44 |56 13 92 62 |24 40 |11 30 |80 35 |
15345.4 240790
87 27 1 76 57 3 55 54 20 34 84 60 51 48 7 6 95 |82 23 17 79 2 14 85 61 72 58 71 77 73 50 12 28 |46 47 16 32 70 88 83 45 99 |65 97 22 26 81 63 59 52 91 67 41 ||37 25 |69 |89 |74 |21 39 |92 |94 5 13 |56 31 35 30 |90 40 93 |43 |11 |100 18 |24 33 |64 29 |10 42 |80 |86 8 36 15 |75 |62 |53 68 |19 |9 96 |66 44 49 |4 |78 |98 38 |
15364 234051
87 27 1 76 57 3 55 54 20 34 84 60 51 48 7 6 95 |82 23 17 79 2 14 85 61 72 58 71 77 73 50 12 28 |46 47 16 32 70 88 83 45 99 |65 97 22 26 81 63 59 52 91 67 41 ||37 |69 100 ||89 |90 |4 30 |43 94 |35 13 5 39 |40 56 |31 |24 25 |93 11 |74 |21 78 |18 80 |62 64 29 |10 |44 |86 8 36 15 |42 |33 |68 |19 |9 |66 53 |92 |75 38 49 |98 96 
16024.7 233784
87 27 1 76 57 3 55 54 20 34 84 60 51 48 7 6 95 |82 23 17 79 2 14 85 61 72 58 71 77 73 50 12 28 |46 47 16 32 70 88 83 45 99 |65 97 22 26 81 63 59 52 91 67 41 ||62 |66 |100 69 |68 |86 13 35 |37 89 |94 15 36 |33 42 10 |19 |11 92 |98 38 |78 4 |9 43 |24 93 |56 30 39 |75 |80 53 |96 |74 8 |21 64 |31 5 |25 29 |40 90 |18 |49 44 |
17279.7 231749
82 57 1 55 46 54 20 60 48 12 95 28 45 83 99 |22 81 63 59 52 91 |76 16 32 70 47 88 27 3 34 84 97 41 67 |26 23 2 51 17 79 50 73 65 14 85 87 61 72 58 71 77 7 6 ||96 |49 |30 |44 |78 |18 94 |56 |89 62 |5 |10 |15 8 |19 |25 |11 64 |43 35 |68 31 |93 |39 |42 |36 40 |98 21 |33 |37 |74 |75 66 38 |13 24 90 |92 100 53 |86 4 |80 69 9 |29 
20830.3 230015
87 27 1 76 57 3 55 54 20 34 84 60 51 48 7 6 95 |82 23 17 79 2 14 85 61 72 58 71 77 73 50 12 28 |46 47 16 32 70 88 83 45 99 |65 97 22 26 81 63 59 52 91 67 41 ||37 |62 100 ||89 38 |69 |30 |94 |35 13 5 39 |8 56 |90 |25 |93 11 |43 92 |31 |29 10 |24 |40 |78 18 53 80 |66 |33 |21 |86 |36 15 |75 |96 64 |68 4 |19 |9 |74 44 |49 |42 |98 |
22916 229276

Time:3
Last Iter:10
Last Update:10
Tabu:0
Last Time3
10
76 79 48 51 17 12 77 71 58 72 87 61 85 14 65 93 95 |73 46 50 7 6 63 81 66 59 52 91 |23 60 26 22 1 57 55 20 84 34 3 27 97 36 41 67 |2 54 47 70 16 32 82 88 83 28 45 99 ||33 25 |90 |40 86 |21 80 18 |24 11 39 |89 44 75 49 |74 19 |35 100 43 |92 9 |31 |68 94 78 13 |29 38 96 |37 |62 5 10 4 |69 8 56 |42 98 |53 64 30 15 
12859.1 270549
32 27 1 76 3 55 46 54 20 84 95 45 28 83 99 |16 82 70 63 26 22 81 59 52 91 |85 47 88 65 73 50 7 48 60 34 97 41 67 |57 14 23 17 51 79 2 87 61 72 58 71 77 12 6 ||37 |94 78 68 |53 80 18 |21 31 |24 40 |92 9 |38 93 42 |19 |69 39 |89 44 75 49 |64 66 74 |86 90 33 |43 |56 |36 30 5 13 |10 11 8 |62 100 96 98 |25 15 |29 4 |35 |
13092.4 239008
76 88 65 14 85 87 61 72 58 2 79 71 77 73 50 12 6 |70 51 17 23 60 48 7 95 45 28 83 99 |47 1 84 34 20 57 46 54 55 3 27 97 41 67 |82 16 32 63 26 22 81 59 52 91 ||80 21 |94 |38 66 10 |31 |93 33 64 |36 |100 96 98 |25 |75 44 |37 4 |89 62 |35 68 29 8 |92 13 30 15 |74 19 |49 78 |18 |69 53 43 9 5 |56 |40 |24 90 86 39 |42 |11 
14810.7 231159
76 88 65 14 85 87 61 72 58 2 79 71 77 73 50 12 6 |70 51 17 23 60 48 7 95 45 28 83 99 |47 1 84 34 20 57 46 54 55 3 27 97 41 67 |82 16 32 63 26 22 81 59 52 91 ||80 21 |94 62 |38 66 |18 29 |15 33 |36 |100 96 98 |25 |75 44 |37 4 |89 10 |35 68 8 |92 13 30 64 |74 19 |49 78 |31 |93 |69 53 43 9 5 |56 |40 |24 90 86 39 |42 |11 
14981.4 229166
76 88 65 14 85 87 61 72 58 2 79 71 77 73 50 12 6 |70 51 17 23 60 48 7 95 45 28 83 99 |47 1 84 34 20 57 46 54 55 3 27 97 41 67 |82 16 32 63 26 22 81 59 52 91 ||80 21 |62 |64 66 |30 |13 25 |93 |31 100 96 |37 10 |44 |36 11 |89 |35 69 |9 |53 |75 |18 68 94 8 |92 15 |19 |98 |29 74 5 |33 49 |86 |40 |4 |38 |56 |24 90 39 |43 |42 |78 
15751.7 225907
76 88 65 14 85 87 61 72 58 2 79 71 77 73 50 12 6 |70 51 17 23 60 48 7 95 45 28 83 99 |47 1 84 34 20 57 46 54 55 3 27 97 41 67 |82 16 32 63 26 22 81 59 52 91 ||80 21 |62 64 |66 |13 25 |93 |31 100 96 |37 10 |44 |36 11 |89 |35 69 |9 |53 |75 |18 68 94 8 |92 15 |30 |19 |98 |29 74 5 |33 49 |86 |40 |4 |38 |56 |24 90 39 |43 |42 |78 
15934.9 224912
76 88 65 14 85 87 61 72 58 2 79 71 77 73 50 12 6 |70 51 17 23 60 48 7 95 45 28 83 99 |47 1 84 34 20 57 46 54 55 3 27 97 41 67 |82 16 32 63 26 22 81 59 52 91 ||80 64 |94 |66 10 |31 |33 93 |21 100 ||96 98 |25 |75 |37 89 |35 |18 |4 62 |29 38 |92 13 36 8 |44 49 |30 15 |74 19 |53 |78 |40 42 |69 43 9 5 |68 |24 |56 90 |86 |39 |11 
16311 224798
76 88 65 14 85 87 61 72 58 2 79 71 77 73 50 12 6 |70 51 17 23 60 48 7 95 45 28 83 99 |47 1 84 34 20 57 46 54 55 3 27 97 41 67 |82 16 32 63 26 22 81 59 52 91 ||80 21 |62 38 |66 |29 |75 25 93 |31 43 |100 96 |37 |30 |11 39 |89 44 4 15 |35 |9 |42 |10 |68 18 94 |8 |92 13 |74 |19 |98 53 |40 |49 |33 64 |56 5 |36 |24 |90 86 |69 |78 
16947.4 224099
76 88 65 14 85 87 61 72 58 2 79 71 77 73 50 12 6 |70 51 17 23 60 48 7 95 45 28 83 99 |47 1 84 34 20 57 46 54 55 3 27 97 41 67 |82 16 32 63 26 22 81 59 52 91 ||80 21 |62 |38 66 |25 |43 |31 100 96 |37 10 |93 13 |24 11 39 |89 |35 4 |49 |8 |75 |18 68 94 30 15 |74 19 29 |98 |53 78 |40 42 |69 |9 64 |56 5 |33 |36 |90 86 |92 |44 
18730.4 223424
76 88 65 14 85 87 61 72 58 2 79 71 77 73 50 12 6 |70 51 17 23 60 48 7 95 45 28 83 99 |47 1 84 34 20 57 46 54 55 3 27 97 41 67 |82 16 32 63 26 22 81 59 52 91 ||80 21 |62 |38 66 |31 |29 |25 |100 43 |44 37 |96 |40 |11 39 |89 |35 4 |75 42 |19 15 10 |24 |9 30 |18 94 8 |92 13 |74 |49 |53 |98 |93 33 |56 5 64 |68 |36 |90 86 |69 |78 
21634.4 223091

Time:3
Last Iter:10
Last Update:10
Tabu:0
Last Time3
14
26 52 95 65 86 17 51 48 13 84 34 36 91 |63 81 59 82 16 32 70 83 28 45 99 |22 2 58 71 79 72 61 87 85 14 73 50 77 12 7 6 |47 88 23 60 20 3 55 54 46 43 57 76 1 68 27 97 67 41 ||98 5 15 |53 |40 11 |9 78 |100 69 18 30 |42 33 89 |44 37 |19 |25 |92 56 |4 94 |24 |31 |75 10 8 64 |39 93 90 62 |74 35 80 |96 21 |66 29 38 49 
12325.8 275446
70 76 97 84 34 20 3 55 54 46 23 60 48 7 12 |32 47 49 88 51 17 58 73 50 86 95 45 28 83 99 |87 1 27 26 19 22 81 63 59 52 91 67 41 |57 16 82 65 14 85 61 72 2 79 71 77 6 ||37 75 |66 |11 |78 13 92 |89 74 18 |53 80 21 |9 96 64 30 |10 4 42 93 90 |25 33 |5 36 |94 |15 29 38 44 |100 35 |40 98 8 |31 68 56 |24 39 |69 62 |43 
12948.8 251717
63 87 73 65 82 32 88 83 28 45 99 91 |81 47 79 14 2 61 85 72 58 11 71 77 50 12 95 |60 23 17 51 48 7 6 |16 70 52 59 26 22 27 1 76 57 3 55 46 54 20 84 34 97 41 67 ||92 |94 74 |29 15 4 75 |30 13 62 |38 19 |100 ||69 |68 80 53 8 |89 93 |24 40 |9 |5 36 56 10 66 |42 39 |43 31 64 |37 33 |49 25 90 |96 21 18 |44 |78 |35 |86 |98 
13119.7 251589
16 32 79 2 14 85 61 72 58 71 77 50 88 91 |87 70 47 63 26 22 81 59 52 67 |82 73 23 17 51 60 6 48 7 12 95 28 45 83 99 |65 55 27 1 76 57 3 46 54 20 84 34 97 41 ||13 |66 19 56 |62 |86 |92 |94 |44 |69 |21 |100 43 9 96 |15 29 38 75 49 |25 |35 31 |74 68 18 78 30 |5 53 10 |89 |80 |8 |64 |98 36 |42 4 |90 33 |39 11 40 |37 |24 93 |
13245.1 241355
51 1 27 22 26 81 63 59 52 91 99 |87 24 17 65 14 58 61 72 2 79 71 77 73 50 12 7 48 6 |31 82 16 32 70 47 88 83 28 45 95 |85 76 60 23 46 57 3 55 54 20 84 34 97 41 67 ||33 |92 |21 53 69 94 30 |10 89 |29 |37 5 |11 90 13 |36 15 4 42 |86 |66 75 56 |39 93 |80 8 |68 35 |78 96 100 43 |19 |9 |40 |62 |44 38 49 |74 18 64 |98 25 
13271.4 240625
32 47 60 67 81 63 59 52 91 |26 70 23 51 48 7 6 88 83 99 |16 17 65 73 79 2 87 85 14 61 72 58 71 77 50 12 95 28 45 |82 22 27 1 76 57 3 55 46 54 20 84 34 97 41 ||13 |66 19 56 |62 |86 |92 |94 |44 |69 |21 |100 43 9 96 |15 29 38 75 49 |25 |35 31 |74 68 18 78 30 |5 53 10 |89 |80 |8 |64 |98 36 |42 4 |90 33 |39 11 40 |37 |24 93 |
13646.2 237063
60 23 17 51 48 7 6 |16 70 27 1 98 57 3 55 46 54 20 84 34 97 41 67 |14 88 47 63 81 26 22 59 52 91 |76 32 82 65 73 79 2 87 85 61 72 58 71 77 50 12 95 45 28 83 99 ||25 33 42 |92 |100 ||18 |66 |56 |94 |15 |30 |75 44 |89 |29 |64 |80 43 21 96 36 |31 |49 |24 |38 |9 |35 74 |53 |5 10 |68 69 |39 |37 |40 |90 78 |4 |13 62 93 |86 |19 |8 |11 
14647 228737
60 23 17 51 48 7 6 |16 70 27 1 76 57 3 55 46 54 20 84 34 97 41 67 |14 88 47 63 81 26 22 59 52 91 |32 82 65 73 79 2 87 85 61 72 58 71 77 50 12 95 45 28 83 99 ||33 93 90 |66 |92 |56 |96 43 35 |38 |49 44 |19 74 29 |64 13 39 42 |21 9 78 |11 36 |94 18 100 ||75 25 |31 |68 5 8 |53 10 |15 89 |37 |24 |80 4 |30 |69 62 |86 |98 |40 |
14906.3 224342
60 23 17 51 48 7 6 |16 70 27 1 76 57 3 55 46 54 20 84 34 97 41 67 |14 88 47 63 81 26 22 59 52 91 |32 82 65 73 79 2 87 85 61 72 58 71 77 50 12 95 45 28 83 99 ||33 |66 36 |100 53 43 |92 |96 56 |38 |49 44 |19 29 |64 13 39 42 |75 |9 78 |11 90 |21 18 94 |25 93 |35 31 |68 |30 15 |10 89 8 |98 |4 |86 |80 |24 |69 |62 |37 |74 |5 |40 |
15896.1 220597
60 23 17 51 48 7 6 |16 70 27 1 76 57 3 55 46 54 20 84 34 97 41 67 |14 88 47 63 81 26 22 59 52 91 |32 82 65 73 79 2 87 85 61 72 58 71 77 50 12 95 45 28 83 99 ||25 |33 |92 |100 35 53 |96 56 |49 |94 |15 |44 38 |90 |66 |21 29 |93 |43 9 |69 |42 |75 |74 68 78 30 |5 10 |89 |80 31 |18 |8 |64 |98 36 |86 4 |24 |13 39 62 |19 |37 |40 11 |
17167.1 220021
60 23 17 51 48 7 6 |16 70 27 1 76 57 3 55 46 54 20 84 34 97 41 67 |14 88 47 63 81 26 22 59 52 91 |32 82 65 73 79 2 87 85 61 72 58 71 77 50 12 95 45 28 83 99 ||25 |66 |33 |42 |18 |92 |30 |44 |89 |24 |9 80 43 |29 |21 100 96 36 |31 5 |38 49 75 |35 74 94 78 |53 10 8 |69 |68 15 |86 |64 |98 4 |93 |13 56 |62 39 90 |19 |37 |40 |11 
17444.6 219822
60 23 17 51 48 7 6 |16 70 27 1 76 57 3 55 46 54 20 84 34 97 41 67 |14 88 47 63 81 26 22 59 52 91 |32 82 65 73 79 2 87 85 61 72 58 71 77 50 12 95 45 28 83 99 ||25 |33 |92 |100 35 53 |44 56 |49 |89 |24 |80 |43 29 |21 9 96 36 |31 5 |30 75 |38 66 |90 |74 94 78 |10 |69 |68 15 |93 |86 |8 |64 |98 4 |42 |13 62 39 |19 |37 |40 11 |18 
18744.6 219758
60 23 17 51 48 7 6 |16 70 27 1 76 57 3 55 46 54 20 84 34 97 41 67 |14 88 47 63 81 26 22 59 52 91 |32 82 65 73 79 2 87 85 61 72 58 71 77 50 12 95 45 28 83 99 ||25 |66 |100 ||53 35 |43 56 |49 33 |92 |38 |44 |74 |21 29 |90 64 |18 96 |69 |94 68 |42 |89 93 |24 |9 |75 |8 |5 36 |10 |15 39 |31 |37 |80 |78 4 |30 |13 62 86 |19 |98 |40 |11 
20984.4 219621
60 23 17 51 48 7 6 |16 70 27 1 76 57 3 55 46 54 20 84 34 97 41 67 |14 88 47 63 81 26 22 59 52 91 |32 82 65 73 79 2 87 85 61 72 58 71 77 50 12 95 45 28 83 99 ||33 25 |92 100 ||56 |49 |94 15 |38 |75 |44 |21 29 |90 64 |18 96 |69 |53 |68 8 |89 93 |24 40 |9 80 |35 |74 |5 36 |10 66 |42 |39 |43 31 |37 |86 |78 4 |30 |13 62 |19 |98 |11 
22860.5 219536

Time:0
Last Iter:10
Last Update:10
Tabu:0
Last Time0
14
26 52 95 65 86 17 51 48 13 84 34 36 91 |63 81 59 82 16 32 70 83 28 45 99 |22 2 58 71 79 72 61 87 85 14 73 50 77 12 7 6 |47 88 23 60 20 3 55 54 46 43 57 76 1 68 27 97 67 41 ||98 5 15 |53 |40 11 |9 78 |100 69 18 30 |42 33 89 |44 37 |19 |25 |92 56 |4 94 |24 |31 |75 10 8 64 |39 93 90 62 |74 35 80 |96 21 |66 29 38 49 
12325.8 275446
70 76 97 84 34 20 3 55 54 46 23 60 48 7 12 |32 47 49 88 51 17 58 73 50 86 95 45 28 83 99 |87 1 27 26 19 22 81 63 59 52 91 67 41 |57 16 82 65 14 85 61 72 2 79 71 77 6 ||37 75 |66 |11 |78 13 92 |89 74 18 |53 80 21 |9 96 64 30 |10 4 42 93 90 |25 33 |5 36 |94 |15 29 38 44 |100 35 |40 98 8 |31 68 56 |24 39 |69 62 |43 
12948.8 251717
63 87 73 65 82 32 88 83 28 45 99 91 |81 47 79 14 2 61 85 72 58 11 71 77 50 12 95 |60 23 17 51 48 7 6 |16 70 52 59 26 22 27 1 76 57 3 55 46 54 20 84 34 97 41 67 ||92 |94 74 |29 15 4 75 |30 13 62 |38 19 |100 ||69 |68 80 53 8 |89 93 |24 40 |9 |5 36 56 10 66 |42 39 |43 31 64 |37 33 |49 25 90 |96 21 18 |44 |78 |35 |86 |98 
13119.7 251589
16 32 79 2 14 85 61 72 58 71 77 50 88 91 |87 70 47 63 26 22 81 59 52 67 |82 73 23 17 51 60 6 48 7 12 95 28 45 83 99 |65 55 27 1 76 57 3 46 54 20 84 34 97 41 ||13 |66 19 56 |62 |86 |92 |94 |44 |69 |21 |100 43 9 96 |15 29 38 75 49 |25 |35 31 |74 68 18 78 30 |5 53 10 |89 |80 |8 |64 |98 36 |42 4 |90 33 |39 11 40 |37 |24 93 |
13245.1 241355
51 1 27 22 26 81 63 59 52 91 99 |87 24 17 65 14 58 61 72 2 79 71 77 73 50 12 7 48 6 |31 82 16 32 70 47 88 83 28 45 95 |85 76 60 23 46 57 3 55 54 20 84 34 97 41 67 ||33 |92 |21 53 69 94 30 |10 89 |29 |37 5 |11 90 13 |36 15 4 42 |86 |66 75 56 |39 93 |80 8 |68 35 |78 96 100 43 |19 |9 |40 |62 |44 38 49 |74 18 64 |98 25 
13271.4 240625
32 47 60 67 81 63 59 52 91 |26 70 23 51 48 7 6 88 83 99 |16 17 65 73 79 2 87 85 14 61 72 58 71 77 50 12 95 28 45 |82 22 27 1 76 57 3 55 46 54 20 84 34 97 41 ||13 |66 19 56 |62 |86 |92 |94 |44 |69 |21 |100 43 9 96 |15 29 38 75 49 |25 |35 31 |74 68 18 78 30 |5 53 10 |89 |80 |8 |64 |98 36 |42 4 |90 33 |39 11 40 |37 |24 93 |
13646.2 237063
60 23 17 51 48 7 6 |16 70 27 1 98 57 3 55 46 54 20 84 34 97 41 67 |14 88 47 63 81 26 22 59 52 91 |76 32 82 65 73 79 2 87 85 61 72 58 71 77 50 12 95 45 28 83 99 ||25 33 42 |92 |100 ||18 |66 |56 |94 |15 |30 |75 44 |89 |29 |64 |80 43 21 96 36 |31 |49 |24 |38 |9 |35 74 |53 |5 10 |68 69 |39 |37 |40 |90 78 |4 |13 62 93 |86 |19 |8 |11 
14647 228737
60 23 17 51 48 7 6 |16 70 27 1 76 57 3 55 46 54 20 84 34 97 41 67 |14 88 47 63 81 26 22 59 52 91 |32 82 65 73 79 2 87 85 61 72 58 71 77 50 12 95 45 28 83 99 ||33 93 90 |66 |92 |56 |96 43 35 |38 |49 44 |19 74 29 |64 13 39 42 |21 9 78 |11 36 |94 18 100 ||75 25 |31 |68 5 8 |53 10 |15 89 |37 |24 |80 4 |30 |69 62 |86 |98 |40 |
14906.3 224342
60 23 17 51 48 7 6 |16 70 27 1 76 57 3 55 46 54 20 84 34 97 41 67 |14 88 47 63 81 26 22 59 52 91 |32 82 65 73 79 2 87 85 61 72 58 71 77 50 12 95 45 28 83 99 ||33 |66 36 |100 53 43 |92 |96 56 |38 |49 44 |19 29 |64 13 39 42 |75 |9 78 |11 90 |21 18 94 |25 93 |35 31 |68 |30 15 |10 89 8 |98 |4 |86 |80 |24 |69 |62 |37 |74 |5 |40 |
15896.1 220597
60 23 17 51 48 7 6 |16 70 27 1 76 57 3 55 46 54 20 84 34 97 41 67 |14 88 47 63 81 26 22 59 52 91 |32 82 65 73 79 2 87 85 61 72 58 71 77 50 12 95 45 28 83 99 ||25 |33 |92 |100 35 53 |96 56 |49 |94 |15 |44 38 |90 |66 |21 29 |93 |43 9 |69 |42 |75 |74 68 78 30 |5 10 |89 |80 31 |18 |8 |64 |98 36 |86 4 |24 |13 39 62 |19 |37 |40 11 |
17167.1 220021
60 23 17 51 48 7 6 |16 70 27 1 76 57 3 55 46 54 20 84 34 97 41 67 |14 88 47 63 81 26 22 59 52 91 |32 82 65 73 79 2 87 85 61 72 58 71 77 50 12 95 45 28 83 99 ||25 |66 |33 |42 |18 |92 |30 |44 |89 |24 |9 80 43 |29 |21 100 96 36 |31 5 |38 49 75 |35 74 94 78 |53 10 8 |69 |68 15 |86 |64 |98 4 |93 |13 56 |62 39 90 |19 |37 |40 |11 
17444.6 219822
60 23 17 51 48 7 6 |16 70 27 1 76 57 3 55 46 54 20 84 34 97 41 67 |14 88 47 63 81 26 22 59 52 91 |32 82 65 73 79 2 87 85 61 72 58 71 77 50 12 95 45 28 83 99 ||25 |33 |92 |100 35 53 |44 56 |49 |89 |24 |80 |43 29 |21 9 96 36 |31 5 |30 75 |38 66 |90 |74 94 78 |10 |69 |68 15 |93 |86 |8 |64 |98 4 |42 |13 62 39 |19 |37 |40 11 |18 
18744.6 219758
60 23 17 51 48 7 6 |16 70 27 1 76 57 3 55 46 54 20 84 34 97 41 67 |14 88 47 63 81 26 22 59 52 91 |32 82 65 73 79 2 87 85 61 72 58 71 77 50 12 95 45 28 83 99 ||25 |66 |100 ||53 35 |43 56 |49 33 |92 |38 |44 |74 |21 29 |90 64 |18 96 |69 |94 68 |42 |89 93 |24 |9 |75 |8 |5 36 |10 |15 39 |31 |37 |80 |78 4 |30 |13 62 86 |19 |98 |40 |11 
20984.4 219621
60 23 17 51 48 7 6 |16 70 27 1 76 57 3 55 46 54 20 84 34 97 41 67 |14 88 47 63 81 26 22 59 52 91 |32 82 65 73 79 2 87 85 61 72 58 71 77 50 12 95 45 28 83 99 ||33 25 |92 100 ||56 |49 |94 15 |38 |75 |44 |21 29 |90 64 |18 96 |69 |53 |68 8 |89 93 |24 40 |9 80 |35 |74 |5 36 |10 66 |42 |39 |43 31 |37 |86 |78 4 |30 |13 62 |19 |98 |11 
22860.5 219536

