Time:1
Last Iter:10
Last Update:10
Tabu:0
Last Time1
12
56 79 53 24 57 13 45 33 78 1 66 94 20 |49 48 27 99 7 12 63 58 71 51 83 36 29 28 54 89 |86 62 64 75 11 37 15 77 82 98 61 35 26 25 40 91 87 93 |6 97 47 74 76 84 73 44 43 16 18 52 2 ||8 |72 21 96 |69 |22 10 |95 |38 92 88 3 34 |17 50 31 |65 |67 23 30 32 9 80 4 41 85 |46 100 19 |5 14 70 39 42 55 68 |59 90 60 |81 
5988.84 212908
29 28 13 97 26 76 35 74 61 47 98 84 40 25 91 87 24 93 |50 33 78 1 56 63 58 71 38 83 66 |6 51 36 12 7 99 62 48 86 89 54 20 2 |27 64 75 11 16 37 15 77 82 49 43 73 44 18 52 ||8 45 |94 |55 |21 59 90 67 31 57 9 5 |14 46 19 |3 4 80 17 53 79 42 |30 |60 65 88 34 32 10 |41 72 96 23 69 |22 95 70 100 81 39 92 |68 85 
5998.12 189737
60 27 99 7 12 63 71 58 36 29 28 54 89 |93 24 13 25 47 35 76 98 84 73 44 18 52 |74 61 43 49 82 77 15 37 16 11 75 64 62 48 86 |87 91 40 26 97 78 33 1 6 51 83 66 20 2 ||23 95 |69 |5 88 14 56 92 42 55 8 |59 68 65 100 ||19 |94 70 46 39 96 4 34 |90 67 57 17 50 45 |21 31 9 3 53 |80 41 38 85 |22 79 81 |72 30 10 |32 
6562.36 185995
24 63 12 7 99 27 62 48 86 89 2 |98 47 61 74 35 76 97 13 25 40 91 87 93 20 |26 84 73 44 43 49 82 16 77 15 37 11 75 64 18 52 |33 78 1 6 51 83 71 58 36 29 28 66 54 ||72 |95 |79 |5 88 14 56 92 42 55 19 |59 68 21 100 ||70 46 39 96 4 9 |90 67 57 31 50 45 |94 |65 34 17 22 8 |3 |69 10 |30 60 80 32 |41 23 81 |85 53 38 |
6709.06 183971
24 63 12 7 99 27 62 48 86 89 2 |98 47 61 74 35 76 97 13 25 40 91 87 93 20 |26 84 73 44 43 49 82 16 77 15 37 11 75 64 18 52 |33 78 1 6 51 83 71 58 36 29 28 66 54 ||72 |95 |69 |5 88 14 56 92 42 55 8 |59 68 65 100 ||19 |94 70 46 39 96 4 34 |90 67 57 17 50 45 |21 31 9 3 53 |80 79 30 32 |60 10 |41 23 81 |85 22 38 |
6858.79 182377
96 90 23 84 47 61 74 35 76 73 82 49 43 16 18 |83 51 6 33 78 13 97 26 25 40 91 87 24 93 52 |98 44 62 86 48 27 28 66 1 20 2 |77 15 37 11 75 64 99 7 12 63 71 58 36 29 54 89 ||42 19 |65 |34 17 22 |79 50 |60 94 5 9 |55 56 81 69 |10 41 85 |3 |57 |32 45 |31 30 67 |4 53 |46 100 80 |8 92 |59 68 88 |70 39 38 |72 21 14 95 
7082.1 180803
10 98 47 61 74 35 84 23 76 25 40 87 91 24 93 |18 27 99 7 12 63 36 29 66 1 20 2 |44 73 43 49 16 82 77 15 37 11 75 64 62 48 86 89 52 |26 97 13 78 33 6 51 83 71 58 28 54 ||90 |38 67 |42 30 |19 |39 5 |21 100 9 53 34 41 |31 80 22 55 8 92 88 |95 72 68 96 85 57 |14 17 50 45 |60 |46 70 59 3 69 |79 94 |81 |32 4 56 |65 
7099.25 179194
47 61 74 35 76 40 84 23 44 73 82 49 43 16 18 |83 51 6 33 78 13 97 26 25 91 87 24 93 52 |98 62 86 48 27 28 66 1 20 2 |77 15 37 11 75 64 99 7 12 63 71 58 36 29 54 89 ||42 19 |65 |34 17 22 |79 50 |60 94 5 9 |8 92 3 |69 10 41 85 55 |56 |32 |81 100 30 53 |46 45 80 4 57 |31 |67 59 |88 68 |70 39 38 |72 21 14 95 96 90 
7156.68 175184
47 61 74 35 76 40 84 23 44 73 82 49 43 16 18 |83 51 6 33 78 13 97 26 25 91 87 24 93 52 |98 62 86 48 27 28 66 1 20 2 |77 15 37 11 75 64 99 7 12 63 71 58 36 29 54 89 ||42 19 |85 |34 17 22 |8 50 |70 60 59 |9 41 79 94 |95 39 |65 90 69 67 |5 |92 |80 4 3 |68 |81 53 |100 57 |32 45 |31 30 |88 |46 |10 38 |72 21 14 56 96 55 
7637.17 172625
23 84 98 47 61 74 35 76 25 40 87 91 24 93 |27 99 7 12 63 71 58 36 29 28 66 1 33 20 2 |83 51 6 78 13 97 26 44 73 82 43 49 16 18 |77 15 37 11 75 64 62 48 86 89 54 52 ||42 80 |65 |34 17 22 |8 50 |92 94 5 9 3 |56 69 10 53 55 |81 |57 |32 45 |31 30 67 |4 41 85 |46 100 19 |60 |79 |59 68 88 |70 39 38 |72 21 14 95 96 90 
8157.02 168924
18 84 98 47 61 74 35 76 25 40 87 91 24 93 |27 99 7 12 63 36 29 66 1 20 2 |44 73 43 49 16 82 77 15 37 11 75 64 62 48 86 89 52 |26 97 13 78 33 6 51 83 71 58 28 54 ||72 50 |21 95 |65 |90 17 34 79 22 |38 94 5 9 |55 81 69 |10 41 |3 85 |60 57 |32 45 |30 67 |46 100 56 |53 4 |92 |8 |59 68 88 |70 80 42 |31 |96 23 19 |39 14 |
8462.87 164186
18 84 98 47 61 74 35 76 25 40 87 91 24 93 |27 99 7 12 63 36 29 66 1 20 2 |44 73 43 49 16 82 77 15 37 11 75 64 62 48 86 89 52 |26 97 13 78 33 6 51 83 71 58 28 54 ||65 |95 |67 80 90 |14 |17 38 92 70 94 5 |42 9 |3 |55 |69 |34 |31 10 22 41 |85 60 |72 |8 |57 |21 50 45 |100 56 |53 46 |88 |68 |96 |4 |30 |19 |23 59 39 81 79 |32 
8945.98 159959

Time:1
Last Iter:10
Last Update:10
Tabu:0
Last Time1
9
19 71 58 63 12 7 100 99 72 11 75 64 62 48 86 |45 6 8 51 83 66 28 29 36 27 54 89 2 |16 37 15 77 82 49 43 73 84 97 13 50 33 78 1 20 |18 44 98 47 31 61 74 35 76 26 25 40 87 91 24 93 52 ||10 67 |65 |38 56 79 |94 88 14 46 41 96 |30 |53 5 95 92 55 17 9 57 32 |23 69 60 |34 80 22 85 59 68 |90 3 81 21 |70 39 4 42 
5599.72 195240
33 13 97 26 76 35 74 61 47 98 84 40 25 87 91 93 |37 15 77 82 44 24 6 78 1 20 |51 27 7 99 75 11 49 43 16 64 62 48 86 2 |73 18 66 83 71 58 63 12 36 29 28 54 89 52 ||3 |22 85 |88 100 92 94 79 59 |34 80 50 8 32 30 |81 95 5 68 4 57 |21 65 31 |14 56 46 55 42 41 53 |39 45 38 |19 70 72 60 |96 90 23 69 67 10 9 17 |
6365.94 192520
33 13 97 26 76 35 74 61 47 98 84 40 25 87 91 93 |37 15 77 82 44 24 6 78 1 20 |51 27 7 99 75 11 49 43 16 64 62 48 86 2 |73 18 66 83 71 58 63 12 36 29 28 54 89 52 ||3 |22 85 |88 100 92 94 79 59 |34 80 50 8 32 30 |81 95 5 68 4 57 |21 65 31 |19 45 96 |39 |60 |70 23 |38 46 |53 55 14 42 56 |90 69 67 10 9 41 |17 72 
7107.85 191133
37 15 84 69 98 10 31 47 61 74 35 76 26 25 40 91 87 93 |97 13 24 78 33 1 6 83 36 29 28 54 89 20 |58 71 63 12 27 7 81 99 11 75 64 62 48 86 2 |66 51 18 16 77 82 49 43 73 44 52 ||95 |85 8 |9 50 41 5 38 19 |70 100 ||79 |30 32 34 96 90 59 68 21 |42 45 60 65 |72 |56 92 88 14 46 39 55 53 |80 57 |4 17 22 |94 67 23 3 
7182.63 190739
12 63 58 71 38 51 83 66 36 29 28 54 20 |1 8 6 33 78 13 97 26 74 35 76 40 25 87 91 24 93 |47 61 18 11 75 64 99 7 27 62 48 86 89 2 |98 84 16 37 15 77 82 49 43 73 44 52 ||56 94 79 42 |23 30 |92 |90 31 |5 88 14 41 34 9 17 57 10 |65 21 95 39 80 |32 |53 4 3 67 50 19 |68 22 46 70 |96 69 45 85 55 59 |60 |100 81 72 
7889.03 188650
24 18 64 27 12 63 71 58 36 29 28 54 66 20 |25 61 47 98 84 77 82 49 43 73 44 52 |16 15 37 11 75 7 99 62 48 86 89 2 |83 51 6 1 33 78 13 97 26 74 35 76 40 91 87 93 ||95 |46 85 50 10 67 |41 32 60 65 |94 92 22 9 30 69 90 3 |81 14 39 |45 |19 31 57 |53 88 68 |80 79 |4 96 59 |23 34 55 |17 |21 72 70 56 |5 100 42 8 38 
8160.39 177132
24 18 64 27 12 63 71 58 36 29 28 54 66 20 |25 61 47 98 84 77 82 49 43 73 44 52 |16 15 37 11 75 7 99 62 48 86 89 2 |83 51 6 1 33 78 13 97 26 74 35 76 40 91 87 93 ||72 |21 |79 |80 30 96 |22 |32 67 60 95 |70 100 ||39 81 92 94 5 34 57 |90 |3 23 69 10 |85 8 41 |9 50 68 |53 31 |59 55 17 |14 65 |42 4 |19 46 |88 56 |38 |45 |
8178.85 172815
24 18 64 27 12 63 71 58 36 29 28 54 66 20 |25 61 47 98 84 77 82 49 43 73 44 52 |16 15 37 11 75 7 99 62 48 86 89 2 |83 51 6 1 33 78 13 97 26 74 35 76 40 91 87 93 ||72 |21 |30 96 |65 |22 |32 67 60 95 |70 100 ||39 81 92 94 5 34 |90 50 |3 23 69 10 |85 8 41 |9 57 |53 88 68 |80 79 |31 14 |42 4 |19 46 59 55 |56 17 |38 |45 |
8861.36 172776
24 18 64 27 12 63 71 58 36 29 28 54 66 20 |25 61 47 98 84 77 82 49 43 73 44 52 |16 15 37 11 75 7 99 62 48 86 89 2 |83 51 6 1 33 78 13 97 26 74 35 76 40 91 87 93 ||72 |3 85 |79 |80 32 34 |94 92 22 |30 95 42 |50 |31 10 |8 |41 |59 4 |45 |9 |23 69 67 21 |39 53 88 68 |65 |14 46 |81 60 |17 |70 |96 |90 55 |100 57 |19 56 |5 |38 
10097.2 171988

Time:0
Last Iter:10
Last Update:10
Tabu:0
Last Time0
8
29 71 58 36 14 88 27 12 63 7 39 99 64 62 48 86 2 |1 33 22 78 13 97 26 74 47 61 35 76 30 87 24 |6 51 83 66 28 54 37 15 77 82 49 43 73 44 52 |89 75 11 16 18 84 98 40 25 91 93 20 ||95 5 41 |31 |65 |3 67 10 57 32 17 85 55 |42 |94 92 19 8 50 80 45 34 |96 69 68 4 |38 56 72 9 53 79 |46 81 90 23 60 |21 100 70 59 |
5854.22 202833
21 15 84 98 40 47 61 74 35 76 97 26 25 91 87 93 |83 54 64 75 11 16 37 77 82 49 43 73 44 52 2 |6 51 38 19 71 58 63 12 7 100 99 27 89 20 |18 24 13 78 33 1 66 28 29 36 62 48 86 ||55 |92 46 |90 34 4 |5 95 65 23 31 32 |80 9 |30 10 67 72 81 70 |22 45 |96 59 68 88 94 79 53 85 17 |3 69 57 |14 56 42 39 41 |60 50 8 
6331.59 194505
47 35 84 86 62 48 27 29 28 54 89 2 |99 7 12 63 71 58 36 24 40 76 25 91 87 93 |74 61 26 97 13 33 78 1 6 51 83 66 20 |98 16 64 75 11 37 15 77 82 49 43 73 44 18 52 ||30 |60 65 |10 45 |46 14 56 8 50 |100 88 85 80 34 9 79 5 |21 81 19 38 55 94 |57 4 90 69 31 32 96 59 41 53 |17 70 92 42 |23 3 67 22 95 |68 72 39 |
6563.24 192349
16 11 75 64 99 7 12 27 62 48 86 89 |98 15 37 77 82 49 43 73 44 18 52 |84 13 97 26 74 47 61 35 76 25 40 91 87 24 93 |63 71 58 36 29 28 83 51 6 33 78 1 66 54 20 2 ||72 |68 21 100 ||95 80 22 85 |79 9 32 31 |34 10 |8 30 50 5 |45 19 81 56 92 |69 |53 41 4 55 17 3 59 |88 14 70 39 60 |94 42 |38 46 65 |90 23 96 57 67 
6764.55 173888
43 73 98 47 61 74 35 76 40 25 26 97 13 91 87 93 |84 44 82 15 77 37 11 75 16 49 18 52 |6 51 71 58 63 12 7 99 27 64 62 86 89 2 |48 24 78 33 1 66 83 36 29 28 54 20 ||92 |21 72 |5 31 80 9 |57 60 69 85 |45 96 |34 50 |88 |59 3 67 |23 |94 |79 |95 |41 65 10 |81 |22 32 |30 |100 55 |17 |68 |53 |4 70 |42 14 |90 |19 38 |39 |8 46 56 
8749.86 170426
43 73 98 47 61 74 35 76 40 25 26 97 13 91 87 93 |84 44 82 15 77 37 11 75 16 49 18 52 |6 51 71 58 63 12 7 99 27 64 62 86 89 2 |48 24 78 33 1 66 83 36 29 28 54 20 ||21 96 92 79 |65 10 31 80 9 41 |30 23 |14 8 |60 45 3 |5 |100 55 |72 |22 |94 |67 |4 53 56 95 |81 68 |85 17 69 |32 |34 |59 |70 90 88 |57 |42 38 19 |46 39 |50 
8797.05 170251
43 73 98 47 61 74 35 76 40 25 26 97 13 91 87 93 |84 44 82 15 77 37 11 75 16 49 18 52 |6 51 71 58 63 12 7 99 27 64 62 86 89 2 |48 24 78 33 1 66 83 36 29 28 54 20 ||92 |21 72 68 |5 |9 |96 41 8 |32 |31 10 23 |65 79 |81 39 |80 |94 |19 |60 67 59 |4 88 53 22 |45 85 17 30 3 |95 |69 |57 |14 100 ||90 55 42 |38 |34 |46 56 70 50 
9133.61 169352
16 11 75 64 99 7 12 27 62 48 86 89 |98 15 37 77 82 49 43 73 44 18 52 |84 13 97 26 74 47 61 35 76 25 40 91 87 24 93 |63 71 58 36 29 28 83 51 6 33 78 1 66 54 20 2 ||72 |68 21 |5 22 |50 57 |69 41 85 |42 |100 39 88 32 30 4 |23 10 31 34 |80 94 95 45 9 |14 70 59 |53 3 |81 46 19 8 |60 56 |17 |38 |65 |55 79 90 |96 |67 |92 
9374.17 167189

Time:1
Last Iter:10
Last Update:10
Tabu:0
Last Time1
8
29 71 58 36 14 88 27 12 63 7 39 99 64 62 48 86 2 |1 33 22 78 13 97 26 74 47 61 35 76 30 87 24 |6 51 83 66 28 54 37 15 77 82 49 43 73 44 52 |89 75 11 16 18 84 98 40 25 91 93 20 ||95 5 41 |31 |65 |3 67 10 57 32 17 85 55 |42 |94 92 19 8 50 80 45 34 |96 69 68 4 |38 56 72 9 53 79 |46 81 90 23 60 |21 100 70 59 |
5854.22 202833
21 15 84 98 40 47 61 74 35 76 97 26 25 91 87 93 |83 54 64 75 11 16 37 77 82 49 43 73 44 52 2 |6 51 38 19 71 58 63 12 7 100 99 27 89 20 |18 24 13 78 33 1 66 28 29 36 62 48 86 ||55 |92 46 |90 34 4 |5 95 65 23 31 32 |80 9 |30 10 67 72 81 70 |22 45 |96 59 68 88 94 79 53 85 17 |3 69 57 |14 56 42 39 41 |60 50 8 
6331.59 194505
47 35 84 86 62 48 27 29 28 54 89 2 |99 7 12 63 71 58 36 24 40 76 25 91 87 93 |74 61 26 97 13 33 78 1 6 51 83 66 20 |98 16 64 75 11 37 15 77 82 49 43 73 44 18 52 ||30 |60 65 |10 45 |46 14 56 8 50 |100 88 85 80 34 9 79 5 |21 81 19 38 55 94 |57 4 90 69 31 32 96 59 41 53 |17 70 92 42 |23 3 67 22 95 |68 72 39 |
6563.24 192349
16 11 75 64 99 7 12 27 62 48 86 89 |98 15 37 77 82 49 43 73 44 18 52 |84 13 97 26 74 47 61 35 76 25 40 91 87 24 93 |63 71 58 36 29 28 83 51 6 33 78 1 66 54 20 2 ||72 |68 21 100 ||95 80 22 85 |79 9 32 31 |34 10 |8 30 50 5 |45 19 81 56 92 |69 |53 41 4 55 17 3 59 |88 14 70 39 60 |94 42 |38 46 65 |90 23 96 57 67 
6764.55 173888
43 73 98 47 61 74 35 76 40 25 26 97 13 91 87 93 |84 44 82 15 77 37 11 75 16 49 18 52 |6 51 71 58 63 12 7 99 27 64 62 86 89 2 |48 24 78 33 1 66 83 36 29 28 54 20 ||92 |21 72 |5 31 80 9 |57 60 69 85 |45 96 |34 50 |88 |59 3 67 |23 |94 |79 |95 |41 65 10 |81 |22 32 |30 |100 55 |17 |68 |53 |4 70 |42 14 |90 |19 38 |39 |8 46 56 
8749.86 170426
43 73 98 47 61 74 35 76 40 25 26 97 13 91 87 93 |84 44 82 15 77 37 11 75 16 49 18 52 |6 51 71 58 63 12 7 99 27 64 62 86 89 2 |48 24 78 33 1 66 83 36 29 28 54 20 ||21 96 92 79 |65 10 31 80 9 41 |30 23 |14 8 |60 45 3 |5 |100 55 |72 |22 |94 |67 |4 53 56 95 |81 68 |85 17 69 |32 |34 |59 |70 90 88 |57 |42 38 19 |46 39 |50 
8797.05 170251
43 73 98 47 61 74 35 76 40 25 26 97 13 91 87 93 |84 44 82 15 77 37 11 75 16 49 18 52 |6 51 71 58 63 12 7 99 27 64 62 86 89 2 |48 24 78 33 1 66 83 36 29 28 54 20 ||92 |21 72 68 |5 |9 |96 41 8 |32 |31 10 23 |65 79 |81 39 |80 |94 |19 |60 67 59 |4 88 53 22 |45 85 17 30 3 |95 |69 |57 |14 100 ||90 55 42 |38 |34 |46 56 70 50 
9133.61 169352
16 11 75 64 99 7 12 27 62 48 86 89 |98 15 37 77 82 49 43 73 44 18 52 |84 13 97 26 74 47 61 35 76 25 40 91 87 24 93 |63 71 58 36 29 28 83 51 6 33 78 1 66 54 20 2 ||72 |68 21 |5 22 |50 57 |69 41 85 |42 |100 39 88 32 30 4 |23 10 31 34 |80 94 95 45 9 |14 70 59 |53 3 |81 46 19 8 |60 56 |17 |38 |65 |55 79 90 |96 |67 |92 
9374.17 167189

Time:1
Last Iter:10
Last Update:10
Tabu:0
Last Time1
5
18 43 44 73 35 74 61 47 98 84 23 87 24 52 |1 6 45 33 78 13 97 26 76 40 25 91 4 93 |75 11 37 15 77 60 82 49 16 64 62 48 86 89 54 2 |36 71 58 63 12 39 7 99 27 95 29 28 51 83 66 20 ||5 |57 |72 65 |46 17 |21 100 8 85 96 |69 31 50 |34 53 22 10 59 14 |92 19 38 70 81 |67 90 3 30 32 55 56 88 |68 79 42 9 80 41 94 
5343.22 189000
18 66 83 51 8 6 33 78 1 24 93 |72 75 11 16 37 15 77 82 49 43 64 62 89 20 2 |27 99 81 7 12 63 71 58 36 29 28 54 48 86 |17 13 97 26 74 47 61 35 76 25 40 91 87 98 84 73 44 59 52 ||50 46 |60 |79 92 19 |100 ||22 45 42 5 88 53 4 |69 10 31 57 23 80 |85 55 94 56 14 70 39 41 |96 34 9 3 |95 38 21 90 |32 |67 65 30 68 
6431.97 187176
12 27 94 66 1 6 33 78 13 24 41 93 |82 44 73 84 98 10 40 76 74 47 61 35 26 97 25 91 87 52 |99 7 63 58 71 51 83 36 29 28 54 20 |18 16 43 49 77 15 37 11 75 64 62 48 86 89 2 ||88 21 |9 |95 72 31 |96 90 69 67 30 53 79 55 |19 46 39 |14 68 60 65 81 |4 32 23 |80 34 17 22 85 50 38 42 5 |56 8 45 57 3 59 |100 70 92 
6492.98 181493
51 6 83 66 1 33 78 13 24 93 |11 16 84 98 40 76 35 47 61 74 97 26 25 91 87 52 |37 15 77 44 73 82 49 43 18 62 48 86 2 |75 64 27 99 7 12 63 71 58 36 29 28 54 89 20 ||59 |80 4 5 |88 95 46 |45 85 79 94 42 96 |90 65 72 |50 22 34 |17 31 8 55 56 |38 19 30 3 |70 81 21 92 |57 32 9 53 14 |23 67 10 60 100 ||39 |68 41 |69 
6968.41 173390
25 74 47 61 35 26 97 13 33 78 24 93 |76 40 98 84 87 91 1 6 51 83 66 20 2 |64 75 11 37 15 77 44 73 82 49 43 18 |16 62 86 48 27 99 7 12 63 71 58 36 29 28 54 89 52 ||10 30 |60 |31 81 |88 23 3 |45 46 |95 5 |80 |21 94 42 |19 70 92 38 39 14 |9 4 57 90 59 68 |56 17 22 85 50 79 |53 |96 41 |72 |65 67 |100 69 32 34 |55 8 |
10108.1 168735

Time:1
Last Iter:10
Last Update:10
Tabu:0
Last Time1
7
1 51 38 36 29 28 86 48 62 64 11 75 18 2 |14 66 83 71 58 63 12 7 81 99 27 54 89 20 |74 61 47 98 84 82 15 77 37 16 49 43 73 44 52 |6 33 78 35 76 13 97 26 25 40 87 91 24 93 ||88 95 |42 19 |94 90 |80 85 45 8 92 56 41 4 96 |10 30 69 |3 34 9 22 |65 |5 79 53 57 50 68 |21 72 60 |17 32 31 67 46 |100 70 39 |59 23 55 
6157.47 192787
54 71 58 63 12 7 99 11 75 64 18 52 |74 61 47 98 82 15 77 37 16 49 43 73 44 |6 33 13 97 26 35 76 25 40 84 87 91 93 |24 78 1 51 83 66 28 29 36 27 62 48 86 89 20 2 ||88 95 |42 19 |94 100 ||80 85 45 8 92 56 41 4 96 |10 30 69 90 3 34 9 22 |65 |39 70 |5 79 |57 50 59 |23 38 67 |17 32 31 60 |53 55 |68 21 72 46 |14 81 
6278.86 178648
74 61 47 98 82 15 77 37 16 49 43 73 44 52 |6 33 13 97 26 35 76 25 40 84 87 91 93 |24 78 1 51 83 66 27 62 48 86 89 2 |18 11 75 64 99 7 12 63 71 58 36 29 28 54 20 ||88 95 |42 19 |100 ||94 |45 8 92 56 |4 96 |10 30 39 70 |65 90 3 34 9 |5 79 53 57 50 68 |21 72 60 |80 |17 32 31 67 69 |41 |55 85 22 |59 23 38 |46 |14 81 
6354.23 166697
16 64 75 11 37 15 77 82 49 43 73 44 20 |1 66 99 7 12 63 71 58 29 28 54 89 |78 33 6 51 83 36 27 48 86 62 18 52 2 |87 91 40 84 98 47 61 74 35 76 25 26 97 13 24 93 ||88 95 |42 19 |100 ||80 |45 8 92 56 |4 96 |10 30 39 70 |65 90 3 34 9 |5 79 |57 50 59 |23 38 67 |17 32 31 60 69 |41 53 94 55 85 22 |68 21 72 46 |14 81 |
7154.74 163071
74 61 47 98 82 15 77 37 16 49 43 73 44 52 |6 33 13 97 26 35 76 25 40 84 87 91 93 |24 78 1 51 83 66 27 62 48 86 89 2 |18 11 75 64 99 7 12 63 71 58 36 29 28 54 20 ||88 95 |42 19 |100 ||94 |45 8 92 56 |4 96 |10 30 39 70 |65 90 3 34 9 |5 79 |57 50 59 |23 67 |38 80 |17 32 31 60 69 |41 53 |55 85 22 |68 21 72 |46 |14 81 
7762.97 162242
16 64 75 11 37 15 77 82 49 43 73 44 20 |1 66 99 7 12 63 71 58 29 28 54 89 |78 33 6 51 83 36 27 48 86 62 18 52 2 |87 91 40 84 98 47 61 74 35 76 25 26 97 13 24 93 ||14 21 31 |80 |41 85 |95 94 42 |100 81 9 79 |39 70 65 |59 69 67 |90 3 68 46 56 |8 |53 96 |10 57 23 |60 |17 |88 72 92 34 4 |30 32 45 |50 22 55 19 5 |38 |
10781.6 162219
16 64 75 11 37 15 77 82 49 43 73 44 20 |1 66 99 7 12 63 71 58 29 28 54 89 |78 33 6 51 83 36 27 48 86 62 18 52 2 |87 91 40 84 98 47 61 74 35 76 25 26 97 13 24 93 ||14 21 |80 |31 |38 100 ||42 |95 81 9 79 |39 70 65 |59 69 67 |90 3 68 46 56 |85 8 |53 96 |10 57 23 |60 |17 |88 72 92 34 4 |30 32 45 |50 22 55 19 5 |94 41 |
11366.4 160794

Time:1
Last Iter:10
Last Update:10
Tabu:0
Last Time1
9
82 77 15 37 65 11 75 18 58 42 66 24 93 52 |6 36 71 63 12 39 7 99 27 62 48 86 2 |13 97 26 35 76 30 25 40 87 91 78 33 1 51 83 29 54 89 |74 61 47 98 84 90 73 44 43 49 16 21 64 28 20 ||88 |57 60 |53 68 |81 14 38 8 80 41 |59 72 |50 55 79 56 92 19 46 |96 23 3 67 69 |5 94 95 70 100 17 |10 |22 85 45 9 34 4 32 31 
5989.74 228198
59 32 23 90 96 84 44 73 82 43 49 16 11 75 64 18 52 |9 13 97 26 25 40 76 35 74 61 47 31 10 98 87 91 93 |77 15 37 21 24 78 33 6 1 66 54 20 2 |72 99 7 12 63 58 71 51 83 28 36 29 27 62 48 86 89 ||38 81 |45 |57 |5 46 |67 69 30 4 53 17 68 |41 34 80 85 42 56 88 |60 65 |79 94 55 19 3 |39 |14 95 70 100 92 8 50 |22 
6010.05 227070
74 97 26 87 63 12 7 81 99 27 95 14 48 86 89 2 |44 73 98 10 57 9 13 78 33 6 8 51 83 66 79 20 |19 92 62 16 43 49 82 77 15 37 11 75 64 68 18 52 93 |84 69 47 61 35 76 40 25 91 24 1 38 71 58 36 29 28 94 54 ||50 45 |39 100 88 |23 |70 41 |90 85 59 3 |55 42 |21 72 65 60 67 31 34 |56 46 |80 17 22 4 96 30 32 5 53 
6133.95 222508
83 51 6 33 25 40 98 84 3 73 18 52 |74 47 61 35 76 26 97 13 78 1 66 20 |16 75 11 37 15 77 82 49 43 44 87 91 24 93 |64 62 86 48 27 99 7 12 63 71 58 36 29 28 54 89 2 ||38 |55 |68 60 21 41 95 |96 90 23 69 31 17 80 |14 46 70 8 |72 65 |53 85 9 59 88 56 |81 |67 30 57 4 34 22 50 45 79 94 |5 100 39 |19 92 42 32 10 
6138.43 172913
33 78 1 6 51 83 71 58 29 28 66 20 |62 86 48 27 99 7 12 63 36 54 89 2 |73 84 98 47 61 35 74 13 97 26 76 25 40 87 91 24 93 |44 37 15 77 82 49 43 16 11 75 64 18 52 ||69 96 |22 4 |72 68 5 94 |41 34 17 |31 |90 3 30 32 50 53 |88 92 14 19 46 |10 9 60 |56 |55 45 100 ||59 |79 57 |65 |23 |21 81 38 42 95 |80 |70 39 67 |8 85 |
7018.54 164574
33 78 1 6 51 83 71 58 29 28 66 20 |62 86 48 27 99 7 12 63 36 54 89 2 |73 84 98 47 61 35 74 13 97 26 76 25 40 87 91 24 93 |44 37 15 77 82 49 43 16 11 75 64 18 52 ||96 |4 22 |72 69 |68 5 94 |70 100 79 59 |31 |41 |90 3 60 46 |42 |57 30 32 50 56 92 55 |19 34 9 10 23 |45 |85 17 14 95 |38 80 |81 39 21 65 |53 88 |8 |67 |
7373.98 163387
64 75 11 16 15 37 77 82 49 43 44 18 52 |33 78 1 6 51 83 71 58 29 28 66 20 |62 86 48 27 99 7 12 63 36 54 89 2 |73 84 98 47 61 35 74 13 97 26 76 25 40 87 91 24 93 ||96 |22 4 |72 68 5 94 |70 |100 79 8 59 |31 |41 |90 3 60 |46 |42 |45 57 30 32 50 56 |92 55 38 19 34 9 80 |10 23 |85 17 69 67 |14 95 |81 39 21 65 |53 88 |
8957.81 160613
33 78 1 6 51 83 71 58 29 28 66 20 |62 86 48 27 99 7 12 63 36 54 89 2 |73 84 98 47 61 35 74 13 97 26 76 25 40 87 91 24 93 |44 37 15 77 82 49 43 16 11 75 64 18 52 ||69 96 |72 |22 4 |68 5 |70 |79 8 94 59 |31 |100 ||41 |90 3 60 |46 |42 |57 30 32 |50 92 56 55 |19 34 9 10 23 |45 |85 17 67 14 95 |81 39 |21 65 |53 88 38 |80 |
9325.85 159331
33 78 1 6 51 83 71 58 29 28 66 20 |62 86 48 27 99 7 12 63 36 54 89 2 |73 84 98 47 61 35 74 13 97 26 76 25 40 87 91 24 93 |44 37 15 77 82 49 43 16 11 75 64 18 52 ||69 96 |4 |72 68 5 |22 |59 17 94 56 23 90 |70 34 31 10 57 |88 |3 |60 42 55 |79 |30 |8 |92 32 9 50 |38 19 |80 |46 100 ||85 |45 67 |14 95 |81 39 21 65 |53 41 |
10847.2 158364

Time:1
Last Iter:10
Last Update:10
Tabu:0
Last Time1
11
99 100 7 12 63 83 42 55 6 51 19 71 58 36 29 28 54 89 |32 98 44 49 65 18 59 52 78 33 1 66 20 |82 73 84 40 25 76 35 47 61 74 26 97 13 24 91 87 96 93 |27 16 43 77 15 37 11 75 64 68 62 48 86 2 ||5 |3 31 30 |41 34 4 57 10 69 90 60 |70 39 |56 94 53 85 23 |21 72 |50 79 88 95 46 81 92 |67 |80 9 17 22 45 8 38 14 
5929.52 216498
62 66 6 51 83 71 58 36 29 28 54 |43 11 75 64 46 99 100 39 7 63 12 27 48 86 89 2 |37 15 77 98 40 87 91 13 78 33 1 20 93 |24 97 26 74 47 61 35 76 25 84 18 16 49 82 73 44 52 ||14 95 |56 17 50 |55 45 |38 34 80 96 3 59 |10 |30 32 23 60 21 68 88 |94 92 8 |4 9 57 69 67 31 41 53 79 |42 19 70 81 |5 85 22 90 65 72 
6240.12 194182
50 22 6 51 83 28 29 36 58 71 63 12 27 48 86 89 20 |54 7 99 64 75 11 16 37 15 77 82 2 |66 1 33 78 13 97 26 25 84 49 43 44 52 |62 18 73 98 47 74 61 35 76 40 91 87 24 93 ||96 70 100 ||79 56 |14 |5 53 10 94 41 |45 81 39 68 |88 |85 80 17 32 42 |46 21 65 |8 |60 59 9 57 69 67 31 |30 4 34 |19 38 92 95 72 3 90 23 |55 
7083.79 191187
30 26 57 27 46 7 12 63 71 58 36 29 28 54 89 2 |99 44 73 84 98 47 61 74 35 76 25 40 87 91 24 93 52 |97 13 6 33 78 1 51 83 66 20 |18 37 15 77 82 49 43 16 11 75 21 64 62 48 86 ||45 |38 8 |85 17 80 41 72 |23 10 31 32 9 53 55 |68 |67 96 4 22 42 19 94 88 |14 |95 79 34 50 69 |60 65 |81 39 100 70 92 56 5 59 3 90 
7157.89 185455
6 51 83 36 71 58 63 12 27 48 86 |7 99 64 75 11 16 37 15 77 82 49 43 44 52 |62 18 73 98 47 74 61 35 76 40 91 87 24 93 |84 25 26 97 13 78 33 1 66 28 29 54 89 20 2 ||38 |68 70 |34 56 |22 |85 30 67 14 |21 81 100 ||45 57 31 |10 69 80 32 53 |39 |8 94 88 59 |96 4 60 65 |17 41 79 42 |23 |19 92 95 5 72 3 90 |55 50 9 46 
7163.8 169995
66 51 83 71 58 63 12 7 99 36 29 28 54 89 2 |1 6 33 78 13 97 61 47 35 76 25 40 91 87 |26 74 98 84 44 73 82 49 43 16 18 52 |77 15 37 11 75 64 27 62 48 86 20 24 93 ||31 |10 8 |39 |22 4 30 |55 |79 |14 |42 46 |69 |17 80 |53 34 |100 95 |59 3 |68 88 94 70 41 |57 32 23 |50 5 85 19 38 92 |81 45 96 |21 72 65 60 |9 90 |67 |56 |
7321.2 167138
1 6 33 78 13 97 61 47 35 76 25 40 91 87 |26 74 98 84 44 73 82 49 43 16 18 52 |77 15 37 11 75 64 27 62 48 86 20 24 93 |99 7 12 63 36 58 71 51 83 66 28 29 54 89 2 ||50 5 68 100 ||70 55 |85 |19 |81 39 |30 14 94 |95 79 |45 46 |69 |41 80 |38 42 8 |53 |21 72 65 |4 96 |22 |17 57 32 23 |60 |9 90 |3 67 |56 92 31 10 88 |59 34 |
7491 166078
1 6 33 78 13 97 61 47 35 76 25 40 91 87 |26 74 98 84 44 73 82 49 43 16 18 52 |77 15 37 11 75 64 27 62 48 86 20 24 93 |99 7 12 63 36 58 71 51 83 66 28 29 54 89 2 ||50 |19 |22 |85 38 |81 55 68 |70 39 |30 14 94 |95 79 |45 46 |69 |41 80 |100 42 8 |53 |21 72 65 |4 96 |5 |17 57 32 23 |60 |9 90 |3 67 |56 92 31 10 88 |59 34 |
8131.97 165379
6 51 83 36 71 58 63 12 27 48 86 |7 99 64 75 11 16 37 15 77 82 49 43 44 52 |62 18 73 98 47 74 61 35 76 40 91 87 24 93 |84 25 26 97 13 78 33 1 66 28 29 54 89 20 2 ||50 |38 |68 70 |34 56 |22 |85 30 67 14 92 79 |88 69 19 |81 39 |94 |23 9 |95 46 |42 8 45 53 |96 |21 72 65 100 ||10 |55 57 4 |80 17 |59 |41 60 32 |5 31 3 90 
8313.97 163368
1 6 33 78 13 97 61 47 35 76 25 40 91 87 |26 74 98 84 44 73 82 49 43 16 18 52 |77 15 37 11 75 64 27 62 48 86 20 24 93 |99 7 12 63 36 58 71 51 83 66 28 29 54 89 2 ||19 |70 55 38 |45 |81 |30 22 |4 53 79 |14 |39 17 80 |31 34 |94 100 95 |96 9 |46 42 8 |68 88 |85 |57 32 |60 59 69 |50 |5 90 |72 67 |56 92 |10 |21 3 23 |41 |65 
8578.18 162843
1 6 33 78 13 97 61 47 35 76 25 40 91 87 |26 74 98 84 44 73 82 49 43 16 18 52 |77 15 37 11 75 64 27 62 48 86 20 24 93 |99 7 12 63 36 58 71 51 83 66 28 29 54 89 2 ||19 |85 |38 |81 39 |30 22 |4 53 79 |14 |42 46 |69 |17 80 |55 34 |100 95 |59 3 |68 88 94 70 |21 |90 41 |57 32 23 |60 |50 45 9 5 |72 67 |56 |31 10 |92 96 |8 |65 
8846.06 161568

Time:0
Last Iter:10
Last Update:10
Tabu:0
Last Time0
8
63 12 27 91 40 98 84 73 44 52 |64 75 11 37 15 77 82 49 43 16 18 62 48 86 89 2 |99 7 71 58 36 29 28 83 51 6 1 78 24 93 |87 74 47 61 35 76 25 26 97 13 33 66 54 20 ||65 |30 |90 31 |3 59 55 38 |69 67 10 57 50 45 85 |46 70 81 19 8 14 |56 92 94 88 |100 39 |21 42 23 |72 68 60 96 34 9 |95 |4 80 17 41 5 79 22 32 53 |
5833.8 187142
63 12 27 91 40 98 84 73 44 52 |64 75 11 37 15 77 82 49 43 16 18 62 48 86 89 2 |99 7 71 58 36 29 28 83 51 6 1 78 24 93 |87 74 47 61 35 76 25 26 97 13 33 66 54 20 ||65 |30 |90 31 |3 59 55 38 |69 67 10 57 50 45 85 |46 70 81 19 8 |56 92 94 88 14 100 39 |21 42 23 |95 |60 |72 68 96 9 34 |80 4 |17 41 5 79 22 32 53 |
6268.26 184820
18 64 62 86 48 99 81 7 70 63 12 27 54 89 2 |1 78 33 6 51 83 38 71 58 36 29 56 28 66 20 |49 82 98 47 61 74 35 76 30 40 25 13 24 52 |77 15 37 11 75 16 43 44 73 84 97 26 32 91 87 93 ||88 |55 79 |9 8 |80 |41 57 31 |100 ||59 68 21 46 92 42 5 |53 17 |45 50 4 96 69 10 |72 39 |67 60 65 14 95 90 23 |19 3 34 22 85 94 
6274.74 183907
97 13 78 33 1 6 51 83 66 28 20 |24 26 74 61 47 98 84 35 76 25 40 91 87 93 |36 27 62 64 75 11 16 37 15 77 82 49 43 73 44 2 |99 7 12 63 71 58 29 54 89 48 86 18 52 ||79 |70 |69 67 |22 85 45 |41 |39 19 38 55 94 |31 |81 90 |59 68 21 46 92 42 5 |53 17 |100 50 4 96 3 |72 60 10 |80 30 14 95 56 34 9 |65 88 23 57 32 |8 
6667.73 172483
97 13 78 33 1 6 51 83 66 28 20 |24 26 74 61 47 98 84 35 76 25 40 91 87 93 |36 27 62 64 75 11 16 37 15 77 82 49 43 73 44 2 |99 7 12 63 71 58 29 54 89 48 86 18 52 ||79 |70 |67 69 |22 85 45 |21 81 39 19 38 55 94 |17 |31 90 |59 68 41 46 95 |60 4 42 88 |14 |50 |8 30 |3 56 72 5 |10 96 |53 |34 |80 |23 92 |65 100 9 57 |32 
7400.57 169598
97 13 78 33 1 6 51 83 66 28 20 |24 26 74 61 47 98 84 35 76 25 40 91 87 93 |36 27 62 64 75 11 16 37 15 77 82 49 43 73 44 2 |99 7 12 63 71 58 29 54 89 48 86 18 52 ||79 |70 |69 67 |22 85 45 |41 81 39 19 38 55 94 |31 90 |59 68 21 46 95 |60 4 42 88 |14 80 50 |30 |3 56 72 5 |10 17 |53 |34 |96 |23 92 |65 100 9 57 |8 32 
7469 169429
97 13 78 33 1 6 51 83 66 28 20 |24 26 74 61 47 98 84 35 76 25 40 91 87 93 |36 27 62 64 75 11 16 37 15 77 82 49 43 73 44 2 |99 7 12 63 71 58 29 54 89 48 86 18 52 ||79 |70 |69 67 |22 85 45 |41 |39 19 38 55 94 |31 90 50 |59 68 21 46 92 42 5 |53 17 |88 |81 |4 96 3 |72 60 10 |57 23 100 ||80 56 14 95 |32 9 34 |65 |30 |8 
8251.46 166123
97 13 78 33 1 6 51 83 66 28 20 |24 26 74 61 47 98 84 35 76 25 40 91 87 93 |36 27 62 64 75 11 16 37 15 77 82 49 43 73 44 2 |99 7 12 63 71 58 29 54 89 48 86 18 52 ||79 |70 |69 67 |22 85 45 |41 |39 19 38 55 94 |31 |90 |4 |59 68 |46 |92 5 21 |53 17 14 |42 |88 |81 |100 50 96 3 |56 |72 60 |10 |34 80 |30 95 |23 65 9 32 57 |8 
10785.6 165943

Time:1
Last Iter:10
Last Update:10
Tabu:0
Last Time1
8
63 12 27 91 40 98 84 73 44 52 |64 75 11 37 15 77 82 49 43 16 18 62 48 86 89 2 |99 7 71 58 36 29 28 83 51 6 1 78 24 93 |87 74 47 61 35 76 25 26 97 13 33 66 54 20 ||65 |30 |90 31 |3 59 55 38 |69 67 10 57 50 45 85 |46 70 81 19 8 14 |56 92 94 88 |100 39 |21 42 23 |72 68 60 96 34 9 |95 |4 80 17 41 5 79 22 32 53 |
5833.8 187142
63 12 27 91 40 98 84 73 44 52 |64 75 11 37 15 77 82 49 43 16 18 62 48 86 89 2 |99 7 71 58 36 29 28 83 51 6 1 78 24 93 |87 74 47 61 35 76 25 26 97 13 33 66 54 20 ||65 |30 |90 31 |3 59 55 38 |69 67 10 57 50 45 85 |46 70 81 19 8 |56 92 94 88 14 100 39 |21 42 23 |95 |60 |72 68 96 9 34 |80 4 |17 41 5 79 22 32 53 |
6268.26 184820
18 64 62 86 48 99 81 7 70 63 12 27 54 89 2 |1 78 33 6 51 83 38 71 58 36 29 56 28 66 20 |49 82 98 47 61 74 35 76 30 40 25 13 24 52 |77 15 37 11 75 16 43 44 73 84 97 26 32 91 87 93 ||88 |55 79 |9 8 |80 |41 57 31 |100 ||59 68 21 46 92 42 5 |53 17 |45 50 4 96 69 10 |72 39 |67 60 65 14 95 90 23 |19 3 34 22 85 94 
6274.74 183907
97 13 78 33 1 6 51 83 66 28 20 |24 26 74 61 47 98 84 35 76 25 40 91 87 93 |36 27 62 64 75 11 16 37 15 77 82 49 43 73 44 2 |99 7 12 63 71 58 29 54 89 48 86 18 52 ||79 |70 |69 67 |22 85 45 |41 |39 19 38 55 94 |31 |81 90 |59 68 21 46 92 42 5 |53 17 |100 50 4 96 3 |72 60 10 |80 30 14 95 56 34 9 |65 88 23 57 32 |8 
6667.73 172483
97 13 78 33 1 6 51 83 66 28 20 |24 26 74 61 47 98 84 35 76 25 40 91 87 93 |36 27 62 64 75 11 16 37 15 77 82 49 43 73 44 2 |99 7 12 63 71 58 29 54 89 48 86 18 52 ||79 |70 |67 69 |22 85 45 |21 81 39 19 38 55 94 |17 |31 90 |59 68 41 46 95 |60 4 42 88 |14 |50 |8 30 |3 56 72 5 |10 96 |53 |34 |80 |23 92 |65 100 9 57 |32 
7400.57 169598
97 13 78 33 1 6 51 83 66 28 20 |24 26 74 61 47 98 84 35 76 25 40 91 87 93 |36 27 62 64 75 11 16 37 15 77 82 49 43 73 44 2 |99 7 12 63 71 58 29 54 89 48 86 18 52 ||79 |70 |69 67 |22 85 45 |41 81 39 19 38 55 94 |31 90 |59 68 21 46 95 |60 4 42 88 |14 80 50 |30 |3 56 72 5 |10 17 |53 |34 |96 |23 92 |65 100 9 57 |8 32 
7469 169429
97 13 78 33 1 6 51 83 66 28 20 |24 26 74 61 47 98 84 35 76 25 40 91 87 93 |36 27 62 64 75 11 16 37 15 77 82 49 43 73 44 2 |99 7 12 63 71 58 29 54 89 48 86 18 52 ||79 |70 |69 67 |22 85 45 |41 |39 19 38 55 94 |31 90 50 |59 68 21 46 92 42 5 |53 17 |88 |81 |4 96 3 |72 60 10 |57 23 100 ||80 56 14 95 |32 9 34 |65 |30 |8 
8251.46 166123
97 13 78 33 1 6 51 83 66 28 20 |24 26 74 61 47 98 84 35 76 25 40 91 87 93 |36 27 62 64 75 11 16 37 15 77 82 49 43 73 44 2 |99 7 12 63 71 58 29 54 89 48 86 18 52 ||79 |70 |69 67 |22 85 45 |41 |39 19 38 55 94 |31 |90 |4 |59 68 |46 |92 5 21 |53 17 14 |42 |88 |81 |100 50 96 3 |56 |72 60 |10 |34 80 |30 95 |23 65 9 32 57 |8 
10785.6 165943

Execution time: 8.327 seconds
