Time:2
Last Iter:10
Last Update:10
Tabu:0
Last Time2
7
62 26 67 50 40 73 4 85 6 37 18 70 79 19 69 47 23 34 77 |65 89 64 13 29 60 39 56 7 25 91 58 48 24 28 46 44 51 33 43 57 2 16 |59 21 93 10 49 11 41 96 71 27 42 82 63 5 35 32 90 61 17 45 68 |95 20 84 81 97 80 72 36 94 3 15 98 83 100 55 ||53 |87 74 12 |78 1 99 |92 86 |31 |14 9 |76 |22 |8 |88 66 54 |30 |38 |52 |75 |
18923.6 483903
46 80 34 23 47 95 35 90 5 63 82 21 42 27 71 96 41 52 97 11 49 |28 64 33 93 68 17 45 30 69 79 19 37 6 89 73 4 85 18 70 40 77 |65 58 59 13 29 60 39 56 7 25 91 24 48 26 67 43 38 50 57 |32 44 20 81 84 62 36 94 72 3 15 55 98 83 100 2 16 ||86 |99 53 |1 |51 |54 |87 |10 74 92 |88 |8 |75 |31 |76 78 9 14 |12 |66 |61 |22 
19508.7 473724
84 37 50 60 39 56 91 58 48 24 28 46 44 33 43 57 2 16 |62 25 7 83 98 20 81 94 72 3 80 65 97 11 49 55 100 ||26 45 15 23 47 95 32 35 90 5 63 82 21 42 27 71 96 41 17 68 93 |36 67 69 79 19 6 89 4 70 18 85 73 64 13 29 59 40 34 77 ||51 |74 99 |52 |66 |12 92 54 14 |76 53 |31 |88 |75 |10 1 |87 38 |86 |61 |30 |22 |9 78 |8 
20406.8 472396
36 34 67 13 64 73 4 85 89 6 18 70 19 79 40 77 |84 37 50 59 29 60 39 56 91 58 48 24 28 46 44 33 43 57 2 16 |62 25 7 83 98 20 81 94 72 3 80 65 97 11 49 55 100 ||26 45 15 23 69 47 95 32 35 90 5 63 82 21 42 27 71 96 41 17 68 93 ||51 |99 10 |30 |12 |14 76 78 |53 66 |38 |8 |75 |31 |88 |54 9 |86 |52 |1 |61 |87 |74 |92 |22 
20759.4 464621
32 44 20 81 84 62 36 94 72 3 15 55 98 83 100 2 16 |6 28 80 97 49 11 41 96 71 27 42 21 82 63 5 90 17 45 68 93 |46 65 43 50 70 89 4 85 18 37 19 79 69 95 47 23 34 77 |35 73 33 57 25 91 58 24 48 26 67 7 56 39 60 29 13 59 64 40 ||75 |54 |66 |53 |78 |74 |1 |14 10 |86 12 |99 92 |51 22 88 |52 |76 9 |8 |31 |87 38 |30 |61 
20779.9 464366
35 89 95 47 34 23 69 79 19 37 4 85 18 70 40 64 13 29 60 59 50 |73 46 77 56 39 7 25 91 58 48 24 26 67 43 33 57 |32 44 20 81 84 62 36 94 72 3 15 55 98 83 100 2 16 |6 28 80 65 97 49 11 41 96 71 27 42 21 82 63 5 90 17 45 68 93 ||75 |8 |66 |38 |92 74 |52 |1 |14 78 |53 88 51 |9 10 12 |22 |99 76 |30 54 |86 |31 |87 |61 
20830.8 462528
18 3 17 45 47 95 32 90 5 63 82 21 42 71 27 96 41 11 49 15 55 |24 6 68 92 34 23 69 86 79 70 37 89 85 4 73 40 77 93 |35 44 36 97 65 80 75 72 94 62 84 81 20 98 83 100 2 16 |28 19 46 58 25 91 48 26 33 43 67 7 56 39 60 29 13 64 59 50 57 ||8 |31 |10 74 |30 |66 |14 |12 54 |53 88 |78 |99 76 |38 87 |61 |22 51 |52 |1 9 
22044 455537

Time:2
Last Iter:10
Last Update:10
Tabu:0
Last Time2
4
27 20 81 36 94 3 72 80 65 97 11 42 96 71 21 82 63 5 90 35 32 45 17 68 93 |86 84 46 28 7 58 91 25 48 24 26 60 29 13 64 59 50 57 |39 41 15 49 95 69 70 73 4 85 18 89 6 37 19 79 23 34 77 |62 47 40 56 44 67 43 33 98 83 100 55 2 16 ||87 |51 |31 |76 9 |66 |78 53 |52 |22 |75 |38 |99 1 |14 54 74 |30 |8 |61 10 |12 92 |88 
19983.1 473268
26 71 77 40 70 73 4 85 18 6 37 19 79 69 23 30 45 17 68 93 |20 89 47 95 32 90 5 63 82 21 27 96 41 11 49 98 83 100 2 16 |64 35 42 97 65 80 72 36 62 84 81 3 15 55 |94 34 67 50 59 13 29 60 39 56 7 58 91 25 48 24 28 46 44 88 33 43 57 74 ||86 |52 |78 53 |87 92 |22 |75 |38 |99 1 |61 |14 76 9 |51 |8 |54 12 |10 |66 |31 
20145.6 462354
69 98 94 62 84 81 3 72 80 65 15 55 93 77 |32 20 23 47 95 45 68 17 90 35 5 63 82 21 42 27 71 96 41 11 49 |97 39 40 50 58 91 25 7 56 26 48 24 28 46 44 33 83 100 2 16 |36 37 34 19 79 70 6 89 18 85 4 73 64 59 13 29 60 67 43 57 ||52 14 |54 74 |22 |1 |30 |8 |61 10 |12 92 |88 |86 |38 87 |51 |31 |99 76 78 9 |75 |53 66 
20663.1 456562
84 91 50 40 95 47 69 19 37 18 73 4 85 70 79 23 34 77 |6 62 20 65 49 11 41 96 42 27 21 82 63 5 90 35 32 45 17 68 93 |97 58 64 59 13 29 60 39 56 7 25 48 24 26 67 43 33 57 2 16 |89 81 71 36 94 72 80 3 15 46 28 44 98 83 100 55 ||78 53 |87 92 |22 |61 |38 |99 1 |14 76 9 |86 12 |66 51 74 |31 |10 |75 |52 |54 |88 |8 |30 
23158.9 454716

Time:2
Last Iter:10
Last Update:10
Tabu:0
Last Time2
4
84 63 71 82 21 27 42 97 65 80 72 36 81 20 44 51 33 50 |94 35 90 96 17 45 95 37 6 89 73 4 85 18 70 79 19 69 8 23 34 93 |62 32 5 41 11 49 68 59 60 29 13 64 40 77 |47 3 100 15 55 83 98 46 28 39 56 7 25 91 58 24 48 26 67 43 57 2 16 ||66 22 |99 76 53 |30 |61 |86 |88 |38 |9 1 |52 |75 |31 |10 78 |54 |74 87 92 |14 12 
19388.9 517969
80 34 91 28 67 26 24 48 25 7 56 39 60 29 13 59 38 50 40 77 |84 65 36 62 81 58 44 43 57 33 98 83 100 2 16 |46 94 72 3 41 32 35 90 5 63 82 21 71 96 27 42 97 11 49 15 55 |20 23 64 89 6 37 18 73 4 85 70 79 19 69 47 95 45 17 68 93 ||51 10 |30 |12 14 |8 |1 |31 |53 76 99 |75 |66 54 |61 |92 87 |52 |22 88 |78 |74 |86 |9 |
19691.2 476606
62 50 71 21 63 5 90 35 32 95 47 30 45 17 68 41 11 49 15 55 |19 82 93 61 96 27 42 65 80 72 36 94 81 3 98 83 100 2 16 |97 29 40 60 59 13 64 73 4 85 89 6 37 18 70 79 86 69 23 34 77 |84 67 20 58 91 25 39 56 7 26 48 24 28 46 44 33 43 57 ||88 |31 |1 |38 |75 |10 78 |54 9 |74 87 92 |14 12 |51 |8 |52 |66 22 |99 76 53 
20536.9 473453
42 6 57 68 17 45 47 69 19 37 89 18 85 4 73 70 79 23 34 77 |26 65 43 83 33 44 46 28 24 48 58 91 25 7 56 39 60 29 13 64 59 50 74 |20 95 32 35 90 5 63 82 21 71 96 41 11 49 93 40 |27 67 98 80 97 81 84 62 36 94 72 3 15 55 100 2 16 ||10 |53 |31 |1 76 99 |75 |51 |14 |66 22 |8 |30 |61 |86 |87 92 |38 54 12 |78 9 |52 |88 |
20810 467515

Time:2
Last Iter:10
Last Update:9
Tabu:0
Last Time2
3
94 13 50 29 59 64 73 4 85 6 37 18 70 19 69 79 40 77 |89 3 41 71 96 42 27 21 82 63 5 35 90 32 31 95 47 45 17 68 93 |23 20 46 44 28 58 91 25 48 24 26 7 56 39 60 67 43 33 57 74 |84 34 83 98 81 62 36 72 80 65 97 11 49 15 55 100 2 16 ||53 |99 1 |52 |88 |51 |30 10 |78 76 |61 |75 |92 12 54 |14 9 |38 87 |86 |22 66 |8 
19444 461990
20 59 62 84 81 36 94 72 80 65 97 42 82 21 27 71 96 41 11 49 |58 3 29 39 56 7 67 26 48 24 28 46 44 43 57 33 98 83 100 76 15 55 2 16 |91 60 5 63 90 35 32 95 47 45 17 68 93 |6 25 50 13 64 40 70 85 89 73 4 18 37 19 79 69 23 34 77 ||99 |52 |86 |8 10 |54 74 87 |14 30 |75 |31 |38 92 12 |51 53 |9 1 |88 |78 |22 |61 |66 
21367.4 460399
63 81 65 36 94 72 80 97 82 21 71 96 41 11 49 |6 68 93 40 57 43 33 83 98 3 15 55 100 2 16 |89 62 42 5 35 90 32 17 45 95 47 69 70 73 4 85 18 37 19 79 23 34 92 77 |84 27 20 44 46 28 58 91 25 48 24 67 26 7 56 39 60 29 13 64 59 50 ||8 |86 |1 76 10 |30 |51 |61 |75 |66 |14 78 |38 87 |52 |99 54 74 |31 |88 22 |53 9 |12 |
23344.7 457514

Time:2
Last Iter:10
Last Update:10
Tabu:0
Last Time2
3
84 98 3 90 35 32 95 47 45 17 68 93 |81 64 50 13 59 40 73 4 85 89 6 37 18 70 79 19 8 23 34 77 2 16 |69 83 20 46 28 44 24 48 91 25 7 56 39 29 60 26 67 43 33 57 |58 62 36 94 72 80 65 97 5 63 82 21 42 27 71 96 41 11 49 15 55 100 ||30 |92 12 14 |61 |51 |10 99 |52 |75 |38 |1 |22 53 |76 |87 |31 |86 |9 78 |88 66 74 54 
18645.1 464720
44 8 28 46 43 67 26 24 48 58 91 25 7 56 39 60 29 13 64 59 50 |94 47 95 68 32 35 90 5 63 82 21 42 27 71 96 41 11 49 55 |72 77 15 17 23 69 19 79 70 37 6 89 18 85 4 73 40 34 93 |65 45 100 97 80 3 36 62 84 81 20 98 83 33 57 2 16 ||87 |88 53 |86 |54 |74 38 |99 9 |78 76 10 12 |14 |61 |75 |31 |92 |52 |66 51 |1 |22 |30 
19618.3 459959
84 44 20 98 83 27 90 35 32 95 47 45 17 68 93 |81 82 50 40 73 4 85 89 6 37 18 70 19 79 69 23 34 77 |62 65 28 13 64 59 29 60 39 56 7 25 91 58 48 24 26 67 43 33 57 |80 46 36 94 3 72 97 5 63 21 42 71 96 41 11 49 15 55 100 2 16 ||87 |38 |75 |92 |22 |61 |88 74 |52 10 |31 |30 12 14 |76 1 99 |9 |86 |8 |51 66 53 |78 |54 
19905.1 449982

Time:2
Last Iter:10
Last Update:9
Tabu:0
Last Time1
5
62 35 95 32 90 63 82 21 42 27 71 96 41 68 93 54 |20 64 26 67 50 59 13 29 60 39 56 7 25 91 58 48 24 28 46 44 33 43 57 |5 83 98 84 81 3 36 94 72 80 65 97 11 49 15 76 55 100 2 16 |51 40 45 17 47 19 37 6 89 73 4 85 18 70 79 69 23 34 77 ||87 |38 |30 |52 |74 10 |78 92 |14 99 9 |1 |86 12 |88 |8 |75 |53 |31 |61 |66 22 
18950.2 464655
39 81 46 29 60 56 7 25 91 58 48 24 26 67 43 33 57 77 |84 28 83 98 20 62 36 94 72 80 65 97 11 49 15 55 100 2 |63 44 34 47 45 32 35 90 5 82 21 42 27 71 96 41 17 68 93 |3 13 19 95 23 69 79 37 6 89 73 4 85 18 70 40 64 59 50 16 ||99 |52 |22 |61 |54 92 12 10 14 |38 |31 |75 |30 |88 66 51 74 |76 78 9 |8 |86 |1 |53 |87 
20339.7 463812
82 40 49 55 15 3 72 94 36 62 84 81 20 98 83 53 33 100 2 16 |48 47 21 11 80 65 97 42 27 71 63 5 90 35 32 31 45 17 68 93 |26 41 50 59 29 60 67 39 56 7 25 91 58 24 28 46 44 43 57 |95 96 13 64 70 73 4 85 18 89 6 37 19 79 69 23 34 77 ||38 |9 78 76 |74 87 |52 |92 |14 12 |75 |88 66 51 |30 8 |86 |1 99 10 |61 |22 |54 
20384.7 463176
58 3 57 43 20 81 84 62 36 94 72 80 65 97 15 55 |82 64 6 19 47 95 32 35 90 5 63 21 42 27 71 96 41 11 49 |85 67 40 73 4 37 18 70 79 69 23 34 45 17 68 93 77 |89 25 91 50 59 13 29 60 39 56 7 26 48 24 28 46 44 53 88 33 98 83 100 2 16 ||99 |38 87 |30 |22 |54 92 12 10 14 |61 |31 |52 |75 |66 51 74 |8 |86 |1 78 76 |9 
20433.8 459732
89 20 81 36 94 72 80 65 97 11 49 15 55 |25 19 67 58 91 39 56 7 26 48 24 28 46 44 88 33 98 83 100 ||84 37 34 23 69 79 70 18 85 4 73 40 64 13 29 60 59 50 43 57 2 16 |6 62 3 41 42 96 71 27 21 82 63 5 90 35 32 95 47 45 17 68 93 77 ||99 |38 87 |61 |53 |30 54 |22 |31 |52 10 14 |75 |92 12 |66 51 74 |76 78 9 |8 |86 |1 
21321.6 448592

Time:1
Last Iter:10
Last Update:8
Tabu:0
Last Time1
3
6 20 53 33 67 26 39 56 7 25 91 58 48 24 28 46 44 51 43 57 |82 19 70 18 85 4 73 13 64 59 50 40 34 23 45 17 68 93 77 |37 29 60 79 69 47 95 35 90 5 63 21 42 27 71 96 41 11 49 |89 32 97 65 80 72 94 36 62 84 81 3 15 55 100 98 83 2 16 ||74 54 |66 |87 |61 |1 76 9 |12 |75 |52 |8 |38 |22 88 |10 92 30 |99 78 |31 |86 |14 
19026.3 468350
32 50 34 13 64 73 4 85 18 89 6 37 19 79 69 47 95 45 17 68 93 77 |62 70 23 35 96 71 42 27 21 82 63 90 41 11 49 |5 28 44 46 20 84 36 94 97 65 80 72 3 15 55 |81 91 40 59 29 60 39 56 7 25 58 48 24 26 67 43 57 33 98 83 100 2 16 ||38 87 |76 1 |53 |75 |86 |30 14 |78 |51 |31 |8 |61 |52 10 |92 99 9 |74 88 54 |22 66 |12 |
19864.7 464501
5 46 20 84 36 94 97 65 80 75 72 3 15 49 55 |81 91 40 59 29 60 39 56 7 25 58 48 24 26 67 43 57 33 98 83 100 2 16 |35 28 44 13 50 64 73 4 85 89 37 18 70 19 79 23 34 77 |62 6 69 47 95 45 17 32 90 63 82 21 42 27 71 96 41 11 68 93 ||14 99 |87 74 92 |86 |51 22 |9 |8 |88 53 |38 |1 |52 |61 |31 |12 54 |76 78 |66 |30 10 |
20008.5 451167

Time:1
Last Iter:10
Last Update:9
Tabu:0
Last Time1
3
90 43 13 59 50 40 37 6 89 73 4 85 18 70 79 19 69 23 34 93 |35 57 29 60 24 48 58 91 25 7 56 39 26 67 28 44 33 98 83 100 2 16 |46 84 20 81 62 36 94 72 80 65 97 61 17 68 77 |3 64 45 47 95 32 5 63 82 21 42 27 71 96 41 11 49 15 55 ||31 |53 66 |75 |14 92 54 74 |87 |22 |8 |99 78 |38 |52 |88 |51 10 |1 |12 76 9 |30 |86 |
18786.4 469814
56 80 39 60 29 13 64 59 50 40 73 4 85 18 70 79 23 34 77 |84 89 6 37 19 69 95 45 17 32 35 90 5 63 82 21 42 27 71 96 41 11 49 15 55 16 |65 7 20 57 43 67 26 25 91 58 48 24 28 46 44 33 98 83 100 2 |47 93 68 97 72 94 36 62 81 3 ||31 |38 54 |99 |14 |86 92 |1 10 |75 |78 |51 |22 |76 |30 |52 |88 66 53 |61 |87 |9 |74 12 |8 |
20962.5 462225
65 77 97 23 93 68 17 45 32 5 63 82 21 42 27 71 96 41 11 49 |6 80 95 47 34 69 86 79 19 37 89 18 85 4 73 70 40 64 13 29 60 59 50 57 |35 43 67 26 39 56 7 25 91 58 48 24 28 46 44 33 2 16 |90 20 72 94 36 62 84 81 3 98 83 100 15 55 ||92 |8 |14 |75 |52 |53 66 51 |88 |74 54 |31 |1 |22 |76 |30 10 |87 12 |99 9 |61 |38 |78 
23050.3 460486

Time:1
Last Iter:10
Last Update:10
Tabu:0
Last Time1
3
31 46 20 81 84 62 36 94 72 80 65 97 15 98 83 100 55 |7 3 40 89 37 18 85 4 73 70 79 19 69 23 34 93 77 |28 95 47 45 68 17 32 35 90 5 63 82 21 42 27 71 96 41 11 49 |6 44 67 25 91 58 24 48 26 56 39 60 64 13 29 59 50 43 33 57 2 16 ||86 |78 53 |66 88 |22 |12 92 |1 |52 |61 |30 8 |38 87 |75 |9 99 10 |54 |51 74 |14 76 
19433.9 450974
89 84 43 33 44 46 58 91 25 24 48 26 7 56 39 60 29 13 64 59 50 57 74 |20 47 45 32 35 90 5 63 82 21 42 27 71 96 61 41 11 49 15 55 |6 67 17 97 65 80 72 36 94 62 81 3 98 83 100 2 16 |28 95 68 93 34 23 69 79 19 37 18 85 4 73 70 40 77 ||76 |66 |8 |22 |87 |86 |54 99 |1 |31 |75 |10 14 78 |30 12 92 |53 88 51 |38 |52 |9 
22419.3 450905
58 20 3 21 82 5 63 90 35 32 45 17 68 93 |28 47 62 84 81 94 72 80 65 97 42 27 71 96 41 11 49 15 76 55 |19 36 64 13 60 56 39 29 7 91 48 24 26 67 43 57 33 98 83 100 2 16 |95 25 46 44 59 50 40 73 4 85 18 89 6 37 70 79 69 23 34 77 ||66 |38 |61 10 |88 51 |52 |14 |1 |31 |53 92 |22 |75 |99 78 |30 |12 86 |54 74 |9 |8 |87 
22659.7 450120

Time:2
Last Iter:10
Last Update:8
Tabu:0
Last Time2
1
72 43 33 44 28 46 20 84 81 3 15 98 83 100 2 16 |62 57 64 39 7 25 91 58 24 48 26 67 60 29 13 59 50 77 |94 40 34 37 6 89 73 4 85 18 70 19 79 69 23 47 95 45 17 68 93 |56 36 80 65 97 90 32 35 5 63 82 21 42 27 71 96 41 11 49 55 ||86 |8 |92 74 |38 |9 1 |53 66 88 |10 30 |12 |54 |14 |87 51 |31 |61 |78 |22 |52 |75 |99 76 
18319 452942

Execution time: 19.346 seconds
