Time:1
Last Iter:10
Last Update:10
Tabu:0
Last Time1
10
25 60 10 78 89 20 94 64 54 50 27 |2 74 53 51 68 58 34 36 43 29 69 75 8 91 65 |95 24 45 90 98 72 81 96 28 15 76 5 31 88 62 |55 59 87 22 67 70 26 38 84 86 19 42 7 85 99 13 ||83 |100 ||18 |41 |63 3 37 |9 |56 |48 33 49 66 |12 14 97 52 |46 77 17 |79 30 |1 35 |61 71 93 |23 |32 |92 |47 40 21 6 |4 16 39 44 |82 80 11 73 57 
12723 265681
4 99 44 84 71 61 5 76 81 |60 7 22 67 26 15 28 96 90 52 2 40 47 66 50 27 |87 36 34 58 51 35 74 45 24 55 59 25 19 86 42 85 31 88 62 12 |33 10 20 30 94 29 75 8 53 13 ||89 |73 |3 |72 98 |93 17 |21 |95 |79 49 65 6 |46 39 63 82 80 |1 48 |41 11 |18 |92 70 38 77 |16 57 68 100 ||43 |97 32 56 |69 91 54 |9 83 37 |64 23 78 14 
13625 256516
75 25 59 55 24 45 74 48 51 53 13 |34 58 36 8 20 78 10 2 52 90 50 27 |29 76 87 18 92 67 5 88 31 85 42 99 |60 94 19 86 84 22 70 26 15 28 96 81 62 ||98 97 21 47 |64 30 79 |44 37 |38 7 |49 68 100 ||73 3 |56 |89 |43 91 66 |4 63 57 16 9 83 39 46 |35 |95 |93 |11 41 14 |33 |23 |82 71 77 |6 61 17 12 |40 32 |72 80 |1 65 54 |69 
15117.9 232474
59 47 20 78 10 60 2 90 98 50 27 |74 24 45 87 92 67 22 26 15 28 96 81 |55 94 8 75 29 36 34 58 51 53 99 13 |76 5 84 86 19 42 85 31 88 62 ||37 |89 30 23 64 |56 |61 |32 21 40 97 14 |16 57 39 77 |3 1 |69 |95 11 73 4 |12 66 79 |63 9 7 83 25 |52 |38 93 |48 68 91 6 |65 17 |80 41 35 |33 100 49 54 |44 70 |18 46 |72 43 |82 |71 
15763.5 211867
20 2 59 84 44 86 19 85 31 88 62 |74 55 24 45 42 99 |10 94 8 75 29 36 34 58 51 53 13 |60 90 96 28 22 87 67 26 15 76 5 81 50 27 ||47 54 |43 68 |32 78 |82 11 |56 |16 63 80 |30 89 23 |1 33 |77 |49 64 79 40 6 |39 38 17 61 |97 21 52 |46 37 9 57 |73 95 25 |65 100 35 3 |41 |91 48 4 |7 |93 70 |92 18 |69 66 |12 14 72 98 |71 83 
17215.6 208260
75 53 55 19 86 42 85 31 88 |29 20 8 36 34 58 51 74 24 45 99 13 |94 59 84 5 76 62 50 27 |60 10 2 90 87 67 22 26 15 28 96 81 ||17 |98 97 21 47 |64 30 79 |44 37 |38 71 7 12 |49 68 100 ||73 82 3 |56 32 |89 |66 |25 |1 |69 |63 57 16 9 83 39 46 4 |95 35 |93 |33 |11 41 14 |23 40 72 |80 6 |91 65 54 |70 18 77 61 |52 |48 |43 |78 |92 
18723.4 201146
29 2 60 10 20 94 8 36 34 58 51 53 13 |75 45 87 22 26 15 76 5 31 88 62 |74 67 84 86 19 42 85 99 |55 24 59 90 28 96 81 50 27 ||17 |98 97 21 47 |64 30 79 |44 37 |38 71 7 12 |49 68 100 ||73 82 3 |56 32 |89 |43 91 66 6 |4 63 57 16 9 83 39 46 |35 33 |95 |93 |11 41 14 |23 40 72 |80 65 |77 |92 70 |48 |78 52 |54 |61 |69 |25 |1 |18 |
21016.7 199570
90 2 20 94 66 50 27 |60 84 59 55 74 24 19 86 42 39 85 99 |10 1 29 8 36 34 58 51 53 13 |75 45 87 67 22 26 15 28 96 81 76 5 31 88 62 ||17 |98 97 21 47 |64 30 79 |44 37 |38 71 7 12 |49 68 100 ||73 82 3 |11 |41 |56 32 |65 |77 92 6 |89 14 |46 83 80 63 4 |57 16 9 54 |23 91 |25 61 |43 48 |33 35 |70 |78 52 |95 |93 |40 |69 |18 |72 
21061.7 199103
29 2 60 10 20 94 8 36 34 58 51 53 13 |75 45 87 22 26 15 76 5 31 88 62 |74 67 84 86 19 42 85 99 |55 24 59 90 28 96 81 50 27 ||17 |98 97 14 |64 30 |73 |44 37 |100 ||38 |82 |56 32 21 |3 |95 |43 91 66 |6 89 |4 47 79 |9 83 16 46 7 39 |63 |12 33 |49 |93 |11 41 |23 40 |72 |68 |80 35 |69 65 54 |70 18 77 61 |52 |57 |48 |71 |25 |1 |78 |92 |
22114.8 197455
29 2 60 10 20 94 8 36 34 58 51 53 13 |75 45 87 22 26 15 76 5 31 88 62 |74 67 84 86 19 42 85 99 |55 24 59 90 28 96 81 50 27 ||77 |98 97 14 |72 |11 73 |48 |69 |38 |54 65 66 |3 |56 |95 |33 100 ||80 |30 89 |17 |21 47 |79 |63 16 37 7 |46 12 |91 49 |23 6 |32 |4 9 |83 41 82 |64 |68 43 |93 |35 |52 |39 |92 70 |44 57 |78 |71 |61 |40 |25 |1 |18 |
23846.4 192119

Time:3
Last Iter:10
Last Update:10
Tabu:0
Last Time3
17
59 99 24 91 43 36 34 58 100 68 33 51 48 35 53 |25 45 29 69 75 8 94 64 65 13 |55 78 20 10 60 56 21 2 40 90 98 97 96 81 50 27 |74 87 28 15 26 67 22 93 84 86 19 42 85 76 5 31 88 62 ||17 |9 |46 71 83 7 16 63 6 14 |61 38 |3 80 41 |95 |92 18 |39 37 4 12 |72 47 49 54 |77 70 |52 |30 23 66 |82 73 44 |1 |89 |11 57 |79 32 
12941.1 268270
73 84 44 86 19 42 99 62 |52 75 8 94 79 20 47 54 50 27 |87 10 60 2 90 96 81 28 15 26 70 67 22 77 76 5 88 31 85 57 13 |29 59 45 24 55 11 74 51 36 34 58 53 ||56 |25 |93 |32 |98 17 |71 83 7 16 63 6 14 |61 38 |3 80 41 |95 |92 18 |39 37 4 12 |48 1 100 ||21 78 72 |33 35 |66 65 64 30 |68 |82 9 46 |97 40 89 |23 91 |43 69 49 
14065.9 258878
43 33 38 87 22 67 26 15 28 96 76 5 |60 90 10 20 94 8 75 29 36 34 58 51 53 13 |2 59 74 55 24 45 99 81 50 27 |84 19 86 42 85 31 88 62 ||1 |65 54 49 66 47 40 |37 |4 3 11 |12 72 21 32 |18 92 70 |69 |100 ||9 71 61 98 |82 68 |52 56 |91 |30 89 78 14 |97 17 77 39 |16 57 73 63 80 |35 83 |44 93 |46 7 25 95 |6 79 23 64 |48 41 
15041.6 228418
55 94 20 89 10 60 2 90 28 96 81 50 27 |75 74 24 59 84 19 86 42 7 85 99 |29 95 45 87 67 22 26 15 76 5 31 88 62 |8 36 34 58 51 53 13 ||4 14 |71 37 |25 16 39 46 |97 32 98 |91 1 |11 41 |61 77 |49 23 |30 |43 69 |52 56 |83 9 57 73 82 |79 78 |66 |44 93 38 |70 92 |6 12 72 47 40 21 |54 65 64 |63 35 48 |3 80 100 68 |33 |18 17 
15153.4 206840
55 94 20 89 10 60 2 90 28 96 81 50 27 |75 74 24 59 84 19 86 42 39 85 99 |29 95 45 87 67 22 26 15 76 5 31 88 62 |8 36 34 58 51 53 13 ||4 |93 |71 |25 16 7 83 61 14 |66 30 |91 1 |11 41 |77 |49 23 97 |98 52 56 |43 69 |57 |44 |46 9 |73 82 |79 78 |32 |37 |70 92 38 |6 12 72 47 40 21 |54 65 64 |63 35 48 |3 80 100 68 |33 |18 17 
15998.9 205537
35 41 55 24 45 99 |60 8 75 29 34 36 58 51 53 13 |74 94 20 10 2 90 15 28 96 81 50 27 |87 59 85 42 19 86 84 22 67 26 76 5 31 88 62 ||44 73 82 |1 68 |21 98 |3 4 |100 ||56 78 |11 80 12 |54 43 |52 |48 |16 6 |93 |40 |25 37 95 |69 |18 92 70 |72 97 32 |66 49 64 |47 79 65 |9 38 14 |7 63 46 39 |30 89 23 |71 83 57 77 61 |33 91 |17 
17170.3 205530
29 84 87 67 22 26 15 28 96 81 |59 53 51 74 55 24 45 19 86 42 85 31 99 13 |10 2 90 76 5 88 62 |60 58 34 36 75 8 94 20 50 27 ||6 |44 |98 49 |33 68 |41 3 48 |83 71 |79 47 |61 17 77 |89 |70 92 |9 73 |64 1 |46 |32 21 |11 80 82 |66 |40 54 |65 56 |16 |95 |72 91 |25 93 |69 43 |38 18 |100 35 4 63 |57 12 14 |23 30 97 |37 7 39 |78 52 |
18111.6 199535
87 90 2 60 10 20 94 50 27 |74 55 67 22 26 15 28 96 81 |76 5 84 86 19 42 85 31 88 62 |59 8 75 29 34 36 58 51 53 24 45 99 13 ||39 |92 |72 61 71 57 |64 100 ||25 95 80 82 |54 30 |97 98 40 56 |93 |18 |69 |33 35 |41 3 63 6 |44 38 77 12 |48 65 66 49 |91 23 14 |7 83 16 37 |79 78 47 |17 21 |43 |46 |32 |11 |73 |4 |9 |68 1 |52 |70 |89 
19711.2 199444
76 5 84 86 19 42 85 31 88 62 |59 8 75 29 34 36 58 51 53 45 99 13 |24 94 20 10 60 2 90 50 27 |55 74 87 67 22 26 15 28 96 81 ||65 |14 |21 71 |52 98 |23 |43 91 |56 |35 |69 |89 |47 |32 |48 3 49 |80 16 12 |6 |61 93 |40 |37 95 25 |18 |68 7 83 |57 9 54 |33 63 |79 97 |64 72 4 |44 82 73 |100 ||78 30 |92 38 |77 70 17 |46 |1 |11 |39 |41 |66 |
20293.8 194429
76 5 84 86 19 42 85 31 88 62 |59 8 75 29 34 36 58 51 53 45 99 13 |24 94 20 10 60 2 90 50 27 |55 74 87 67 22 26 15 28 96 81 ||56 |12 |1 |93 71 39 |52 |57 80 |64 63 |41 3 |83 9 |79 47 23 |17 |21 89 |77 |48 |38 16 6 |61 |40 |25 37 95 |69 |18 92 70 |72 97 32 |65 |30 91 |43 4 |73 100 ||82 |14 46 |33 |68 49 |98 7 |44 |78 |35 |66 |54 |11 |
20772.7 193031
76 5 84 86 19 42 85 31 88 62 |59 8 75 29 34 36 58 51 53 45 99 13 |24 94 20 10 60 2 90 50 27 |55 74 87 67 22 26 15 28 96 81 ||56 |91 |93 71 7 |54 64 23 30 65 |83 16 |72 12 14 4 |43 |100 ||32 79 |17 97 47 |25 |49 |33 |46 |11 |66 |21 |6 |57 73 82 |39 |37 3 |9 |52 |98 77 |78 |48 80 |69 |18 |63 |95 |68 61 |70 92 |1 |35 |44 |41 |40 |89 |38 
21368.1 191224
76 5 84 86 19 42 85 31 88 62 |59 8 75 29 34 36 58 51 53 45 99 13 |24 94 20 10 60 2 90 50 27 |55 74 87 67 22 26 15 28 96 81 ||56 |91 |71 7 |54 64 23 30 |83 16 |72 14 12 9 |89 47 |41 3 |32 79 66 |82 37 |25 |21 |17 |80 |6 |100 49 |69 65 |78 |40 |11 |38 |1 |4 |93 |73 39 |98 |57 |33 63 |95 |97 52 |68 61 |77 |70 |46 |43 |35 48 |44 |92 18 |
22126.2 189866
76 5 84 86 19 42 85 31 88 62 |59 8 75 29 34 36 58 51 53 45 99 13 |24 94 20 10 60 2 90 50 27 |55 74 87 67 22 26 15 28 96 81 ||56 |12 |1 |93 71 7 |54 64 65 |72 14 |23 |91 35 |17 |18 |43 48 |83 16 |30 |78 |47 100 ||69 |25 |21 |46 |32 |11 80 82 |66 |79 |37 73 |39 |98 4 57 |3 63 |33 |95 9 |52 77 61 |70 92 |68 |97 |6 |49 |44 |41 |40 |89 |38 
22774.9 187349
76 5 84 86 19 42 85 31 88 62 |59 8 75 29 34 36 58 51 53 45 99 13 |24 94 20 10 60 2 90 50 27 |55 74 87 67 22 26 15 28 96 81 ||56 |12 |1 |93 7 71 |64 54 65 |16 72 14 |18 17 |23 |37 83 |69 91 |78 47 |30 |48 |43 100 ||25 |21 |46 |66 |32 |11 80 82 73 |39 |98 |4 57 |33 63 |9 95 |3 |52 61 |92 77 |68 97 |70 |6 |79 49 |44 |41 35 |40 |89 |38 
23557.6 186917
76 5 84 86 19 42 85 31 88 62 |59 8 75 29 34 36 58 51 53 45 99 13 |24 94 20 10 60 2 90 50 27 |55 74 87 67 22 26 15 28 96 81 ||56 |12 |93 71 7 |54 |65 |83 16 |30 72 14 |79 47 |18 17 |66 |21 23 |37 |48 |69 |100 ||25 |78 |46 |32 |64 |11 80 82 |91 |73 |39 |98 4 57 |3 63 |33 |95 9 |52 77 61 |70 92 |43 68 |97 |1 6 |35 49 |44 |41 |40 |89 |38 
24481.3 186099
76 5 84 86 19 42 85 31 88 62 |59 8 75 29 34 36 58 51 53 45 99 13 |24 94 20 10 60 2 90 50 27 |55 74 87 67 22 26 15 28 96 81 ||30 |7 |37 |41 83 16 |71 |12 |25 |21 |89 47 |17 |23 |80 |72 6 |100 49 |69 65 |78 |40 64 |11 |38 14 |1 |18 46 |43 91 66 |32 |73 39 |98 |4 57 |33 63 |3 |9 |52 61 |54 97 |70 44 |56 |77 |82 |48 |79 |68 |35 |93 92 |95 |
25009.3 185889
76 5 84 86 19 42 85 31 88 62 |59 8 75 29 34 36 58 51 53 45 99 13 |24 94 20 10 60 2 90 50 27 |55 74 87 67 22 26 15 28 96 81 ||66 |12 |46 71 |32 |16 7 |82 |25 |23 |35 |17 |18 |43 48 |80 |72 6 |100 49 |69 65 |78 |40 64 |11 |38 14 |1 |56 54 |91 |4 |93 |98 |73 39 |37 |83 57 |33 63 |3 95 9 |52 |68 61 |70 92 77 |97 |30 |79 47 |44 |41 |89 |21 
26335.2 185602

Time:2
Last Iter:10
Last Update:10
Tabu:0
Last Time2
17
2 60 10 52 15 76 38 67 86 42 99 24 74 8 |5 61 77 70 84 44 19 59 55 58 29 75 20 |12 62 13 31 85 39 7 95 3 36 94 96 28 26 22 87 |72 50 27 81 90 89 30 34 51 53 45 11 88 ||6 14 4 82 16 |49 43 |25 |69 |33 |64 23 78 |83 35 |68 1 |32 |17 92 |54 65 91 100 ||97 21 56 |79 |18 |47 40 98 66 |9 57 73 63 80 |46 71 93 |48 41 |37 |
14388.4 504757
93 67 26 97 52 32 10 94 50 99 45 59 84 |47 40 2 56 60 78 23 75 29 51 11 55 19 86 76 81 96 |5 77 88 31 42 95 58 34 20 90 28 22 87 |6 27 62 13 53 35 74 24 85 15 8 36 ||92 70 61 12 |4 82 80 48 |54 64 30 |69 |25 |33 100 49 14 |72 98 71 39 83 |16 73 37 |41 |46 7 9 63 3 |66 79 89 |1 43 |21 |18 |65 91 68 |57 44 38 |17 |
14426.9 483512
28 17 26 38 86 31 99 81 53 51 74 |45 55 59 9 39 85 93 67 92 87 90 60 10 36 58 |91 75 100 35 24 25 84 22 15 5 62 27 13 94 |48 68 34 29 8 20 2 96 76 88 42 19 50 ||3 73 71 |54 65 49 64 79 |21 32 |41 |69 |82 80 33 6 |12 14 72 98 52 |23 89 |1 43 |70 18 |63 11 |46 83 |47 78 |56 |4 57 16 7 44 |66 30 40 |61 77 97 |37 95 |
14784.8 439241
60 43 91 74 55 24 45 63 99 19 86 42 85 31 88 |21 59 44 38 22 18 67 26 17 15 28 96 81 76 5 62 27 |87 29 75 8 36 34 1 58 68 51 3 53 13 |84 94 90 2 10 89 20 79 66 65 50 ||97 52 |47 56 |78 23 |35 11 |92 70 61 |4 82 80 48 |64 30 |69 |33 100 49 |72 71 39 |37 |41 |95 25 83 6 |98 32 |77 93 |12 14 54 40 |16 73 46 7 9 57 
15255.4 252923
8 53 22 26 15 28 96 5 31 88 |55 36 51 45 24 59 93 67 70 76 81 62 |74 92 87 84 86 19 42 85 99 13 |58 34 29 75 94 20 10 60 2 90 50 27 ||39 6 47 |33 61 |49 7 83 |23 30 66 65 |9 38 77 |40 21 32 |68 1 |78 |80 82 3 35 12 |97 89 |100 46 |95 41 11 |44 4 63 |48 91 |43 |57 73 37 |17 |54 64 |69 |52 |18 |72 98 56 14 |71 16 25 |79 
16507.2 236408
60 10 29 75 43 8 94 50 27 |34 2 76 5 38 87 22 67 26 15 28 90 96 81 |20 58 36 51 74 55 59 25 84 86 19 31 88 62 |53 82 24 45 83 42 85 99 13 ||23 49 65 |66 77 |41 11 63 |40 17 |79 30 78 |73 68 |97 52 |91 69 |93 70 |1 33 35 |57 4 3 |80 44 |89 |100 48 54 |72 56 |71 37 95 |92 18 |39 7 16 46 61 14 |21 98 47 6 12 |32 |9 64 
17077.3 226128
69 10 94 75 8 36 34 58 51 53 |29 67 84 44 59 55 74 24 45 82 13 |33 60 2 90 26 15 96 81 62 50 27 |20 28 87 22 76 5 88 31 85 86 19 42 7 99 ||46 |98 97 72 40 |68 100 43 |61 71 83 16 63 |47 89 30 |25 41 |38 93 77 6 |56 |18 |21 32 52 |78 66 |95 35 48 |23 |1 |92 |11 |80 3 4 |54 64 91 |9 39 37 |79 14 12 |65 49 |70 |57 73 |17 |
17262.4 219450
60 94 10 20 2 90 81 76 5 99 42 85 31 88 62 |58 36 75 8 50 27 |29 59 19 86 84 87 22 67 26 15 28 96 |55 34 51 74 24 45 53 13 ||1 48 3 |92 93 |38 44 83 |43 68 |71 80 |9 63 41 |79 |6 54 49 30 |73 25 82 |37 11 |18 |100 33 |78 |32 56 40 72 |61 7 14 |70 77 |69 |66 91 12 |21 47 |46 39 16 95 57 |89 |23 |65 4 35 |97 98 52 17 |64 |
18349 212371
58 34 36 51 53 13 |29 75 74 55 24 45 19 86 42 99 50 27 |8 84 87 67 22 26 15 76 5 85 31 88 62 |59 94 20 10 60 2 90 28 96 81 ||7 |52 |32 |21 |17 70 |71 93 83 61 |43 69 91 |44 25 82 6 |30 64 14 |3 11 |37 |23 |63 73 |33 1 |78 |18 |100 ||56 40 72 |79 47 54 12 |65 49 68 48 |38 77 9 39 |95 |35 |92 |80 |46 |16 57 |89 |66 |4 |97 98 |41 |
18994.4 193885
58 34 36 51 53 13 |29 75 74 55 24 45 19 86 42 99 50 27 |8 84 87 67 22 26 15 76 5 85 31 88 62 |59 94 20 10 60 2 90 28 96 81 ||100 1 |93 38 |9 63 80 |48 68 3 |44 |82 |41 |30 |91 |43 |64 73 |83 71 37 6 |25 |92 18 |54 66 |78 61 |56 21 40 97 |49 79 23 |32 52 |72 47 |14 |89 |17 39 |69 |57 16 |35 |7 12 |95 |98 |33 4 |65 46 |77 |11 |70 |
19222 192159
58 34 36 51 53 13 |29 75 74 55 24 45 19 86 42 99 50 27 |8 84 87 67 22 26 15 76 5 85 31 88 62 |59 94 20 10 60 2 90 28 96 81 ||100 1 |93 38 |9 63 80 |48 68 3 |44 |82 |41 |79 30 |91 |43 |73 6 |83 71 37 |25 |92 14 |98 64 |61 |54 66 |33 |97 |47 |78 |32 52 |40 56 |69 12 |65 35 4 |49 |23 |39 17 77 |72 |21 |16 57 7 |95 46 |89 |11 |70 18 |
19534.5 192099
58 34 36 51 53 13 |29 75 74 55 24 45 19 86 42 99 50 27 |8 84 87 67 22 26 15 76 5 85 31 88 62 |59 94 20 10 60 2 90 28 96 81 ||1 |38 |80 |3 63 |44 82 |47 66 72 |41 |56 |9 46 |43 91 |73 |93 71 |32 |68 100 ||25 |92 18 |54 |40 78 |23 61 |49 |48 35 |37 |52 |7 83 4 |14 |12 57 |79 |64 |39 17 |98 |69 |16 |6 30 97 |33 65 |21 |89 |11 95 |70 77 |
20108.6 190191
58 34 36 51 53 13 |29 75 74 55 24 45 19 86 42 99 50 27 |8 84 87 67 22 26 15 76 5 85 31 88 62 |59 94 20 10 60 2 90 28 96 81 ||93 |38 9 |44 61 |3 |23 21 |17 |48 |41 |79 30 |91 |52 6 |37 25 73 83 |43 49 |71 |18 92 |54 66 |78 40 |33 4 63 |100 68 |97 |1 |47 56 |82 |32 72 |57 |80 |64 |39 |69 |35 |98 |16 |12 14 |46 7 |95 |89 |65 77 |70 |11 |
20749.5 187464
58 34 36 51 53 13 |29 75 74 55 24 45 19 86 42 99 50 27 |8 84 87 67 22 26 15 76 5 85 31 88 62 |59 94 20 10 60 2 90 28 96 81 ||100 1 |93 38 |9 |80 |68 |44 |82 |3 63 |48 79 |30 |91 |43 |37 73 6 |71 83 |49 |25 |18 92 |54 66 |78 61 |56 21 97 |47 |33 |32 52 |40 98 |69 12 |65 35 4 |41 |23 |39 17 77 |72 |64 |16 57 7 |95 46 |89 |11 |70 14 |
22704.7 187208
58 34 36 51 53 13 |29 75 74 55 24 45 19 86 42 99 50 27 |8 84 87 67 22 26 15 76 5 85 31 88 62 |59 94 20 10 60 2 90 28 96 81 ||93 |38 12 |9 |44 77 61 |3 |23 |17 |43 |41 |79 30 |91 |71 |52 6 |37 83 73 |49 |25 |18 92 |54 66 |78 40 21 |33 4 63 |100 68 |97 |1 |56 |57 82 |32 |72 |80 48 |64 |39 |69 |35 |98 |16 |14 |47 7 |95 |89 |65 46 |70 |11 |
23598 187077
58 34 36 51 53 13 |29 75 74 55 24 45 19 86 42 99 50 27 |8 84 87 67 22 26 15 76 5 85 31 88 62 |59 94 20 10 60 2 90 28 96 81 ||12 63 |80 9 |65 |44 77 |23 |3 |38 17 |69 |41 |79 30 |91 |43 |37 73 6 |71 83 |68 |25 |18 92 |4 54 |21 |49 66 |78 97 |40 |56 |33 |32 |52 72 47 |1 100 ||93 |57 82 |64 |39 |48 |35 |98 |16 |14 |95 7 46 |89 61 |11 |70 |
24066.7 186667
58 34 36 51 53 13 |29 75 74 55 24 45 19 86 42 99 50 27 |8 84 87 67 22 26 15 76 5 85 31 88 62 |59 94 20 10 60 2 90 28 96 81 ||1 100 ||93 38 |9 63 80 |48 68 3 |44 |82 |41 |30 |91 |43 |37 73 6 |71 83 |64 |25 |18 61 |49 79 54 |95 |33 |21 |40 66 |78 97 |56 |92 |23 |32 52 |72 47 |14 |89 |17 39 |69 |57 16 |35 |7 12 |98 |46 4 |65 |77 |11 |70 |
30398.8 186183

Time:2
Last Iter:10
Last Update:10
Tabu:0
Last Time2
9
55 56 52 97 98 62 48 51 94 30 |59 19 86 20 10 60 32 2 50 27 |11 84 45 24 74 53 58 36 29 75 43 8 |34 90 92 87 67 22 26 15 28 96 81 76 5 88 31 46 85 42 99 13 ||82 77 |54 79 23 64 66 |16 73 37 |3 41 |100 33 |61 14 49 |57 39 44 25 |40 |38 70 |18 |6 12 72 47 21 |63 80 9 7 83 |1 |17 |93 71 4 |65 91 68 |35 95 |69 |78 89 
14505.5 289878
65 48 10 89 20 30 94 50 27 |67 19 8 29 36 34 1 58 51 53 13 |87 60 2 21 90 96 28 15 26 76 5 81 88 62 |75 22 84 59 55 74 24 45 86 42 85 31 99 ||82 |3 33 100 ||49 54 64 91 |18 93 |6 12 61 38 |16 83 63 80 |95 |78 98 |43 69 |68 35 4 14 |66 23 47 40 |9 7 46 77 17 |73 25 |70 92 |41 11 57 |79 32 |72 |37 |97 52 56 |39 71 44 
15275 240894
20 74 45 24 59 13 86 19 42 85 31 88 |94 87 22 26 76 15 28 96 81 |67 90 10 60 2 50 84 27 |55 29 75 8 36 34 58 51 53 99 5 62 ||3 68 |82 95 25 |9 |14 63 41 |39 44 73 |65 64 79 61 |80 11 37 |100 43 91 |69 |71 |46 |78 89 30 6 |12 4 16 83 |40 32 |7 93 |97 72 47 23 |21 56 |54 57 |18 17 |70 38 |33 35 48 |66 49 98 |1 |52 77 |92 |
15835.7 240841
59 24 45 99 85 42 19 86 84 93 5 50 27 |22 87 67 70 26 15 76 31 88 62 |55 74 53 51 58 36 29 75 8 91 13 |34 94 20 10 60 2 21 90 28 96 81 ||7 72 |39 44 73 |65 64 23 79 |80 11 |100 43 |69 |78 89 30 6 |12 4 16 83 46 |40 56 97 98 |37 77 |3 41 82 |33 1 48 |52 32 66 |38 92 |54 |61 14 49 |25 |18 |47 |9 71 57 |95 35 |68 63 |17 
15850.1 233027
60 29 75 8 91 36 34 58 68 51 53 13 |26 94 20 10 2 90 96 28 15 76 81 50 27 |3 74 55 24 45 99 |59 87 67 22 84 86 19 42 85 31 5 88 62 ||82 95 25 57 9 |14 63 41 |39 44 73 7 |65 64 23 79 |80 11 37 |100 43 |69 |71 61 |78 89 30 6 |12 4 16 83 46 |40 32 |93 |21 56 47 |54 97 |17 70 38 |18 |98 52 72 66 |49 48 35 |77 92 |33 1 
16039.3 209888
29 99 74 45 24 55 59 84 86 19 42 85 31 88 |60 53 51 58 34 36 75 8 13 |20 10 2 96 81 76 5 62 |94 87 67 22 26 15 28 90 50 27 ||92 |12 57 |56 |33 |11 |98 79 |1 |47 7 |72 64 40 |77 17 |44 |69 6 |95 41 16 |70 46 61 |78 89 30 |71 |93 83 39 4 |14 38 97 |9 68 48 |73 65 54 49 66 |23 43 91 |52 32 21 |82 25 37 63 |80 3 35 |100 ||18 |
18294.3 204610
34 59 74 55 24 45 84 86 19 42 85 31 88 62 |29 90 22 87 67 26 15 28 96 76 5 81 |2 75 8 36 58 51 53 99 13 |60 10 20 94 50 27 ||3 |82 95 |25 73 |92 18 |38 77 17 |16 57 83 39 71 14 |65 49 23 91 |44 |68 33 35 |78 89 |32 |93 |43 |70 46 7 6 |11 |54 61 72 12 |21 56 |52 |100 63 |41 9 |66 |97 98 40 |48 37 |80 4 |64 30 47 79 |1 |69 |
19719.7 197825
34 59 74 55 24 45 84 86 19 42 85 31 88 62 |29 90 22 87 67 26 15 28 96 76 5 81 |2 75 8 36 58 51 53 99 13 |60 10 20 94 50 27 ||3 |25 95 |73 |17 93 |38 77 |16 83 |71 14 |65 49 |52 |18 92 |57 |43 |23 |91 33 |32 |78 89 |70 39 7 6 |46 68 |35 |61 12 |21 56 72 |100 54 |11 |40 63 |82 |41 9 |66 |97 98 |48 |37 |44 |80 4 |64 30 47 79 |69 |1 |
20778.3 189381
34 59 74 55 24 45 84 86 19 42 85 31 88 62 |29 90 22 87 67 26 15 28 96 76 5 81 |2 75 8 36 58 51 53 99 13 |60 10 20 94 50 27 ||7 |3 |100 ||82 83 4 |73 38 |33 |32 |93 |92 |56 |91 23 |78 89 |57 |17 |18 70 |46 |54 12 |68 65 72 |16 |71 |95 41 |35 14 6 |11 |9 |49 |63 |39 66 |77 |98 |80 61 |44 97 |40 21 |37 48 |52 |43 |25 |30 64 |79 |47 |69 |1 |
25838.5 188955

Time:2
Last Iter:10
Last Update:10
Tabu:0
Last Time2
13
91 29 34 58 33 35 74 41 99 19 27 90 |68 51 3 80 45 24 11 59 5 96 2 10 94 75 |39 42 16 13 53 55 100 36 8 50 76 26 22 67 87 |49 23 20 56 60 98 28 15 81 62 88 31 85 86 84 ||63 82 95 7 12 6 |71 38 93 |79 30 40 |52 |14 61 4 57 73 |25 37 |21 32 |69 |17 77 |66 65 47 |1 43 |78 89 |92 |54 64 72 97 |48 9 83 46 |44 70 |18 |
13963.9 440309
22 10 8 75 29 36 34 58 |86 2 85 39 42 19 44 84 38 77 26 15 28 96 90 81 50 27 |87 60 20 94 64 53 3 99 31 88 5 76 62 6 |67 59 48 100 1 51 74 55 80 82 24 45 13 ||83 63 |78 47 79 66 |91 69 |92 97 |11 73 9 |54 89 |71 17 |35 |32 40 |30 |18 70 |4 57 16 |68 |93 |98 52 56 |12 46 7 25 37 |65 49 23 |95 41 |33 |43 |14 72 21 61 
14076.2 272324
6 51 90 2 60 10 78 89 20 94 66 50 27 |75 15 26 87 18 67 22 38 84 86 19 83 42 99 13 |69 59 55 24 45 85 31 88 5 76 28 96 81 62 12 |29 74 53 58 34 36 91 8 64 65 ||21 56 |100 68 |43 1 |3 80 11 41 |93 70 |32 |4 16 |33 48 35 |95 |82 77 |71 |79 30 |61 97 98 40 |49 23 |57 44 |52 |92 |37 25 7 39 46 9 14 |54 63 73 |17 72 47 
15105.8 244884
84 22 26 15 28 2 89 94 54 |87 29 74 45 24 55 95 59 19 86 9 42 85 31 88 5 77 76 81 62 6 |67 8 75 36 34 58 51 53 99 13 |96 90 32 60 10 20 50 27 ||93 17 |11 57 |35 |68 |40 98 52 |21 97 |64 43 100 ||48 16 7 39 |37 |18 |73 25 44 71 61 |49 |47 |41 3 |33 |38 70 92 |56 78 72 14 |4 63 80 83 46 |65 82 |91 69 |23 30 |12 |1 66 |79 
15944.2 237092
2 29 75 8 36 34 58 51 53 13 |60 94 20 90 96 28 15 76 5 81 50 27 |10 26 87 67 22 84 42 85 31 88 62 |69 74 45 24 55 59 19 86 99 ||11 |35 |30 |73 |70 92 |66 89 78 |91 |16 |1 68 |32 |47 79 |56 |98 54 |63 57 9 80 4 |17 52 |18 71 |83 82 |93 |40 97 |12 46 7 25 37 |65 49 23 |95 41 |33 |43 |14 72 21 61 |39 44 38 77 |64 3 6 |48 100 
16473.3 207465
2 29 75 8 36 34 58 51 53 13 |60 94 20 90 96 28 15 76 5 81 50 27 |10 26 87 67 22 84 42 85 31 88 62 |69 74 45 24 55 59 19 86 99 ||11 |35 |30 |73 |70 |66 89 78 |91 49 |16 |1 68 |32 |47 79 |56 |98 54 |63 57 9 80 4 |17 52 |18 71 |83 82 |93 |40 97 |12 46 7 25 37 |65 23 |95 41 |33 |43 |92 |14 72 21 61 |39 44 38 77 |64 3 6 |48 100 
17275.2 206507
75 29 2 8 36 34 58 51 53 13 |60 94 20 90 96 28 15 76 5 81 50 27 |10 26 87 67 22 84 42 85 31 88 62 |74 45 24 55 59 19 86 99 ||80 |21 |35 3 |30 |73 95 25 |66 89 78 |61 71 |57 |1 68 |18 |17 72 |77 38 9 |56 32 52 |100 48 63 |23 |37 4 |16 46 97 |93 12 |79 |83 |11 82 |39 7 |91 |92 |43 65 64 |40 98 14 6 |47 54 49 |41 |44 70 |69 |33 |
18486.8 199863
69 74 11 55 59 24 45 99 |2 29 75 8 36 34 58 51 53 13 |60 94 20 90 96 28 15 76 5 81 50 27 |10 26 87 67 22 84 86 19 42 85 31 88 62 ||80 |21 |35 3 |30 |73 95 25 |89 78 |93 71 |57 |54 68 |18 77 |1 72 |64 98 |61 38 |49 |56 32 52 |100 48 63 |23 |82 |70 |14 |16 |40 |12 46 7 |37 |79 65 |41 83 |33 |43 |4 |17 6 |97 66 |39 44 9 |47 91 |92 
18596.1 195765
59 55 74 24 45 |99 84 86 19 83 42 85 31 88 62 |87 60 90 96 28 67 22 26 15 76 5 81 50 27 |29 2 10 20 94 75 8 36 34 58 51 53 13 ||41 14 |48 35 |92 70 |21 |71 46 3 |33 |4 7 |43 |18 |17 72 |77 38 9 |56 |11 63 6 12 |54 66 30 65 |80 82 73 25 |78 |1 |57 16 37 39 |97 98 40 47 79 |23 |68 100 ||91 |61 52 |69 49 |95 |64 |32 |93 44 |89 |
18891.2 195242
59 74 55 24 45 99 |2 29 75 8 36 34 58 51 53 13 |60 94 20 90 96 28 15 76 5 81 50 27 |10 26 87 67 22 84 86 19 42 85 31 88 62 ||46 |83 |44 |21 97 98 |64 43 100 ||48 16 7 39 |37 |70 |52 |18 |17 72 |77 38 9 |56 |11 63 6 12 |54 66 30 65 |80 82 73 25 |78 |1 33 3 |93 |4 57 |40 47 79 |23 89 |35 68 |91 14 61 |69 49 |95 41 |32 |92 |71 |
19265.5 192462
59 55 74 24 45 |99 84 86 19 83 42 85 31 88 62 |87 60 90 96 28 67 22 26 15 76 5 81 50 27 |29 2 10 20 94 75 8 36 34 58 51 53 13 ||21 |35 3 |30 |73 95 25 |66 89 78 |61 71 |57 |1 68 |18 |17 72 |77 38 9 |56 32 52 |100 48 63 |23 |37 4 14 |98 6 54 |93 12 |79 64 65 |11 82 |47 7 |91 |43 33 |70 46 16 |92 39 |41 80 |97 40 |69 49 |44 |
19383.5 190317
59 74 55 24 45 99 |2 29 75 8 36 34 58 51 53 13 |60 94 20 90 96 28 15 76 5 81 50 27 |10 26 87 67 22 84 86 19 42 85 31 88 62 ||80 |21 |35 3 |30 |73 95 25 |89 78 |93 71 |57 |54 68 |18 77 |1 72 |64 98 |61 38 |49 |56 32 52 |100 48 63 |23 |37 4 14 12 |69 91 |92 |7 82 |97 39 16 83 |47 79 |43 65 66 |70 17 |41 |44 46 |33 9 6 |11 |40 |
19883.6 188852
59 74 55 24 45 99 |2 29 75 8 36 34 58 51 53 13 |60 94 20 90 96 28 15 76 5 81 50 27 |10 26 87 67 22 84 86 19 42 85 31 88 62 ||46 |83 |44 |21 97 |64 43 100 ||48 16 7 39 |37 3 |52 |71 |25 |17 72 |77 38 9 |56 32 |23 78 |80 |73 |33 61 |18 |1 4 |30 6 |93 12 |79 98 |11 82 |47 66 54 |91 |40 |49 |35 68 |63 14 65 |69 |95 41 |89 |57 |92 |70 |
21302.9 187245

Time:2
Last Iter:10
Last Update:10
Tabu:0
Last Time2
13
25 81 84 19 86 42 85 31 62 88 5 76 26 15 28 96 90 98 97 72 27 |59 22 60 40 2 10 89 20 30 94 79 50 |67 43 48 74 55 24 45 99 13 |87 8 75 69 29 34 36 58 51 53 ||93 6 |32 78 |16 57 39 71 38 |37 |56 |91 65 54 64 |61 46 7 9 83 |47 68 |82 80 |21 52 77 12 |14 63 73 95 |44 |41 11 |92 |33 100 1 |66 49 23 |3 35 4 |18 70 17 
12491.2 256822
26 53 51 58 36 34 29 69 75 8 94 50 |17 92 87 67 22 5 85 31 88 62 13 |15 66 20 89 10 60 2 90 28 96 81 27 |84 76 45 24 74 11 55 95 59 37 19 86 83 42 7 9 99 ||91 33 |21 56 |78 |70 18 38 |32 77 |46 39 25 |54 65 49 23 79 |30 |1 |71 44 57 73 63 |64 43 100 ||3 41 |48 |52 |61 4 |16 82 80 6 |14 |93 |35 68 12 |97 98 40 47 72 
13586.2 252536
29 58 34 36 75 8 10 47 64 50 27 |67 22 51 45 24 74 53 99 81 |55 20 60 2 90 96 28 26 15 76 5 62 |94 87 59 84 86 19 42 85 31 88 13 ||78 89 |97 |11 95 80 |100 68 48 35 |69 91 65 |6 66 79 |71 73 82 |3 1 |41 |43 33 |32 |17 70 38 |44 83 61 77 |7 4 14 |52 |18 |54 49 72 |46 37 |93 |21 40 98 |23 30 |57 25 |56 |92 |39 9 16 63 12 
15907.8 236495
60 74 53 51 58 36 34 29 75 8 94 50 27 |10 2 90 76 22 84 86 19 99 |81 96 28 15 26 67 85 42 13 |87 20 45 24 55 59 31 88 5 62 ||18 |46 77 |32 40 12 |39 7 83 25 37 |48 68 |80 82 3 4 16 |14 66 65 97 |98 52 17 |38 92 |41 11 |47 79 49 54 6 |61 72 64 23 |44 95 63 |78 89 30 |57 100 ||91 43 69 |56 21 |70 71 |73 33 |93 |35 |9 |1 |
16126.8 231953
87 20 8 91 33 51 53 13 |67 10 21 56 2 90 26 15 28 96 81 76 5 62 |94 55 99 74 45 24 59 84 19 86 42 85 31 88 |22 60 6 75 29 34 58 36 50 27 ||4 |78 |70 18 38 |32 |71 46 39 |54 65 49 23 79 |30 |52 |69 43 |1 |37 25 57 73 |93 |63 41 48 |77 |35 |44 83 16 |89 |3 11 |80 68 |64 |100 ||12 72 7 9 14 |95 82 |97 98 40 47 |17 92 |66 61 |
16166.2 228951
60 84 85 42 86 19 59 74 55 24 45 99 |87 2 90 81 96 28 22 67 26 15 76 5 31 88 62 |75 8 94 20 50 27 |10 29 36 34 58 51 53 13 ||78 |70 18 38 6 |32 |71 46 39 |54 65 49 23 79 |30 |52 |69 43 |1 |37 25 57 73 |93 |63 41 48 |77 |35 |44 83 16 |89 |3 11 |80 68 |64 |100 ||12 72 7 9 14 |95 82 |97 98 40 47 |17 92 61 |56 21 |33 91 |66 4 
16750.4 204963
21 10 60 56 2 50 27 |20 90 55 59 19 86 42 85 31 99 |75 84 67 22 26 15 28 96 81 76 5 88 62 |87 94 29 8 36 34 58 51 74 24 45 53 13 ||4 |78 |70 18 38 6 |32 |71 46 39 |65 49 23 79 |30 |52 |69 43 |64 1 |37 25 57 73 |93 |33 |77 |72 |7 |89 |63 54 |82 48 35 |44 83 |41 |100 ||3 11 16 |68 |9 14 |95 |92 |47 98 40 |17 97 |66 61 |91 |80 12 
17647.6 197883
90 96 28 15 26 76 5 81 62 |67 55 59 84 19 86 42 85 31 88 99 |22 29 75 8 36 34 58 51 74 24 45 53 13 |87 2 60 10 20 94 50 27 ||4 |78 |70 18 38 6 |32 |71 46 39 |79 65 |91 |30 |100 ||69 43 |95 |37 7 57 73 |89 |63 82 12 |66 |54 49 23 |25 93 |1 48 35 |52 21 |41 |77 |44 83 16 |3 11 |68 |64 |72 14 |40 47 97 98 |17 9 |61 |92 |80 |33 |56 
17739 190552
60 20 10 2 90 96 28 15 26 76 5 81 50 27 |74 55 24 45 99 62 |59 29 75 8 36 34 58 51 53 13 |94 22 67 87 84 86 19 42 85 31 88 ||4 |78 |70 18 38 6 |32 |71 46 39 |80 65 12 |79 |30 |89 |69 43 |93 7 57 |100 73 |37 |63 82 |11 |72 77 |64 |49 |23 54 |52 |44 83 25 |1 33 48 35 |41 |3 16 |68 |9 14 |95 |92 |47 98 40 97 |17 |66 61 |91 |21 56 
18472.1 187687
60 20 10 2 90 96 28 15 26 76 5 81 50 27 |74 55 24 45 99 62 |59 29 75 8 36 34 58 51 53 13 |94 22 67 87 84 86 19 42 85 31 88 ||4 |78 |70 18 38 6 |32 |71 46 39 |80 65 12 |79 |30 |89 |69 43 |93 7 57 |100 73 |37 |63 82 |77 |72 |64 |49 |23 54 |52 |1 33 48 35 |44 83 25 |41 |3 11 16 |68 |9 14 |95 |92 |47 98 40 |17 97 |66 61 |91 |21 56 
19326.4 187510
94 87 67 84 86 19 42 85 31 88 |22 60 20 10 2 90 96 28 15 26 76 5 81 50 27 |74 55 24 45 99 62 |59 29 75 8 36 34 58 51 53 13 ||4 16 |78 |32 |71 70 38 |46 39 |65 80 12 |23 79 |30 |25 |43 |37 7 57 73 |100 ||69 |63 |54 49 |89 |77 |52 98 |93 44 |41 6 |3 |68 35 |48 64 |95 |47 |92 18 |56 21 |1 91 66 |11 |72 |14 |9 |83 |17 97 |61 |82 33 |40 
20108.5 185323
60 20 10 2 90 96 28 15 26 76 5 81 50 27 |74 55 24 45 99 62 |59 29 75 8 36 34 58 51 53 13 |94 22 67 87 84 86 19 42 85 31 88 ||25 |78 |70 18 38 6 |32 |71 46 |83 |79 |30 |100 ||69 43 |95 |37 54 |57 73 |89 |63 82 12 |77 |72 |48 |33 |16 |35 |92 |40 |65 |49 23 64 |44 93 39 7 |68 |52 98 |14 |9 4 3 |1 |41 11 |47 |17 97 |66 61 |80 |91 |21 56 
21869.9 184830
60 20 10 2 90 96 28 15 26 76 5 81 50 27 |74 55 24 45 99 62 |59 29 75 8 36 34 58 51 53 13 |94 22 67 87 84 86 19 42 85 31 88 ||25 |78 |70 18 38 6 |32 |71 46 39 |65 |79 |30 |100 ||69 43 |95 |37 7 57 73 |89 |63 82 12 |77 |72 |48 |33 |16 |35 |92 |40 |83 |49 23 64 |44 93 |54 |68 |52 98 |14 |9 4 3 |1 |41 11 |47 |17 97 |66 61 |80 |91 |21 56 
22031.2 184689

Time:2
Last Iter:10
Last Update:10
Tabu:0
Last Time2
10
1 100 8 49 50 27 |60 48 45 24 55 59 19 86 84 77 76 5 88 62 |10 31 90 81 96 28 15 26 70 67 87 22 71 85 39 42 99 |74 2 20 94 75 69 29 36 34 58 68 51 53 13 ||63 80 |35 |12 21 32 56 |37 73 |61 98 66 |65 89 |82 4 16 |9 7 83 57 25 |38 18 |33 |95 |97 72 47 79 64 |6 14 46 44 |91 43 |30 |52 |92 93 |23 78 40 |41 11 3 |17 54 
13440.4 248510
29 15 28 97 60 10 78 20 94 |30 67 26 87 22 84 86 19 99 42 85 31 88 62 |75 8 59 55 45 24 74 51 58 34 36 53 13 |5 76 81 96 90 2 50 27 ||17 93 |70 |66 23 |46 73 |80 35 100 ||4 7 83 |44 61 |77 92 18 |56 |43 |39 16 25 37 95 |6 14 64 |3 48 33 68 |52 32 |91 69 |1 65 49 |21 40 79 |54 47 72 98 |57 71 38 9 |89 |11 63 |82 41 |12 
15813.5 232671
58 51 45 55 59 19 86 42 85 31 88 |29 36 53 24 99 13 |74 84 87 67 22 26 15 28 76 5 62 |34 75 8 94 20 10 60 2 90 96 81 50 27 ||97 7 |56 65 |25 |18 17 |21 32 52 98 |95 37 73 9 |66 23 91 |93 38 70 |41 46 |71 83 44 |57 |78 89 30 |80 |63 4 12 |49 64 47 40 72 |68 1 |14 11 |79 |100 33 35 6 |43 61 |82 39 16 |54 3 48 |77 92 |69 |
16007.8 208865
29 63 36 34 58 51 53 74 55 24 45 99 13 |68 87 67 22 26 28 15 76 5 62 |75 8 59 84 86 19 42 85 31 88 |69 94 20 10 60 2 90 96 81 50 27 ||93 |35 100 ||72 47 78 |77 12 14 66 |38 70 71 |4 7 39 46 |64 30 79 |33 1 |56 21 |92 18 |32 52 |23 49 |48 |54 9 |3 |16 82 37 |89 98 |80 41 |97 |57 25 61 |91 43 |44 83 6 |17 40 |11 73 |95 65 |
17767.9 208241
74 87 67 22 26 15 28 76 5 31 88 62 |34 75 8 94 20 10 60 2 90 96 81 50 27 |59 55 24 53 13 |29 36 58 51 45 84 86 19 42 85 99 ||97 7 |56 65 |25 |92 |21 66 |18 17 |14 73 95 82 |69 91 |46 71 83 44 |93 38 70 |41 |57 23 |78 89 30 |80 |63 4 12 |49 64 47 40 72 |68 1 |37 11 |79 |35 3 |16 6 |54 |77 39 |9 100 ||98 32 |52 61 |33 48 |43 
18118.8 204281
74 87 67 22 26 15 28 76 5 31 88 62 |34 75 8 94 20 10 60 2 90 96 81 50 27 |59 55 24 53 13 |29 36 58 51 45 84 86 19 42 85 99 ||17 70 |56 |69 |68 49 |25 7 |92 14 |100 35 |93 44 |37 95 |64 89 |32 |71 3 |18 |73 54 66 |52 79 |23 |43 72 6 |4 82 41 16 |48 80 39 |98 |33 |9 61 97 |38 |91 |12 63 |30 40 |77 83 57 46 |1 65 |11 |78 47 |21 |
19623.7 202197
10 34 75 8 94 20 2 90 96 81 50 27 |29 55 59 84 86 19 85 42 24 45 99 |53 51 58 36 13 |74 60 87 67 22 26 15 28 76 5 31 88 62 ||17 70 |66 |64 7 |49 |89 40 6 |3 35 33 68 100 ||56 32 |73 25 4 |93 44 |37 95 |92 18 |69 |41 82 12 |14 97 98 71 46 |63 65 |1 |23 30 |57 |91 48 |47 72 79 |11 80 |38 |21 |83 |43 |39 16 |52 |54 |61 77 9 |78 
19822.5 200158
10 74 53 51 58 34 36 75 8 94 50 |60 55 45 24 59 84 86 19 42 62 |96 81 76 5 88 31 85 99 13 |29 20 87 22 67 26 15 28 90 2 27 ||17 |46 |7 |52 |77 39 |16 |6 |95 82 |92 18 |69 66 |43 |21 98 |91 100 65 |38 61 |32 |25 |37 |93 |71 |78 89 30 |80 |63 4 12 |49 64 47 40 72 |68 1 |14 11 |79 |41 9 |97 |35 33 |70 57 |73 3 |56 |54 83 |44 |48 |23 
20030.1 199730
74 87 67 22 26 15 28 76 5 31 88 62 |34 75 8 94 20 10 60 2 90 96 81 50 27 |59 55 24 53 13 |29 36 58 51 45 84 86 19 42 85 99 ||17 70 39 |33 35 |64 23 |68 |14 |95 82 4 |92 18 |69 66 |21 98 |91 |80 1 |89 79 65 |32 |30 |93 44 |37 |25 |97 |56 12 |7 73 |40 |72 71 |48 |100 ||38 61 |49 43 |3 11 |41 |78 |63 54 |77 83 57 6 |46 47 |9 |16 |52 
21123.2 196517
75 45 24 59 84 19 86 46 85 42 9 99 |90 52 2 60 10 20 94 50 27 |55 29 8 36 34 58 51 53 13 |74 87 67 22 26 15 28 96 81 76 5 31 88 62 ||17 39 |35 |64 |68 12 |14 |95 82 4 |92 18 |69 66 |21 98 |91 1 65 |89 79 |32 |30 |37 |93 |63 |73 25 |38 |78 |71 |48 |72 |16 |23 100 ||56 97 |61 80 3 |41 11 |49 43 |47 |44 |40 |33 |57 7 |54 |70 |77 83 6 
21521 193831

Time:2
Last Iter:10
Last Update:10
Tabu:0
Last Time2
16
41 55 59 99 88 76 26 98 91 8 75 |70 67 22 28 2 50 62 31 45 1 34 |81 15 17 87 84 19 85 53 51 36 94 20 60 |14 27 13 66 78 10 52 90 96 5 42 86 24 74 58 29 ||46 39 9 25 44 |54 79 23 |77 93 |21 |69 |12 6 61 71 7 73 63 |49 64 30 |48 35 68 |95 |16 83 37 82 4 |65 43 |3 |89 |32 56 |40 47 72 97 |57 80 11 |100 33 |38 92 |18 |
14471.3 446669
10 81 94 8 75 43 69 29 34 36 50 27 |60 2 70 19 25 59 95 55 74 24 45 99 |100 58 51 35 53 13 |11 20 90 96 28 15 26 22 67 92 87 84 86 42 85 31 5 76 61 88 62 ||38 |41 |64 23 79 30 |97 40 21 52 98 |47 7 83 |16 17 |1 |82 63 73 37 |6 72 49 65 |39 44 93 |91 |78 89 |32 |48 3 80 57 14 |54 77 |56 |18 |71 46 9 4 12 |66 68 33 
14768.3 256199
10 81 94 8 75 43 69 29 34 36 50 27 |60 2 70 19 25 59 95 55 74 24 45 99 |100 58 33 51 35 53 13 |11 20 90 96 28 15 26 22 67 92 87 84 86 42 85 31 5 76 61 88 62 ||38 |41 |64 23 79 30 |97 40 21 52 98 |47 7 |16 17 |72 63 |82 73 37 39 |83 93 44 |49 65 91 |68 1 |78 89 |32 |48 3 80 57 14 |54 77 |56 |18 |71 46 9 4 12 |66 6 
14792.5 255801
59 22 87 67 26 77 15 76 5 88 31 85 42 99 |58 36 34 29 69 75 94 50 27 |8 20 10 60 2 52 90 28 96 81 62 |51 84 86 19 45 24 55 74 53 13 ||79 64 |41 |68 100 ||98 97 21 |47 7 83 |16 95 57 |1 |63 73 37 |6 72 49 65 |39 44 93 |91 |78 89 |32 |14 54 |18 |56 |48 3 80 |82 25 |17 38 |71 46 9 4 12 |66 43 |35 33 |11 |70 92 61 |23 30 40 
15888.7 224069
74 30 94 49 75 8 36 34 58 51 53 |29 84 93 87 67 22 26 15 28 96 81 76 5 62 |20 10 60 56 2 40 50 27 |45 90 24 55 59 25 19 86 42 85 31 88 99 13 ||68 35 |97 17 70 |100 ||54 65 91 66 |47 |78 |21 32 |92 18 |52 |46 44 |69 6 |4 43 |38 |89 |77 61 14 |39 |9 83 |23 |79 64 |82 11 73 |48 33 1 |63 57 16 72 |37 3 12 |80 41 95 |7 71 98 
16825.3 215343
74 30 94 75 8 36 34 58 51 53 |29 84 93 87 67 22 26 15 28 96 81 76 5 62 |20 10 60 56 2 40 50 27 |45 90 24 55 59 25 19 86 42 85 31 88 99 13 ||68 35 |83 17 |100 ||37 |54 65 91 66 |47 |78 |21 32 |92 18 |52 |46 44 |69 6 |4 43 |38 |89 |73 63 80 3 12 14 |49 23 97 |9 |79 64 |82 11 |48 33 1 |70 |57 16 72 |98 77 61 |41 95 |7 71 39 
16880.5 208922
74 30 94 75 8 36 34 58 51 53 |29 84 93 87 67 22 26 15 28 96 81 76 5 62 |20 10 60 56 2 40 50 27 |45 90 24 55 59 25 19 86 42 85 31 88 99 13 ||68 35 |83 17 |100 ||37 |54 65 |66 |38 |21 32 |92 18 |46 44 |69 6 |4 43 |47 78 97 |3 91 |98 52 |73 63 80 |12 14 |49 23 89 |9 |79 64 |82 11 |48 33 1 |70 |57 16 72 |77 61 |41 95 |7 71 39 
18151.5 207573
29 94 20 10 60 2 90 28 96 50 27 |8 75 36 34 58 51 53 13 |59 74 24 45 99 84 86 19 42 85 31 88 62 |55 87 67 22 26 15 76 5 81 ||37 83 7 39 |66 47 98 97 |73 100 68 |23 30 89 14 |21 77 |56 32 72 |92 17 |69 91 |80 1 |70 93 |48 |38 18 |4 57 46 71 |40 52 |6 79 78 |63 3 35 82 |64 |25 95 |11 |43 |12 61 16 |49 33 |41 |54 65 |9 44 |
18358.8 197599
29 94 20 10 60 2 90 28 96 50 27 |8 75 36 34 58 51 53 13 |59 74 24 45 99 84 86 19 42 85 31 88 62 |55 87 67 22 26 15 76 5 81 ||37 12 |3 66 |77 |70 |68 100 1 48 |14 33 |17 |89 49 |98 21 |30 |39 97 |73 11 63 |7 38 |25 44 46 16 4 |83 79 |40 32 56 6 |52 71 |92 61 |43 69 91 |95 82 80 |41 |23 64 47 |93 |18 |72 |57 |78 |35 |65 54 |9 
19468.9 192409
29 94 20 10 60 2 90 28 96 50 27 |8 75 36 34 58 51 53 13 |59 74 24 45 99 84 86 19 42 85 31 88 62 |55 87 67 22 26 15 76 5 81 ||37 80 |48 12 |69 43 |38 77 |68 |78 72 |23 66 |30 61 |73 44 83 |56 |41 |93 46 7 57 |4 82 54 |47 16 |3 91 |98 52 97 |33 |9 39 35 |17 21 |89 |32 |1 |18 |71 49 14 |95 63 |65 |25 |92 70 |11 |6 |64 100 ||79 |40 |
20024.7 190712
29 94 20 10 60 2 90 28 96 50 27 |8 75 36 34 58 51 53 13 |59 74 24 45 99 84 86 19 42 85 31 88 62 |55 87 92 67 22 26 15 76 5 81 ||37 39 |7 |69 |78 47 40 |38 25 83 |41 71 |17 21 |56 |73 100 ||93 98 |18 77 |97 |95 35 |57 46 |4 82 |89 |52 |23 |43 |11 80 12 |65 |63 6 |32 14 |72 16 61 |33 68 3 |1 91 49 |70 |64 |79 |48 |30 |44 |54 |66 9 
20229 190502
29 94 20 10 60 2 90 28 96 50 27 |8 75 36 34 58 51 53 13 |59 74 24 45 99 84 86 19 42 85 31 88 62 |55 87 67 22 26 15 76 5 81 ||37 |39 |7 |71 |83 |16 100 ||78 56 40 |21 23 |92 17 |69 |32 |18 38 |95 41 |57 35 |70 |4 46 |47 |89 |43 |82 |52 98 |91 |11 80 12 |65 |25 73 63 |6 |77 93 14 |72 |61 |33 68 3 |66 49 97 |64 79 |1 |48 |30 |44 54 |9 
21161.1 187064
29 94 20 10 60 2 90 28 96 50 27 |8 75 36 34 58 51 53 13 |59 74 24 45 99 84 86 19 42 85 31 88 62 |55 87 67 22 26 15 76 5 81 ||37 |39 |7 |71 |83 |16 100 ||78 56 40 |21 23 |92 17 |69 |32 98 |18 38 |95 |57 35 |70 |4 46 |47 |89 |91 |52 |82 |43 |41 |11 80 12 |65 |25 73 63 |6 |77 93 14 |72 |61 |33 68 3 |66 49 97 |64 79 |1 |48 |30 |44 54 |9 
21596.1 186577
29 94 20 10 60 2 90 28 96 50 27 |8 75 36 34 58 51 53 13 |59 74 24 45 99 84 86 19 42 85 31 88 62 |55 87 67 22 26 15 76 5 81 ||37 39 |98 |35 |16 73 |56 40 |46 |83 25 |92 |69 |95 |52 32 |18 17 |78 30 |4 57 |71 |23 89 |7 |33 |43 |11 |63 6 |41 80 |12 |70 |77 14 |72 68 48 |3 82 |1 91 49 |61 93 |38 97 |79 64 47 |100 ||21 |9 65 |54 |66 |44 
22538.8 186291
29 94 20 10 60 2 90 28 96 50 27 |8 75 36 34 58 51 53 13 |59 74 24 45 99 84 86 19 42 85 31 88 62 |55 87 67 22 26 15 76 5 81 ||37 39 |35 7 |71 83 16 |78 12 |17 77 46 |48 |21 |92 38 |73 |40 |56 |95 |97 30 47 |93 |69 |4 57 |23 89 |98 6 |43 |52 |41 |11 80 |65 |70 |63 14 |32 |82 |18 |1 33 |61 25 |91 3 |79 64 49 |68 |100 72 |9 |54 |66 |44 
24889.7 185201
29 94 20 10 60 2 90 28 96 50 27 |8 75 36 34 58 51 53 13 |59 74 24 45 99 84 86 19 42 85 31 88 62 |55 87 67 22 26 15 76 5 81 ||37 80 |48 12 |69 43 |38 77 |68 |78 72 |23 66 |30 61 |73 44 83 |56 |41 |39 7 35 |18 17 |71 16 46 |40 21 32 98 |92 |95 25 |4 57 |52 |89 |11 |6 |63 |65 |70 |47 14 |82 |33 3 |1 91 49 |93 |97 |64 79 |100 ||9 |54 |
30727.2 185109

Time:2
Last Iter:10
Last Update:10
Tabu:0
Last Time2
12
52 75 8 34 36 58 68 33 51 63 4 13 |60 90 10 40 2 20 30 94 23 49 50 27 |29 42 93 87 67 22 26 17 15 28 96 81 76 5 85 31 88 62 |18 45 84 86 19 59 55 24 74 53 99 ||89 |95 11 41 82 |6 1 48 |69 91 |16 12 |21 |35 |43 |25 |14 46 39 83 9 57 |80 44 |100 ||32 56 |92 70 38 77 |65 79 78 |97 71 73 |7 37 61 |98 72 47 66 54 |3 64 
12904.9 251792
67 59 83 53 51 58 34 36 75 8 94 23 65 |87 24 55 41 74 82 45 31 77 76 5 88 62 |15 26 93 38 84 86 19 85 42 7 99 13 |22 29 20 89 10 60 56 32 2 90 28 96 81 50 27 ||70 |97 72 66 |52 |100 33 |9 |92 18 |48 68 91 |37 95 11 |21 98 17 |30 78 47 12 |44 57 46 71 61 |1 35 3 |16 73 |43 69 |79 49 54 64 |63 80 |39 40 |4 25 14 6 
15999.2 251124
74 4 45 59 84 86 19 83 42 85 31 88 72 |24 99 87 67 22 26 15 28 90 98 96 81 76 5 62 |29 55 53 51 58 34 36 75 8 20 13 |2 60 10 94 50 27 ||93 |47 |11 |64 89 |17 77 7 16 57 |66 79 30 |1 |56 |70 92 18 |14 6 63 3 |97 40 52 |9 39 46 71 38 |23 21 |25 37 95 73 |54 91 48 |82 80 100 68 |33 49 65 |43 69 |32 78 |41 35 |44 |61 12 
16635.4 247715
75 58 34 36 8 60 51 29 53 13 |94 20 10 90 96 76 5 81 27 |55 87 22 67 26 15 28 2 50 |59 74 24 45 99 84 86 19 42 85 31 88 62 ||66 100 ||91 65 |9 38 93 7 |72 14 97 |48 33 68 |92 18 70 |89 21 |56 |25 83 37 |32 |77 17 |95 11 41 82 6 |3 61 12 |30 78 47 |44 57 46 71 |1 35 |16 73 |43 69 |63 98 |79 49 54 64 |80 |40 52 |23 |39 4 
17208.2 247306
10 59 55 74 24 45 53 51 58 34 36 8 91 50 27 |19 86 84 87 15 28 96 |60 29 69 75 94 20 2 90 5 88 31 99 13 |42 85 67 22 26 76 81 62 ||1 43 |82 48 |23 |70 72 |32 97 |11 80 |92 18 |41 |56 79 |17 38 7 |65 64 78 |16 57 44 |35 |68 |25 37 95 73 63 |30 89 40 |6 12 54 49 66 47 14 |46 83 39 71 9 61 |77 |98 52 21 |93 4 |3 |33 100 ||
17348.6 231325
60 8 75 29 36 34 58 51 53 13 |94 20 10 90 96 76 5 81 27 |55 87 22 67 26 15 28 2 50 |59 74 24 45 99 84 86 19 42 85 31 88 62 ||63 100 ||91 65 |9 38 93 7 |72 14 97 |48 33 68 |92 18 70 |89 21 |56 |25 83 37 |32 |77 17 |95 11 41 82 6 |3 61 12 |30 78 47 |44 57 46 |73 |43 69 |71 16 |1 35 |79 49 54 64 |98 66 |80 |40 52 |23 |39 4 |
17697.8 204558
59 26 67 22 84 86 19 42 85 99 |74 63 55 24 45 31 88 62 |60 8 75 29 36 34 58 51 53 13 |87 94 20 10 2 90 96 28 15 76 5 81 50 27 ||4 |91 100 66 |89 |48 9 7 |92 18 |14 |65 21 72 |25 |70 |97 |38 93 83 |32 |37 |77 17 |95 11 41 82 6 |3 61 12 |30 78 47 |44 57 46 71 |1 35 |16 73 |43 69 |64 |54 33 68 |40 79 49 |23 98 |39 52 |80 |56 
17760.1 198547
59 26 67 22 84 86 19 42 85 99 |74 55 24 45 31 88 62 |60 8 75 29 36 34 58 51 53 13 |87 94 20 10 2 90 96 28 15 76 5 81 50 27 ||66 100 ||91 65 |9 38 93 7 |72 14 97 |48 33 68 |92 18 70 |89 21 |56 |25 83 37 |32 |77 17 |95 11 41 82 6 |3 61 12 |30 78 47 |44 57 46 71 |1 35 |16 73 |43 69 |63 98 |79 49 54 64 |80 |40 52 |23 |39 4 
18342.8 194670
59 26 67 22 84 86 19 42 85 99 |74 55 24 45 31 88 62 |60 8 75 29 36 34 58 51 53 13 |87 94 20 10 2 90 96 28 15 76 5 81 50 27 ||66 100 ||91 65 |9 38 93 7 |72 14 97 |48 33 68 |92 18 70 |89 21 |25 83 37 |32 |57 63 6 |98 56 |78 |77 17 61 12 |95 11 41 82 |3 47 |30 |44 46 71 16 |1 35 |73 |43 |79 49 54 64 |69 |80 |40 52 |23 |39 4 |
18877.8 193579
59 26 67 22 84 86 19 42 85 99 |74 55 24 45 31 88 62 |60 8 75 29 36 34 58 51 53 13 |87 94 20 10 2 90 96 28 15 76 5 81 50 27 ||66 100 ||91 65 |9 40 |72 14 97 |48 33 68 |92 18 70 |89 21 |93 7 |25 83 37 |32 |52 6 |98 56 |78 |63 |77 17 61 12 |95 11 41 82 |3 47 |30 |44 46 71 16 |1 35 |73 49 54 |79 43 |69 |64 |80 |57 |38 |23 |39 4 
21652 191602
59 26 67 22 84 86 19 42 85 99 |74 55 24 45 31 88 62 |60 8 75 29 36 34 58 51 53 13 |87 94 20 10 2 90 96 28 15 76 5 81 50 27 ||66 100 ||91 65 |9 |93 14 |48 33 |92 70 |68 97 |7 25 83 |37 72 |21 89 |18 |32 |52 6 |98 56 |63 |82 |61 12 |78 |77 44 |3 47 |30 |46 71 16 |17 |1 35 |73 49 54 |95 11 41 |79 43 |80 57 |69 |38 |40 64 |23 |39 4 
24651.6 189265
59 26 67 22 84 86 19 42 85 99 |74 55 24 45 31 88 62 |60 8 75 29 36 34 58 51 53 13 |87 94 20 10 2 90 96 28 15 76 5 81 50 27 ||38 98 |47 72 |78 |83 |35 41 |66 91 |79 6 |37 |11 |17 93 |1 80 |89 21 |25 14 |32 |100 ||57 63 |68 |48 |56 |77 61 12 |95 65 |3 97 |30 |44 46 71 16 |92 9 |73 82 |43 33 |7 49 54 |69 |64 |18 70 |40 52 |23 |39 4 |
24741 187240

Time:3
Last Iter:10
Last Update:10
Tabu:0
Last Time3
13
82 45 24 55 74 33 51 53 13 |8 75 36 34 1 58 62 27 |87 69 94 20 10 60 56 2 90 28 96 81 50 |29 59 37 19 42 86 84 67 22 38 26 15 76 5 88 31 85 99 ||77 |100 ||46 39 7 9 83 |23 54 |63 57 25 44 |21 |70 92 |11 |18 93 |4 3 48 |61 52 |64 89 |95 41 |30 79 66 49 14 12 |72 97 16 |73 80 35 |43 |47 40 98 6 |17 71 |65 91 68 |32 78 
14361.9 243343
59 44 86 42 85 31 88 50 99 13 |58 87 22 19 70 84 26 15 76 5 27 |18 29 94 20 10 60 2 90 28 96 81 62 |67 75 8 36 34 51 74 55 24 45 53 ||11 82 |54 1 49 |63 35 |64 79 47 72 97 |65 33 |77 39 |73 37 95 |93 |43 23 |16 |38 |91 |78 |17 |52 21 40 98 6 |61 71 7 57 80 |25 48 |92 |41 |83 9 46 12 |69 |68 100 ||14 66 3 4 |30 89 |32 56 
15370.4 240485
67 20 78 10 60 2 40 90 50 27 |87 38 59 84 86 19 55 74 80 24 45 99 |22 89 94 8 75 29 36 34 58 68 51 53 13 |81 96 28 15 17 26 76 5 85 42 31 88 62 ||48 |41 82 |30 |35 33 100 ||23 79 66 |71 93 |70 |43 69 |92 |46 7 16 4 6 12 |61 52 21 |3 95 25 |56 |44 9 73 63 |97 98 32 47 |64 |11 |18 |1 91 65 54 |14 39 83 |49 72 57 |37 77 
15371.4 226668
29 59 84 44 86 19 42 85 31 88 99 13 |58 87 22 70 26 15 76 5 50 27 |18 94 20 10 60 2 90 28 96 81 62 |67 75 8 36 34 51 74 55 24 45 53 ||78 |11 82 |54 49 1 |63 35 |64 79 47 72 97 |65 33 |39 77 |73 37 95 |93 |43 |38 |23 91 |52 21 40 98 6 |61 71 7 16 57 |48 80 41 |17 92 |25 |83 9 46 12 |69 |68 100 ||14 66 3 4 |30 89 |32 56 
16523.8 209088
2 59 55 74 24 45 13 |99 42 85 31 88 76 5 62 50 27 |87 60 20 94 8 75 29 36 34 58 51 53 |10 67 19 86 84 22 26 15 28 90 96 81 ||44 |78 |11 82 |54 49 1 |63 35 |64 79 47 72 97 |65 33 |39 77 |73 37 95 |93 83 |43 |38 |23 91 |52 21 40 98 6 |61 71 7 16 57 |48 80 41 |17 92 |25 |56 32 |9 |12 14 46 |4 30 |66 89 |69 |70 18 |100 68 3 |
18334.4 208335
96 81 5 42 85 31 88 |67 94 20 10 60 2 90 50 27 |87 8 55 59 19 86 84 26 15 28 76 62 |22 29 75 36 34 58 51 53 74 24 45 99 13 ||32 |48 100 6 |4 63 49 |79 43 |93 83 39 |1 35 |69 |44 |64 30 23 |73 71 |70 92 |97 |91 12 |16 57 46 37 |80 65 54 14 |3 77 |89 72 |17 7 9 |68 33 82 |78 |25 |95 |40 |21 98 |47 61 |52 66 |38 |41 |56 |11 |18 |
18735.6 202453
67 55 59 84 86 19 42 85 31 88 62 |87 74 24 45 99 5 76 |22 94 20 10 60 2 90 28 15 96 81 50 27 |26 29 75 8 36 34 58 51 53 13 ||30 |14 |46 83 |11 82 |54 |73 |49 1 |92 |64 79 47 72 97 |65 33 35 |39 77 70 |37 95 |93 |43 69 |38 |23 91 |25 48 |61 71 7 6 |52 40 |98 21 32 |12 4 63 57 16 9 |78 |41 |89 |68 80 |18 |100 66 |3 |17 |56 |44 
18804.3 195525
67 55 59 84 86 19 42 85 31 88 62 |87 74 24 45 99 5 76 |22 94 20 10 60 2 90 28 15 96 81 50 27 |26 29 75 8 36 34 58 51 53 13 ||30 |14 |46 83 |69 |11 82 |54 |73 |49 1 |92 |64 79 47 72 97 |65 33 35 |39 77 70 |37 95 |93 |43 |38 |23 91 |25 48 |61 71 7 6 |52 40 |98 21 32 |12 4 63 57 16 9 |78 |41 |89 |68 80 |18 |100 66 |3 |17 |56 |44 
19535.8 194992
67 55 59 84 86 19 42 85 31 88 62 |87 74 24 45 99 5 76 |22 94 20 10 60 2 90 28 15 96 81 50 27 |26 29 75 8 36 34 58 51 53 13 ||21 |32 |48 100 ||39 64 |40 79 |65 46 |69 43 91 |1 35 |57 54 12 |23 |37 25 83 7 |98 17 |73 72 |71 93 |97 |49 |47 |95 11 |33 |63 |6 |61 |16 77 |70 92 |82 80 |41 |52 |89 |78 |38 9 |18 |68 |14 66 3 4 |30 |56 |44 
21831.7 191084
67 55 59 84 86 19 42 85 31 88 62 |87 74 24 45 99 5 76 |22 94 20 10 60 2 90 28 15 96 81 50 27 |26 29 75 8 36 34 58 51 53 13 ||78 |32 |48 100 ||64 46 39 |40 49 54 65 |69 43 91 |1 35 |6 95 |33 |79 23 |77 |56 98 |47 9 |38 14 |93 73 |61 3 82 12 |7 72 |18 |11 37 |89 |63 16 57 |80 41 |17 92 |25 |83 |71 |52 |68 |70 |97 66 |4 |30 |21 |44 
21915.7 190543
67 55 59 84 86 19 42 85 31 88 62 |87 74 24 45 99 5 76 |22 94 20 10 60 2 90 28 15 96 81 50 27 |26 29 75 8 36 34 58 51 53 13 ||30 |14 |46 83 |69 |11 95 39 |33 35 48 |43 64 47 |32 79 |23 49 91 65 |1 72 |70 71 7 |92 17 77 |25 |57 12 54 |37 |97 9 |21 98 |63 |6 |61 |93 |82 41 16 |89 |40 52 |38 |80 |78 |18 |68 |100 ||66 3 4 |56 |73 |44 
23707.2 189897
67 55 59 84 86 19 42 85 31 88 62 |87 74 24 45 99 5 76 |22 94 20 10 60 2 90 28 15 96 81 50 27 |26 29 75 8 36 34 58 51 53 13 ||47 |46 39 |32 |64 |17 |7 79 |21 |35 65 |23 100 ||95 11 80 |33 91 |70 93 |97 48 |1 43 |37 |98 |77 |78 89 |63 |14 |73 |54 3 82 |72 9 |49 |6 |71 16 57 |41 |38 |52 |25 |92 |40 |83 12 |18 |68 |61 |69 |66 4 |30 |56 |44 
24137.1 187938
67 55 59 84 86 19 42 85 31 88 62 |87 74 24 45 99 5 76 |22 94 20 10 60 2 90 28 15 96 81 50 27 |26 29 75 8 36 34 58 51 53 13 ||52 |46 |38 39 83 |35 |100 ||61 |7 93 |23 |25 |6 95 |47 72 65 |11 48 |69 43 49 |33 1 |64 91 |32 |79 98 97 14 |21 |9 37 |71 |73 |54 |40 12 |3 |16 |63 |41 80 |70 92 77 |82 |17 |89 |78 |18 |68 |66 57 4 |30 |56 |44 
29335.7 187465

Time:0
Last Iter:10
Last Update:10
Tabu:0
Last Time0
13
82 45 24 55 74 33 51 53 13 |8 75 36 34 1 58 62 27 |87 69 94 20 10 60 56 2 90 28 96 81 50 |29 59 37 19 42 86 84 67 22 38 26 15 76 5 88 31 85 99 ||77 |100 ||46 39 7 9 83 |23 54 |63 57 25 44 |21 |70 92 |11 |18 93 |4 3 48 |61 52 |64 89 |95 41 |30 79 66 49 14 12 |72 97 16 |73 80 35 |43 |47 40 98 6 |17 71 |65 91 68 |32 78 
14361.9 243343
59 44 86 42 85 31 88 50 99 13 |58 87 22 19 70 84 26 15 76 5 27 |18 29 94 20 10 60 2 90 28 96 81 62 |67 75 8 36 34 51 74 55 24 45 53 ||11 82 |54 1 49 |63 35 |64 79 47 72 97 |65 33 |77 39 |73 37 95 |93 |43 23 |16 |38 |91 |78 |17 |52 21 40 98 6 |61 71 7 57 80 |25 48 |92 |41 |83 9 46 12 |69 |68 100 ||14 66 3 4 |30 89 |32 56 
15370.4 240485
67 20 78 10 60 2 40 90 50 27 |87 38 59 84 86 19 55 74 80 24 45 99 |22 89 94 8 75 29 36 34 58 68 51 53 13 |81 96 28 15 17 26 76 5 85 42 31 88 62 ||48 |41 82 |30 |35 33 100 ||23 79 66 |71 93 |70 |43 69 |92 |46 7 16 4 6 12 |61 52 21 |3 95 25 |56 |44 9 73 63 |97 98 32 47 |64 |11 |18 |1 91 65 54 |14 39 83 |49 72 57 |37 77 
15371.4 226668
29 59 84 44 86 19 42 85 31 88 99 13 |58 87 22 70 26 15 76 5 50 27 |18 94 20 10 60 2 90 28 96 81 62 |67 75 8 36 34 51 74 55 24 45 53 ||78 |11 82 |54 49 1 |63 35 |64 79 47 72 97 |65 33 |39 77 |73 37 95 |93 |43 |38 |23 91 |52 21 40 98 6 |61 71 7 16 57 |48 80 41 |17 92 |25 |83 9 46 12 |69 |68 100 ||14 66 3 4 |30 89 |32 56 
16523.8 209088
2 59 55 74 24 45 13 |99 42 85 31 88 76 5 62 50 27 |87 60 20 94 8 75 29 36 34 58 51 53 |10 67 19 86 84 22 26 15 28 90 96 81 ||44 |78 |11 82 |54 49 1 |63 35 |64 79 47 72 97 |65 33 |39 77 |73 37 95 |93 83 |43 |38 |23 91 |52 21 40 98 6 |61 71 7 16 57 |48 80 41 |17 92 |25 |56 32 |9 |12 14 46 |4 30 |66 89 |69 |70 18 |100 68 3 |
18334.4 208335
96 81 5 42 85 31 88 |67 94 20 10 60 2 90 50 27 |87 8 55 59 19 86 84 26 15 28 76 62 |22 29 75 36 34 58 51 53 74 24 45 99 13 ||32 |48 100 6 |4 63 49 |79 43 |93 83 39 |1 35 |69 |44 |64 30 23 |73 71 |70 92 |97 |91 12 |16 57 46 37 |80 65 54 14 |3 77 |89 72 |17 7 9 |68 33 82 |78 |25 |95 |40 |21 98 |47 61 |52 66 |38 |41 |56 |11 |18 |
18735.6 202453
67 55 59 84 86 19 42 85 31 88 62 |87 74 24 45 99 5 76 |22 94 20 10 60 2 90 28 15 96 81 50 27 |26 29 75 8 36 34 58 51 53 13 ||30 |14 |46 83 |11 82 |54 |73 |49 1 |92 |64 79 47 72 97 |65 33 35 |39 77 70 |37 95 |93 |43 69 |38 |23 91 |25 48 |61 71 7 6 |52 40 |98 21 32 |12 4 63 57 16 9 |78 |41 |89 |68 80 |18 |100 66 |3 |17 |56 |44 
18804.3 195525
67 55 59 84 86 19 42 85 31 88 62 |87 74 24 45 99 5 76 |22 94 20 10 60 2 90 28 15 96 81 50 27 |26 29 75 8 36 34 58 51 53 13 ||30 |14 |46 83 |69 |11 82 |54 |73 |49 1 |92 |64 79 47 72 97 |65 33 35 |39 77 70 |37 95 |93 |43 |38 |23 91 |25 48 |61 71 7 6 |52 40 |98 21 32 |12 4 63 57 16 9 |78 |41 |89 |68 80 |18 |100 66 |3 |17 |56 |44 
19535.8 194992
67 55 59 84 86 19 42 85 31 88 62 |87 74 24 45 99 5 76 |22 94 20 10 60 2 90 28 15 96 81 50 27 |26 29 75 8 36 34 58 51 53 13 ||21 |32 |48 100 ||39 64 |40 79 |65 46 |69 43 91 |1 35 |57 54 12 |23 |37 25 83 7 |98 17 |73 72 |71 93 |97 |49 |47 |95 11 |33 |63 |6 |61 |16 77 |70 92 |82 80 |41 |52 |89 |78 |38 9 |18 |68 |14 66 3 4 |30 |56 |44 
21831.7 191084
67 55 59 84 86 19 42 85 31 88 62 |87 74 24 45 99 5 76 |22 94 20 10 60 2 90 28 15 96 81 50 27 |26 29 75 8 36 34 58 51 53 13 ||78 |32 |48 100 ||64 46 39 |40 49 54 65 |69 43 91 |1 35 |6 95 |33 |79 23 |77 |56 98 |47 9 |38 14 |93 73 |61 3 82 12 |7 72 |18 |11 37 |89 |63 16 57 |80 41 |17 92 |25 |83 |71 |52 |68 |70 |97 66 |4 |30 |21 |44 
21915.7 190543
67 55 59 84 86 19 42 85 31 88 62 |87 74 24 45 99 5 76 |22 94 20 10 60 2 90 28 15 96 81 50 27 |26 29 75 8 36 34 58 51 53 13 ||30 |14 |46 83 |69 |11 95 39 |33 35 48 |43 64 47 |32 79 |23 49 91 65 |1 72 |70 71 7 |92 17 77 |25 |57 12 54 |37 |97 9 |21 98 |63 |6 |61 |93 |82 41 16 |89 |40 52 |38 |80 |78 |18 |68 |100 ||66 3 4 |56 |73 |44 
23707.2 189897
67 55 59 84 86 19 42 85 31 88 62 |87 74 24 45 99 5 76 |22 94 20 10 60 2 90 28 15 96 81 50 27 |26 29 75 8 36 34 58 51 53 13 ||47 |46 39 |32 |64 |17 |7 79 |21 |35 65 |23 100 ||95 11 80 |33 91 |70 93 |97 48 |1 43 |37 |98 |77 |78 89 |63 |14 |73 |54 3 82 |72 9 |49 |6 |71 16 57 |41 |38 |52 |25 |92 |40 |83 12 |18 |68 |61 |69 |66 4 |30 |56 |44 
24137.1 187938
67 55 59 84 86 19 42 85 31 88 62 |87 74 24 45 99 5 76 |22 94 20 10 60 2 90 28 15 96 81 50 27 |26 29 75 8 36 34 58 51 53 13 ||52 |46 |38 39 83 |35 |100 ||61 |7 93 |23 |25 |6 95 |47 72 65 |11 48 |69 43 49 |33 1 |64 91 |32 |79 98 97 14 |21 |9 37 |71 |73 |54 |40 12 |3 |16 |63 |41 80 |70 92 77 |82 |17 |89 |78 |18 |68 |66 57 4 |30 |56 |44 
29335.7 187465

