Time:1
Last Iter:10
Last Update:10
Tabu:0
Last Time1
6
8 66 24 67 88 69 50 79 95 76 |83 62 99 34 19 91 48 55 57 4 13 77 59 1 92 84 47 81 11 |68 64 74 85 60 44 33 61 37 39 17 2 7 46 89 6 41 25 30 |54 52 93 58 26 51 97 14 5 73 71 38 29 56 80 9 ||53 |42 10 36 |94 20 22 23 |43 70 15 |35 96 |18 32 86 45 |65 72 27 |87 40 |100 ||21 75 |98 16 12 |28 |31 90 63 |49 78 |3 82 |
13329.4 310861
14 79 5 73 50 83 88 69 67 38 23 29 95 76 56 80 9 |68 33 48 15 55 57 4 13 77 92 1 81 11 |84 54 44 2 17 39 37 61 60 74 99 34 91 19 |64 24 71 52 26 51 58 62 93 7 46 89 6 41 25 30 ||72 100 ||75 53 98 |66 87 42 |21 86 |63 32 |78 65 |18 97 |16 59 47 28 |90 8 |70 |96 |31 35 82 3 |36 22 40 |43 85 |10 |12 27 20 94 45 |49 
13459.9 309903
58 64 70 99 74 60 61 44 33 6 39 17 2 7 46 89 62 93 41 25 30 |54 77 68 24 5 71 73 51 26 52 80 56 9 |37 14 83 13 92 84 1 81 79 50 69 88 67 38 29 95 76 |34 19 91 48 55 57 4 11 ||31 |96 |15 |20 36 |63 53 16 59 |10 65 |72 87 |40 35 66 |27 |86 94 49 |3 42 |85 |45 23 32 |28 |97 8 |12 78 47 75 |18 21 82 |43 90 22 |100 98 
13771.8 300000
58 64 70 99 74 60 61 44 33 6 39 17 2 7 46 89 62 93 41 25 30 |54 77 68 24 5 71 73 51 26 52 80 56 9 |37 14 83 13 92 84 1 81 79 50 69 88 67 38 29 95 76 |34 19 91 48 55 57 4 11 ||31 |96 |98 |15 |27 16 20 36 |53 100 ||40 35 66 |65 45 23 |72 59 |78 |86 94 49 |42 |85 |63 |32 |22 3 87 8 |97 10 |12 |47 75 |18 21 82 |43 90 |28 
14637.9 299077
58 64 70 99 74 60 61 44 33 6 39 17 2 7 46 89 62 93 41 25 30 |54 77 68 24 5 71 73 51 26 52 80 56 9 |37 14 83 13 92 84 1 81 79 50 69 88 67 38 29 95 76 |34 19 91 48 55 57 4 11 ||31 |96 |15 |28 72 20 36 |63 53 16 59 |87 40 35 66 |10 65 |27 |86 94 49 |42 85 |45 23 32 |3 8 |97 |12 78 47 75 |18 21 82 |43 90 22 |100 98 
18062.6 298510
58 64 70 99 74 60 61 44 33 6 39 17 2 7 46 89 62 93 41 25 30 |54 77 68 24 5 71 73 51 26 52 80 56 9 |37 14 83 13 92 84 1 81 79 50 69 88 67 38 29 95 76 |34 19 91 48 55 57 4 11 ||31 |85 |98 15 |28 27 72 20 36 |63 53 16 59 |87 40 35 66 |10 65 |86 94 49 |42 96 |45 23 32 |22 3 8 |97 |12 78 47 75 |21 82 |90 43 |100 ||18 
18362.5 296844

Time:1
Last Iter:10
Last Update:10
Tabu:0
Last Time1
8
68 34 33 58 51 26 38 67 88 69 50 79 29 95 |48 19 83 24 14 5 73 71 56 76 36 |37 55 57 4 13 77 92 84 1 81 11 52 80 9 |64 91 74 99 60 44 61 54 2 17 39 7 46 6 89 62 93 41 25 30 ||23 45 |18 |16 32 |100 47 78 86 |22 3 21 40 |97 10 |85 43 |31 96 |53 98 59 12 |63 70 |94 72 27 |20 28 |65 |87 82 66 |90 |8 35 42 |49 15 75 |
13135.1 319296
84 37 99 74 60 61 44 33 39 17 2 7 46 6 89 93 41 25 30 |64 11 55 48 91 19 34 62 58 51 26 52 80 9 |68 24 57 4 13 77 92 1 81 38 71 56 76 |54 83 14 5 73 29 67 88 69 50 79 95 ||98 |100 ||23 3 42 |63 15 |97 10 |35 |65 59 |21 31 |47 12 49 75 |22 86 16 |70 |78 28 32 20 94 |87 |96 |66 82 |27 36 |90 |40 45 |43 85 |8 18 |53 |72 |
13426.1 312799
84 37 99 74 60 61 44 33 39 17 2 7 46 6 89 93 41 25 30 |64 11 55 48 91 19 34 62 58 51 26 52 80 9 |68 24 57 4 13 77 92 1 81 38 71 56 76 |54 83 14 5 73 29 67 88 69 50 79 95 ||98 |100 ||23 3 42 |63 15 |97 10 |27 |65 59 |21 31 |47 12 49 75 |22 86 16 |70 |78 28 32 20 94 |87 66 |96 82 |35 36 |90 43 85 |40 45 |8 18 |53 |72 |
13432.2 311648
84 37 99 74 60 61 44 33 39 17 2 7 46 6 89 93 41 25 30 |64 11 55 48 91 19 34 62 58 51 26 52 80 9 |68 24 57 4 13 77 92 1 81 38 71 56 76 |54 83 14 5 73 29 67 88 69 50 79 95 ||90 |96 22 |23 |63 3 |43 |97 10 |45 |65 18 |100 16 |70 |31 21 |78 28 32 20 86 |59 |87 8 40 66 |72 12 27 49 |98 15 |85 |53 |82 |94 |35 42 36 |75 |47 |
14081.4 310061
84 37 99 74 60 61 44 33 39 17 2 7 46 6 89 93 41 25 30 |64 11 55 48 91 19 34 62 58 51 26 52 80 9 |68 24 57 4 13 77 92 1 81 38 71 56 76 |54 83 14 5 73 29 67 88 69 50 79 95 ||90 |43 49 |23 3 |63 27 |97 10 |31 22 |98 75 |18 21 |45 |70 |78 100 32 |59 20 86 |87 8 40 66 |96 82 |94 53 16 |28 72 |85 |15 |35 42 36 |65 |12 47 |
16025.3 309722
10 54 26 58 62 93 6 89 46 7 2 17 39 37 61 33 44 |5 90 64 60 74 99 34 19 91 48 57 4 11 |14 55 81 1 77 92 84 68 88 69 50 79 95 76 |51 13 83 67 24 73 71 38 29 56 80 52 41 25 30 9 ||75 |42 |23 45 |18 |16 32 |100 47 |78 |15 |43 31 |66 40 |86 97 |96 87 |63 70 |94 72 27 53 |98 59 12 |85 |65 36 22 |21 |28 |20 49 |35 8 |3 |82 |
19758.9 306354
10 54 26 58 62 93 6 89 46 7 2 17 39 37 61 33 44 |5 90 64 60 74 99 34 19 91 48 57 4 11 |14 55 81 1 77 92 84 68 88 69 50 79 95 76 |51 13 83 67 24 73 71 38 29 56 80 52 41 25 30 9 ||75 |42 |23 18 45 |27 |96 |78 65 |21 |59 |47 12 49 |31 86 |70 43 |94 28 32 20 72 |98 15 |85 |66 |53 16 |87 36 |100 ||97 22 |63 |40 |35 8 |3 |82 |
24904.4 305405
54 55 34 19 91 48 92 81 1 77 13 4 57 11 |64 62 58 51 26 52 79 68 83 50 69 88 67 29 56 80 9 |24 14 5 73 71 38 95 76 |84 37 99 74 60 61 44 33 39 17 2 7 46 6 89 93 41 25 30 ||65 |42 53 |75 47 |98 49 |78 |16 86 |97 10 3 |70 15 |90 63 36 45 |40 66 35 82 |100 12 27 |28 23 |85 31 |87 21 22 |59 94 32 72 |20 |96 |43 |8 18 
26740.6 294060

Time:1
Last Iter:10
Last Update:10
Tabu:0
Last Time1
2
37 24 73 55 48 91 19 34 60 74 99 63 |17 58 30 95 68 83 84 92 1 77 13 4 57 75 49 |64 39 61 44 33 41 25 18 97 14 5 51 26 52 80 76 9 |81 54 89 2 7 6 46 62 93 56 29 71 38 67 88 69 50 79 11 ||16 20 72 |21 42 |86 100 28 |27 78 32 |87 |70 |10 |98 |3 35 36 |23 65 |59 53 |90 |96 |8 40 22 45 |94 12 47 |31 85 43 |15 |66 82 
13269.1 350928
93 29 44 33 61 37 39 17 2 7 46 89 6 41 25 30 |64 80 60 74 99 34 19 91 48 57 4 81 95 56 76 9 |55 54 52 58 51 26 73 71 38 67 88 69 50 79 |62 14 5 24 83 68 84 92 1 77 13 11 ||47 |21 42 |59 28 72 86 |15 94 |53 78 |70 43 63 |23 97 3 |31 96 |85 |75 98 16 20 36 |65 22 |40 8 87 |100 12 27 |32 |45 |66 82 |90 49 |18 10 |35 |
13557.3 301057

Time:1
Last Iter:10
Last Update:10
Tabu:0
Last Time1
4
53 15 63 60 37 2 54 35 62 93 82 89 6 46 7 17 39 61 33 44 30 |64 74 22 3 73 71 24 38 23 29 95 |55 99 11 34 19 91 48 57 4 13 77 1 92 84 81 83 88 69 50 94 79 |5 68 67 14 10 58 51 26 52 41 25 80 56 76 9 ||18 27 |97 65 |100 16 59 20 |42 31 90 |32 12 78 |85 |96 66 |75 49 98 |8 |70 |40 87 21 45 |72 28 |43 |47 86 36 
12326.3 339370
14 62 79 94 50 69 83 68 84 92 77 13 1 81 59 4 57 49 11 |55 73 38 88 67 95 76 56 80 52 51 58 26 3 41 25 30 9 |64 5 71 29 66 39 17 2 7 46 89 6 33 44 |24 54 93 37 61 60 74 99 34 91 19 48 ||35 |90 |87 82 31 |97 21 22 36 |63 85 |32 47 28 |40 |86 72 27 78 12 75 |23 53 |43 |98 100 ||20 16 |42 8 |96 |10 |15 70 |65 18 45 
13422 328353
55 14 73 71 24 88 83 81 84 92 1 77 13 4 57 48 91 34 19 |64 54 6 89 46 17 2 7 39 61 44 33 41 25 30 |5 38 37 60 74 99 11 79 50 69 67 29 95 |68 93 62 58 51 26 52 80 56 76 9 ||94 |65 |78 |96 |32 18 |45 |22 21 8 82 36 |86 20 12 |59 16 53 |100 28 47 |3 42 87 35 |63 90 85 43 |66 31 |72 |15 |98 49 75 |70 |40 |27 23 |10 97 
13493.3 302079
55 14 73 71 24 88 83 81 84 92 1 77 13 4 57 48 91 34 19 |64 54 6 89 46 17 2 7 39 61 44 33 41 25 30 |5 38 37 60 74 99 11 79 50 69 67 29 95 |68 93 62 58 51 26 52 80 56 76 9 ||20 |47 32 72 |65 18 |45 |22 21 8 82 36 |86 94 |43 85 |100 59 16 |53 12 78 |28 |3 42 87 35 |90 |31 |15 |98 49 75 63 |70 |66 96 |40 |27 23 |10 97 |
14889.2 301222

Time:1
Last Iter:10
Last Update:8
Tabu:0
Last Time1
3
6 84 11 57 4 13 77 92 1 81 83 88 69 50 79 95 |14 91 34 44 61 33 62 58 51 26 52 80 56 9 |64 55 99 74 60 37 54 2 17 39 7 46 89 93 8 41 25 30 |19 48 68 5 73 71 24 67 38 29 76 ||100 ||18 |10 |70 15 |45 |22 82 40 |96 31 |97 86 |94 75 59 49 |35 66 21 42 |85 90 |28 |65 23 |20 |3 87 |78 |12 27 32 72 36 |63 43 |53 98 16 47 |
12242.8 304434
79 50 83 69 88 67 38 29 95 45 76 |55 62 93 54 46 89 6 7 2 17 39 37 61 60 74 44 33 41 25 30 |40 68 24 71 73 5 14 51 58 26 52 80 56 9 |64 1 11 81 84 92 77 13 4 57 48 91 19 34 99 ||42 |100 ||96 |82 |31 66 |63 90 85 |10 23 |12 47 |35 8 87 21 22 |20 27 28 |43 70 15 |78 94 32 36 |65 3 |97 18 86 |72 59 16 |75 49 53 98 |
14317 302773
54 64 60 74 99 44 33 61 37 39 17 2 7 6 46 89 41 25 30 |55 67 77 1 84 81 88 69 50 79 76 9 |68 62 38 71 73 5 14 51 58 26 52 80 56 29 95 11 |93 24 83 92 13 4 57 48 91 19 34 ||96 |87 82 |53 16 |70 |28 100 ||97 10 |15 63 |45 86 |43 |47 32 20 72 |23 75 |66 |8 21 22 36 |59 78 94 |40 42 3 |18 |12 98 49 |90 85 |35 31 |27 65 |
15115.8 301336

Time:1
Last Iter:10
Last Update:10
Tabu:0
Last Time1
13
54 74 48 34 19 91 55 57 4 13 77 92 84 1 81 11 45 76 9 |60 99 22 38 67 69 32 27 83 68 12 88 50 79 29 95 |64 24 71 73 5 14 26 51 58 62 41 25 30 |44 33 61 37 39 17 2 7 46 6 89 93 52 80 56 ||97 23 |65 |82 |87 40 66 |100 20 94 86 |42 3 21 8 35 |31 85 |96 |70 |47 16 75 |78 |10 |90 43 63 |72 28 59 |53 98 |18 |15 49 36 
12864.2 331559
70 4 68 100 84 92 13 77 1 81 83 88 69 50 79 11 |67 64 55 57 48 91 19 34 99 74 60 61 44 33 41 25 30 |38 71 73 5 14 58 26 52 80 9 |24 54 37 6 39 17 2 7 46 89 93 62 51 56 29 95 76 ||82 |63 |21 87 42 |78 12 |31 96 |10 65 |49 20 27 |3 35 |15 |43 85 75 |22 18 97 23 45 |59 98 86 |8 40 |72 32 16 |94 90 |28 |66 36 |47 53 |
12962.9 316457
34 19 91 48 57 4 81 88 69 50 79 |24 60 99 67 83 68 84 100 92 13 77 1 11 |55 74 41 26 14 5 73 71 38 29 95 56 52 80 76 9 |64 51 58 62 93 54 37 39 17 2 7 46 89 6 61 44 33 25 30 ||85 31 |87 42 35 |63 |12 |65 10 |23 |18 97 36 |86 94 72 78 28 |49 53 47 |70 |40 |20 32 |43 |96 |75 98 16 59 45 |22 3 21 82 |15 90 |66 8 |27 
13396.5 314375
58 24 51 26 62 93 52 80 56 14 5 73 71 38 29 95 76 |37 17 2 39 7 46 89 6 9 |54 4 68 100 84 92 13 77 1 81 83 88 69 50 79 11 |67 64 55 57 48 91 19 34 99 74 60 61 44 33 41 25 30 ||63 |21 87 42 |78 12 |31 96 |10 65 |20 |35 |15 |49 53 16 45 |32 3 |43 85 75 |22 18 97 23 |59 98 86 |8 40 |72 |94 90 |28 47 27 |36 82 66 |70 |
13676.3 306674
79 50 69 88 83 84 92 1 77 13 4 57 11 |64 81 55 48 60 74 99 34 91 19 56 80 9 |68 58 62 93 46 89 6 7 2 17 39 37 61 44 33 41 25 30 |54 24 52 51 26 14 5 73 71 38 67 29 95 76 ||72 |94 |98 23 |40 42 |97 18 |96 66 |16 78 |70 |10 |49 53 36 |20 |86 32 27 47 75 |45 65 22 |21 87 82 |63 |35 |8 |3 |15 |85 |59 12 |90 31 |100 28 |43 
13926.5 305088
64 37 60 91 48 55 57 4 13 77 92 1 81 11 |84 54 61 74 99 34 19 79 83 88 69 50 95 76 |44 33 39 17 2 7 46 6 89 93 41 25 30 |68 62 52 26 58 51 14 5 24 73 71 67 38 29 56 80 9 ||43 |98 |8 42 |78 12 28 |31 96 |72 47 |20 94 59 |49 53 16 45 |15 63 |82 66 35 3 |23 18 97 |32 |87 21 |36 65 |85 |70 |100 ||40 |27 |86 75 |10 22 |90 |
14658.4 304262
29 24 14 51 58 26 52 80 76 |60 95 62 93 56 73 71 38 67 88 69 50 79 11 |83 64 99 74 44 33 61 37 39 17 2 7 46 6 89 41 25 30 9 |54 5 68 84 92 81 1 77 13 4 57 55 48 91 34 19 ||70 |3 |90 85 |12 |65 |36 |96 |42 8 35 66 |75 23 94 |78 28 49 |10 |31 |53 20 |86 32 27 47 |45 22 |21 87 82 |63 |59 100 ||40 |72 16 98 |18 97 |43 15 
14866.2 303568
79 50 69 88 83 84 92 1 77 13 4 57 11 |64 81 55 48 60 74 99 34 91 19 56 80 9 |68 58 62 93 46 89 6 7 2 17 39 37 61 44 33 41 25 30 |54 24 52 51 26 14 5 73 71 38 67 29 95 76 ||20 |43 |100 94 |87 97 |16 86 45 |40 8 42 |10 18 |28 47 75 |53 78 |70 |15 |90 85 |36 |72 27 59 49 |23 |3 |12 98 |31 96 |63 22 21 |32 |35 82 66 |65 |
15587 301694
79 50 69 88 83 84 92 1 77 13 4 57 11 |64 81 55 48 60 74 99 34 91 19 56 80 9 |68 58 62 93 46 89 6 7 2 17 39 37 61 44 33 41 25 30 |54 24 52 51 26 14 5 73 71 38 67 29 95 76 ||20 |43 |100 94 |87 97 |98 16 86 45 |40 8 42 |10 18 |28 47 75 |53 78 |70 |15 |90 85 |36 |96 82 |72 27 12 59 49 |32 63 |3 66 35 |23 |22 21 |65 |31 |
16070.2 299432
79 50 69 88 83 84 92 1 77 13 4 57 11 |64 81 55 48 60 74 99 34 91 19 56 80 9 |68 58 62 93 46 89 6 7 2 17 39 37 61 44 33 41 25 30 |54 24 52 51 26 14 5 73 71 38 67 29 95 76 ||75 |28 32 |21 |36 |98 |8 42 |43 49 |100 94 |78 12 27 72 |47 59 |53 16 45 |96 |15 63 |82 66 35 |23 18 97 |40 |86 |10 3 |85 |22 |70 |87 |65 20 |31 90 |
18993.4 298685
79 50 69 88 83 84 92 1 77 13 4 57 11 |64 81 55 48 60 74 99 34 91 19 56 80 9 |68 58 62 93 46 89 6 7 2 17 39 37 61 44 33 41 25 30 |54 24 52 51 26 14 5 73 71 38 67 29 95 76 ||75 |28 32 |21 |36 |98 |8 42 |43 49 |100 94 |78 12 27 72 |47 59 |53 20 |96 |16 45 |15 63 |35 66 82 |18 23 |97 |40 3 |85 |70 |10 |22 |87 |65 |90 31 |86 |
19971.3 298509
79 50 69 88 83 84 92 1 77 13 4 57 11 |64 81 55 48 60 74 99 34 91 19 56 80 9 |68 58 62 93 46 89 6 7 2 17 39 37 61 44 33 41 25 30 |54 24 52 51 26 14 5 73 71 38 67 29 95 76 ||20 |53 |96 |36 |98 |8 42 |43 49 |100 94 |78 12 27 72 |47 59 |16 |32 45 |28 75 |15 63 |82 66 35 |10 |23 18 97 |86 |40 21 3 |70 |22 |87 |65 |90 31 |85 |
22677.1 298434
79 50 69 88 83 84 92 1 77 13 4 57 11 |64 81 55 48 60 74 99 34 91 19 56 80 9 |68 58 62 93 46 89 6 7 2 17 39 37 61 44 33 41 25 30 |54 24 52 51 26 14 5 73 71 38 67 29 95 76 ||20 |43 |96 |8 42 |72 27 98 75 |100 94 |78 12 28 47 59 |49 53 16 45 |32 |15 63 |10 23 |82 66 35 |18 97 |70 |40 3 |85 |86 |36 |22 21 |65 |90 31 |87 |
24224 298303

Time:1
Last Iter:10
Last Update:9
Tabu:0
Last Time1
5
100 85 99 34 19 91 48 55 98 84 68 78 83 88 69 50 79 |60 5 38 24 67 28 92 1 81 16 77 13 4 57 11 |14 74 61 44 33 93 62 58 51 26 52 80 56 29 95 76 9 |64 71 73 8 54 37 39 17 2 7 46 89 6 41 25 30 ||59 |42 82 90 |31 |96 35 66 |94 27 |21 87 40 |75 36 |63 12 86 |23 22 45 |43 70 |32 20 49 |53 47 72 |97 65 |3 |15 |10 18 
13011 312470
55 26 71 83 68 84 92 81 1 77 13 4 11 |58 62 67 88 69 50 79 57 48 91 19 34 |64 99 80 52 73 14 5 24 38 56 29 95 76 |54 51 74 60 44 33 61 37 39 17 2 7 46 89 6 93 41 25 30 9 ||65 |10 |42 59 |23 27 |94 32 72 78 |85 31 |96 35 82 |22 40 |86 20 12 49 75 |70 |98 53 36 45 |18 97 87 |66 |28 100 ||90 8 |15 43 63 |16 47 |21 3 
14513.8 310105
54 92 13 77 67 24 10 51 58 26 52 80 9 |14 5 73 71 65 38 29 95 76 |84 60 19 91 48 55 57 4 11 1 81 83 88 69 50 79 |64 68 56 34 99 74 44 33 61 37 39 17 2 7 46 6 89 62 93 41 25 30 ||21 |85 |59 16 23 |94 32 72 78 |96 35 82 |22 40 |86 20 12 49 75 |70 |98 53 36 45 |18 97 87 |66 |28 100 ||90 8 |15 43 63 |31 3 42 |27 47 
15900.6 305778
14 74 44 33 93 62 58 51 26 52 80 56 29 |61 68 83 71 38 67 88 69 50 95 76 9 |64 24 73 54 39 17 2 7 46 89 6 41 25 30 |5 37 60 99 34 19 91 48 55 57 4 13 77 92 84 1 81 79 11 ||36 12 |87 20 94 |15 |47 |82 31 |97 |3 40 |10 |16 |28 86 |66 35 |21 23 |59 32 72 |63 43 85 90 |70 45 |18 42 22 |100 49 |27 |65 |96 8 |75 53 98 |78 |
16570.7 304758
61 68 83 50 69 88 67 24 71 38 9 |14 74 44 33 93 62 58 51 26 52 80 56 29 95 76 |64 73 54 39 17 2 7 46 89 6 41 25 30 |5 37 60 99 34 19 91 48 55 57 4 13 77 92 84 1 81 79 11 ||36 |86 |59 16 53 20 |15 98 |47 32 72 94 |21 87 23 |96 35 82 |22 40 |12 28 |31 3 |97 10 |66 |8 |70 45 |18 42 |100 49 |65 27 |63 |43 85 90 |75 |78 |
16904.2 302857

Time:1
Last Iter:10
Last Update:10
Tabu:0
Last Time1
5
64 29 67 69 88 83 68 92 50 79 95 76 |75 84 74 19 99 34 91 55 48 49 57 4 53 98 13 77 1 81 11 |15 62 93 54 37 6 89 46 7 2 17 39 61 44 33 41 25 30 |60 78 24 38 71 73 5 14 51 58 26 52 80 56 9 ||28 |82 87 40 |16 47 |35 96 |8 94 |45 63 |66 3 |43 70 |100 72 |36 23 65 27 12 |20 |31 |10 |90 |59 |97 18 42 |32 |85 |22 21 86 
12861.5 330580
86 67 69 88 27 83 78 12 84 47 81 11 |54 64 70 34 19 91 48 57 4 13 77 92 1 79 50 29 95 76 |5 55 99 74 60 6 89 46 7 2 17 39 37 61 44 33 41 25 30 |14 68 24 38 71 73 26 51 58 62 93 52 80 56 9 ||94 20 |21 |32 3 42 |63 90 75 |49 59 |65 10 |43 |35 31 |85 |98 16 |87 8 40 66 |82 96 |28 100 ||15 |72 23 |22 |18 97 45 36 |53 
13043.6 316811
54 61 81 13 77 1 92 84 47 12 68 83 88 69 50 79 11 |14 6 64 60 74 99 19 91 48 55 57 4 |34 73 67 71 38 29 95 44 33 37 39 17 2 7 46 89 41 25 30 |5 24 93 62 58 51 26 52 56 80 76 9 ||72 27 78 28 |53 16 |18 65 |100 ||35 96 |97 23 36 |75 15 70 |43 85 |82 40 |31 90 63 |49 86 |21 87 8 |94 20 42 22 45 |32 98 59 |66 3 |10 
13260.7 315647
96 54 55 48 57 4 11 |93 77 83 68 100 84 92 1 81 29 95 76 56 80 9 |64 58 52 51 26 14 5 73 71 24 38 67 88 69 50 79 |13 62 91 19 34 99 74 60 44 33 61 37 39 17 2 7 46 89 6 41 25 30 ||40 |8 |18 97 23 45 36 |75 27 78 72 |70 49 |66 21 |47 98 20 94 |15 63 |86 32 12 28 |65 3 42 |59 53 |82 |35 31 |85 90 |16 |87 |10 22 |43 |
14146.2 307121
93 83 68 28 100 84 29 95 76 56 80 9 |64 58 52 51 26 14 5 73 71 24 67 88 69 50 79 |13 62 91 19 34 99 74 60 44 33 61 37 39 17 2 7 46 89 6 41 25 30 |54 38 48 55 57 4 92 77 1 81 11 ||94 20 72 |53 |82 21 3 42 |63 75 |49 59 |65 |35 31 |85 90 |98 16 |87 8 40 66 |32 18 23 45 36 |10 22 |15 86 |43 70 |97 |27 78 12 47 |96 
18545.9 302633

Time:1
Last Iter:10
Last Update:9
Tabu:0
Last Time1
4
55 24 5 14 51 26 58 62 93 46 89 6 7 2 17 39 61 33 41 25 30 |64 44 60 74 99 34 19 91 48 57 4 84 28 68 32 50 79 95 |37 13 77 100 92 1 81 59 11 |54 83 69 88 67 38 71 73 52 80 56 29 76 9 ||47 |65 97 |86 27 78 12 |63 70 |3 66 35 |21 42 82 |75 90 |23 10 |87 8 40 22 |94 20 72 |96 |98 53 49 16 |15 43 |85 31 |18 45 36 
12711.8 316377
37 17 2 39 7 46 89 6 93 41 22 25 30 |51 26 14 73 24 83 68 84 92 13 77 1 81 79 |64 58 52 80 56 5 71 38 67 88 69 50 29 95 76 9 |55 54 62 44 33 61 60 74 99 34 91 19 48 57 4 11 ||18 |16 |65 36 |90 43 |32 75 |78 86 45 |42 82 40 |70 15 |96 66 |3 10 |12 27 59 |21 8 |49 53 |97 |23 |35 87 |28 20 72 94 |63 98 |100 ||85 31 |47 
13365.2 308583
51 68 83 67 24 38 71 73 56 80 52 41 25 30 9 |54 4 13 77 92 84 1 81 79 50 69 88 29 95 76 |14 60 64 74 99 34 91 19 48 57 11 |55 5 26 58 62 93 37 39 17 2 7 46 89 6 61 33 44 ||63 |16 94 36 |65 |90 43 75 |47 32 |78 86 45 |42 82 40 35 |70 15 |66 96 |3 10 |12 27 59 49 |21 87 8 |97 |23 |98 |22 |53 20 72 |85 |31 |28 100 ||18 |
13716.6 297531
64 92 48 55 57 4 13 77 1 84 81 83 88 69 50 79 11 |67 56 24 5 14 26 52 80 41 25 30 9 |93 62 58 51 73 71 38 29 95 76 |54 68 19 91 34 99 74 60 61 37 39 17 2 7 46 89 6 33 44 ||16 47 |65 36 |90 43 |32 75 |78 86 45 |42 82 40 |70 15 |96 66 |3 10 |12 27 59 |21 8 |49 53 |97 |23 |35 87 |85 63 |98 28 20 94 |18 22 |31 |72 |100 ||
14863 296049

Time:1
Last Iter:10
Last Update:10
Tabu:0
Last Time1
6
84 13 54 37 39 17 2 7 46 40 62 87 8 93 41 25 30 |64 61 60 90 74 99 34 19 91 55 48 57 4 11 29 95 76 9 |77 68 56 80 52 26 51 58 21 82 89 6 33 44 |15 83 92 1 81 24 14 5 73 71 38 67 88 69 50 79 ||72 |28 |59 |43 |70 |27 |75 |16 47 100 ||66 35 96 |3 22 65 |63 85 |49 31 |10 97 42 |36 45 86 20 |18 23 94 32 |12 78 |53 98 
12478.1 336255
13 14 77 1 92 84 68 12 78 83 88 67 69 50 79 95 |5 81 93 62 40 54 46 39 17 2 7 89 6 61 33 44 30 |64 60 11 57 4 53 55 48 91 19 34 99 74 |37 24 29 38 71 73 26 51 58 52 41 25 80 56 76 9 ||21 |8 |59 |18 |66 35 96 |3 22 65 |63 85 |49 31 |10 97 42 |36 45 86 20 75 |90 |98 100 ||15 70 |43 82 |87 72 |16 28 27 |23 32 47 94 
12884.9 318942
5 55 57 48 91 19 34 99 74 60 89 6 33 44 41 25 30 |24 84 58 51 26 52 80 56 73 71 38 29 95 76 9 |64 67 42 93 62 54 46 7 2 17 39 37 31 61 |14 68 83 88 4 13 77 92 1 81 69 50 79 11 ||85 |20 |70 75 |16 47 100 59 |18 23 45 36 86 |94 12 78 27 |53 |66 |40 21 3 22 |35 96 |65 63 |8 |49 |10 97 |90 |98 |15 |82 87 |32 |28 |72 |43 
13137.6 314408
58 55 91 19 99 74 44 33 61 37 39 17 2 7 46 6 89 93 41 25 30 |54 64 34 48 4 13 77 92 1 81 79 95 76 |60 14 52 26 51 5 73 71 38 67 69 50 11 |62 84 57 68 83 88 24 29 56 80 9 ||59 |3 |43 |94 47 53 |66 35 96 |21 23 |40 8 |18 |22 65 |31 85 |49 63 |10 97 42 |86 20 75 36 45 |90 |98 100 ||15 70 |82 87 |16 78 27 12 32 |28 |72 |
13234.4 305340
48 14 5 73 71 38 67 88 69 50 79 95 29 76 |83 37 54 93 58 51 26 52 41 25 80 56 9 |62 24 68 84 92 13 77 1 81 4 57 11 |55 60 64 91 19 34 99 74 61 39 17 2 7 46 89 6 33 44 30 ||94 47 53 |21 |23 |40 8 |59 |18 |66 35 96 |85 43 49 75 |100 20 86 |16 12 78 27 |42 82 |98 15 |70 36 45 |22 3 97 |10 |63 |87 31 |28 32 |65 |72 |90 |
13903.8 296542
48 14 5 73 71 38 67 88 69 50 79 95 29 76 |83 37 54 93 58 51 26 52 41 25 80 56 9 |62 24 68 84 92 13 77 1 81 4 57 11 |55 60 64 91 19 34 99 74 61 39 17 2 7 46 89 6 33 44 30 ||53 |43 63 90 |85 75 |16 47 100 59 |3 |8 20 |72 28 12 |96 |98 |21 18 23 45 36 |70 49 |86 94 78 27 |22 65 |31 |10 97 42 |15 |66 40 35 |82 87 |32 |
16987.2 296494

Execution time: 11.597 seconds
