Time:8
Last Iter:10
Last Update:10
Tabu:0
Last Time8
4
45 15 42 37 94 76 55 30 57 19 22 27 24 83 72 18 |12 7 74 86 33 1 88 48 78 80 47 70 10 97 2 59 100 29 63 82 |36 58 51 85 67 34 8 44 71 66 52 3 95 13 73 91 50 81 69 53 28 6 65 |11 17 32 49 68 5 87 26 60 46 31 20 39 14 43 79 92 99 89 61 98 90 9 54 56 96 ||64 77 |93 |21 |23 |25 |75 |41 |16 84 |62 35 |40 |4 38 
23469.4 547570
51 45 24 63 29 100 59 2 15 97 10 80 70 47 78 48 88 1 33 83 18 |74 36 43 68 87 5 58 49 32 67 85 34 52 53 69 28 6 16 |86 14 37 82 81 3 66 71 44 8 7 95 13 73 91 50 65 |11 42 55 12 17 30 57 76 79 92 99 89 61 39 26 60 46 31 20 90 98 9 56 54 ||4 |77 94 |75 |72 |27 |40 |25 38 96 |64 93 |22 |41 |84 |19 |35 |21 |23 |62 
23499.6 500391
17 8 50 85 32 67 49 5 87 68 26 60 46 31 39 20 90 98 9 56 54 |58 37 30 86 74 91 73 7 13 95 44 71 66 52 3 81 69 53 34 75 28 6 |36 14 42 11 55 57 45 76 43 79 92 99 89 61 27 65 83 18 |51 12 80 33 1 88 48 78 47 70 10 97 15 2 59 100 29 63 24 82 ||40 |4 |96 38 |94 35 |77 |21 |64 93 |41 |62 25 |19 22 |16 |72 23 |84 
24430.6 492769
11 18 76 79 51 58 68 26 60 46 90 20 31 39 14 61 98 9 56 54 |5 65 52 32 67 85 28 34 53 81 3 66 71 8 44 95 13 7 73 91 50 69 6 |49 36 55 45 43 89 99 92 57 30 17 12 42 37 29 63 |87 74 83 86 33 1 88 48 78 80 47 70 10 97 15 2 59 100 24 82 ||22 |16 |84 |72 |21 |75 40 |93 19 |96 4 |27 |38 |35 |41 23 |25 |64 77 94 |62 
25150.4 491734

Time:8
Last Iter:10
Last Update:1
Tabu:0
Last Time1
1
80 36 100 15 2 59 97 10 70 47 78 48 88 1 33 23 83 65 18 |26 42 37 55 76 43 79 92 99 89 57 30 17 12 29 63 82 24 |45 34 85 32 67 49 51 58 68 87 5 60 46 31 20 90 39 14 61 98 9 56 54 |11 86 74 50 91 73 7 13 95 8 44 71 66 3 52 81 53 69 28 6 ||22 |94 64 93 77 |25 35 |41 |75 |27 |40 16 96 |19 |21 |62 4 |38 72 |84 
22302.3 458678

Time:8
Last Iter:10
Last Update:8
Tabu:0
Last Time7
2
68 11 36 30 12 17 55 45 76 43 79 92 99 89 61 63 29 82 |57 85 37 100 59 15 2 97 10 70 47 80 78 48 88 1 33 41 83 18 24 |22 74 65 71 44 8 7 95 13 73 91 50 69 53 81 3 66 52 34 28 6 |86 42 49 67 32 51 58 5 87 26 60 46 31 20 14 39 90 21 98 9 56 54 ||96 4 |40 |93 |23 |27 |84 |25 |77 |75 |16 38 |62 35 |19 |72 94 64 
22862 498581
48 60 46 68 5 58 51 49 32 67 85 69 50 91 73 65 83 18 |11 2 37 17 30 57 55 45 76 43 79 92 99 89 61 14 39 31 20 90 98 9 56 54 77 |87 81 15 10 97 59 100 42 36 12 29 63 82 24 |26 78 80 70 47 88 1 33 86 74 7 13 95 8 44 71 66 3 52 34 53 28 6 ||41 72 |96 93 |22 |75 |27 |23 |84 |40 |21 |16 38 |62 35 |19 |4 94 64 25 
23491.2 490144

Time:8
Last Iter:10
Last Update:10
Tabu:0
Last Time8
4
39 86 13 50 73 91 95 8 44 81 3 66 52 34 53 69 28 6 65 24 82 |78 11 55 36 37 63 29 12 17 30 57 45 76 43 79 92 99 89 61 21 98 54 |74 75 7 100 59 15 2 97 10 70 80 47 48 88 1 33 83 18 |42 71 85 67 32 49 51 58 68 5 87 26 60 46 31 14 20 90 9 56 ||38 96 |25 35 |40 |27 22 |41 |4 64 62 |84 |23 |93 77 94 |16 72 |19 
23077.6 509019
31 42 14 90 20 46 60 26 68 51 58 87 5 49 32 67 85 56 |39 86 13 50 73 91 95 8 44 71 81 3 66 52 34 53 69 28 6 65 24 82 |78 11 55 36 37 63 29 12 17 30 57 45 76 43 79 92 99 89 61 21 98 9 54 |74 75 7 100 59 15 2 97 10 70 80 47 48 88 1 33 83 18 ||4 |19 |16 94 93 |77 96 |25 |84 |35 64 |72 |23 |27 22 |41 |40 38 |62 |
23365.1 505752
51 63 86 91 73 7 13 95 8 44 71 66 3 52 34 53 69 81 50 65 24 82 |74 45 36 37 12 17 30 57 76 43 79 92 99 89 61 39 20 90 98 9 56 54 |11 80 15 42 29 100 2 59 97 10 70 47 78 48 88 1 33 83 18 |60 55 14 31 46 58 26 68 87 5 49 32 67 85 28 6 4 ||77 |93 16 |41 |35 94 |40 |25 |84 |75 |64 |23 |38 |22 |19 |21 |96 |27 62 |72 
23407.9 482322
11 80 100 59 15 2 97 10 70 47 48 88 1 74 86 33 83 65 18 |78 60 31 39 98 61 89 99 92 79 43 76 45 57 30 17 12 37 42 29 63 82 24 |55 58 71 44 8 95 13 7 73 91 50 81 3 66 52 34 53 69 28 6 |36 49 14 90 20 46 26 5 87 68 51 32 67 85 9 56 54 ||72 4 |94 62 |96 |75 |93 25 |84 |35 64 |23 41 |22 19 |27 77 |40 |21 |38 |16 
23483.2 466664

Time:8
Last Iter:10
Last Update:10
Tabu:0
Last Time8
5
45 71 13 7 74 86 33 1 88 48 78 80 47 70 10 97 15 2 59 100 24 82 |68 95 8 44 67 85 6 28 34 53 52 66 3 81 69 50 91 73 65 83 72 18 |76 32 46 60 26 51 58 87 5 49 20 14 39 61 98 90 9 84 56 54 |31 11 55 63 29 42 37 36 12 17 30 57 43 79 92 99 89 22 19 ||75 |93 94 |23 |62 64 |77 96 |25 35 |16 4 38 |40 |41 |21 |27 
22826.6 515885
7 58 67 85 90 57 17 36 42 29 63 82 94 62 |11 32 68 49 5 87 26 60 46 20 31 39 14 43 45 76 79 92 99 89 61 98 9 |80 37 54 65 83 74 86 33 1 88 48 78 47 70 10 97 15 2 59 100 24 18 |51 55 12 30 56 50 13 73 91 95 8 44 71 81 3 66 52 34 53 69 28 6 ||75 96 |64 |25 |23 41 |77 |21 |4 38 |93 27 |22 |84 16 |19 |35 |40 |72 |
24444.9 515368
11 76 29 63 82 73 91 13 95 8 44 71 66 3 52 34 53 81 69 |7 80 24 59 2 97 10 47 78 48 1 33 86 74 50 65 83 18 |88 36 70 100 42 37 12 17 55 45 30 57 79 43 92 99 89 61 98 9 54 |15 49 28 90 14 39 31 20 46 60 26 5 87 68 58 51 32 67 85 56 6 ||93 27 4 |72 |84 |75 16 |19 94 |25 64 38 |40 |22 |21 |77 |23 41 |35 |96 62 
24547.3 504439
26 36 30 17 55 45 76 57 79 43 92 99 89 61 14 39 31 60 46 20 90 98 9 56 54 4 |80 51 87 5 49 32 67 85 52 3 66 71 13 7 73 91 50 81 69 53 34 40 28 6 |68 8 44 95 74 86 33 83 65 18 |58 11 12 37 42 15 1 88 48 78 47 70 10 97 2 59 100 29 63 82 24 ||38 |75 |22 93 |94 25 |72 |19 |77 27 |41 |35 |21 |84 |23 |62 64 |16 96 
24935.4 497554
97 67 74 86 33 83 18 65 50 73 91 13 95 8 44 71 66 52 3 81 69 53 34 40 28 6 16 |51 42 32 85 49 5 87 68 26 60 46 31 14 39 20 90 21 98 9 56 54 77 |58 7 78 1 88 48 80 47 70 10 15 59 100 24 29 63 25 82 4 |2 11 55 36 37 12 17 30 57 45 76 79 43 92 99 89 61 ||75 |22 |35 |41 64 |38 |19 |27 93 |96 |84 |94 62 |72 23 
25048.1 495307

Time:7
Last Iter:10
Last Update:10
Tabu:0
Last Time7
1
7 12 42 15 2 59 97 10 80 70 47 78 48 1 65 18 |67 36 37 17 55 45 76 57 30 63 29 100 24 82 |11 74 86 33 83 50 91 73 13 95 8 44 71 34 52 66 3 81 69 53 28 6 |88 32 85 49 51 58 68 5 87 26 60 46 31 20 90 39 14 43 79 92 99 89 61 98 9 56 54 ||41 |96 |40 |94 77 |38 93 64 |23 |21 |84 4 |27 |19 |25 35 |75 |72 |22 |62 |16 
22544.8 482968

Time:7
Last Iter:10
Last Update:6
Tabu:0
Last Time4
6
48 7 1 88 80 78 47 70 10 97 59 2 15 42 37 100 24 |55 51 68 26 87 5 49 32 67 85 94 54 98 90 9 56 38 96 28 6 |36 61 33 86 74 73 91 13 95 8 44 71 66 34 52 3 81 53 69 50 65 83 72 18 |11 58 60 46 31 20 39 14 99 89 92 79 43 76 45 57 17 30 12 29 63 82 ||23 |16 |27 19 |41 |62 35 |40 |77 22 |93 64 |4 84 |25 |75 |21 
22674.3 534948
86 11 55 17 26 60 46 20 31 39 14 43 79 92 99 89 61 98 9 54 |76 15 42 37 12 30 57 90 51 58 68 87 5 49 32 67 85 28 6 |45 83 33 10 70 80 47 78 48 88 1 97 2 59 100 29 63 82 24 18 |36 74 65 7 95 13 73 91 50 8 44 71 66 52 3 81 69 53 34 84 56 ||62 |96 |4 94 |75 |16 38 |23 |25 93 77 |19 27 |41 72 |40 |21 |22 64 |35 
23215.5 509681
36 69 56 34 53 81 3 52 66 71 44 8 95 7 13 73 91 50 65 |86 11 55 17 26 60 46 20 31 39 14 43 79 92 99 89 61 98 9 54 |76 15 42 37 12 30 57 90 51 58 68 87 5 49 32 67 85 28 6 |45 74 83 33 10 70 80 47 78 48 88 1 97 2 59 100 29 63 82 24 18 ||21 |96 |4 94 |23 |16 38 |77 |25 62 |41 |40 |75 |84 |93 27 19 |22 |64 72 |35 
23703.6 501668
42 91 15 25 100 59 2 97 10 70 47 80 78 48 88 1 33 83 65 18 |32 57 7 74 86 73 50 13 95 44 71 66 3 81 52 69 53 34 75 28 6 |31 8 46 60 26 68 5 58 51 67 85 49 20 90 39 14 61 98 9 56 54 |87 36 37 30 89 99 92 79 43 76 45 11 55 17 12 29 63 82 24 ||21 |19 |84 |22 27 |35 94 |38 96 16 |72 |41 |62 |40 |77 |93 64 |4 |23 
23854.9 498594
7 11 36 55 45 57 30 17 12 37 42 100 29 63 82 24 41 83 18 |48 68 46 26 51 58 5 49 85 67 32 34 71 8 44 66 3 52 81 53 69 28 6 |87 95 13 78 80 70 15 2 59 97 10 47 1 33 86 74 73 91 50 65 |88 60 20 31 39 14 76 43 79 92 99 89 61 98 90 9 56 54 ||21 |96 94 25 |93 |23 |22 |84 |35 |72 |40 |62 27 |75 |19 |64 77 38 4 |16 
24356 496421
11 68 85 67 49 51 26 58 5 46 31 20 90 39 14 43 79 92 99 89 61 98 9 56 54 |87 2 74 7 73 91 50 13 95 8 44 71 66 3 81 52 34 53 69 28 6 |60 80 42 37 30 57 76 45 55 36 17 12 29 63 82 24 |32 15 100 59 97 10 70 47 78 48 88 1 33 86 83 65 18 ||35 64 |94 |19 |84 |62 |40 38 |72 96 16 |77 |75 |93 27 |23 |21 |22 |41 4 |25 
25090.4 465746

Time:7
Last Iter:10
Last Update:10
Tabu:0
Last Time7
4
26 45 31 46 60 68 87 5 58 51 32 67 85 49 20 90 21 9 56 54 |77 84 8 57 100 15 2 59 97 10 47 80 78 48 88 1 33 83 18 |70 11 43 14 39 61 89 99 92 79 76 55 30 17 12 37 42 29 63 82 24 |36 98 65 86 74 7 95 13 73 91 50 69 81 3 44 71 66 52 53 34 40 28 6 ||75 4 |19 |22 |16 |62 35 |23 |72 38 |27 93 64 |94 25 |96 |41 
23151.8 529802
55 42 8 51 87 26 60 46 20 31 14 39 90 98 9 56 54 |44 45 12 17 30 57 76 79 43 92 99 89 61 68 58 5 49 32 67 85 28 6 |36 83 15 48 1 88 78 80 47 70 10 97 2 59 100 29 63 64 82 24 18 |11 37 65 33 86 74 7 95 13 73 91 50 69 81 3 71 66 52 53 34 ||23 |94 35 4 |96 84 |27 |40 |62 |25 38 |72 |41 |19 22 93 |21 |16 77 |75 |
23745.8 518462
14 80 47 78 48 88 1 74 86 33 83 65 |36 26 49 85 54 56 9 98 90 20 31 39 61 89 99 43 79 92 57 30 17 12 29 63 82 |46 45 60 68 87 5 51 32 67 34 50 91 73 7 13 95 8 44 71 66 3 52 81 53 69 28 6 |58 11 76 55 37 42 15 70 10 97 2 59 100 24 18 ||84 4 |64 |16 75 |21 |62 |94 93 35 |77 38 |72 |27 22 |40 |19 |96 |41 23 |25 
23796.7 502779
11 68 60 26 87 5 58 51 32 67 85 34 53 50 91 73 13 95 8 44 71 66 52 3 81 69 28 6 |74 31 36 55 45 76 57 79 43 92 99 89 61 14 39 20 90 98 9 56 54 |49 30 78 80 97 10 47 48 88 1 33 83 65 18 |46 7 86 70 15 2 59 100 42 37 17 12 29 63 82 24 ||4 96 |64 93 |40 |84 |21 |41 |19 27 |22 |16 |23 |35 |72 94 |38 |25 62 |77 |75 
23804.4 475138

Time:8
Last Iter:10
Last Update:10
Tabu:0
Last Time8
7
59 99 57 30 17 11 36 42 37 12 62 94 |55 3 6 28 85 67 32 34 53 69 81 52 66 71 8 44 95 13 73 91 50 65 83 18 |5 45 31 61 89 92 79 43 14 39 20 46 60 26 87 68 58 51 49 90 98 9 56 54 |76 7 74 86 33 1 88 48 78 80 47 70 10 97 2 15 100 24 82 29 63 64 ||4 77 |72 |22 |21 |75 16 |27 38 |93 25 |84 |35 |23 41 |96 |19 |40 |
23117.3 525470
32 74 28 86 33 1 48 80 78 47 10 97 15 2 59 100 29 63 82 24 |26 57 90 76 45 55 36 42 37 12 17 30 56 6 |11 60 51 67 85 34 53 69 81 52 3 66 71 44 8 7 95 13 73 91 50 65 83 18 |70 88 58 68 87 5 49 46 20 31 39 14 43 79 92 99 89 61 98 9 54 ||16 93 |35 |23 |21 |22 |72 |75 96 4 |64 27 |19 |94 41 |40 |25 |62 |38 |84 |77 
23458.7 511669
80 11 37 100 15 97 78 10 70 47 48 88 1 86 33 83 72 18 |2 7 74 6 28 34 53 69 81 3 52 66 71 44 95 13 73 91 50 65 |59 14 30 24 82 63 29 42 12 17 55 45 76 57 79 43 92 99 89 61 27 77 54 |36 8 85 32 67 49 51 58 5 87 68 26 60 46 31 39 20 90 98 9 56 96 ||19 |94 |40 |16 93 |35 |23 |21 |22 |75 |38 4 |41 |62 |84 |64 25 
24244.2 509578
55 1 17 12 30 57 79 43 92 99 89 61 98 90 9 34 71 66 52 3 81 69 53 28 6 |80 36 24 82 29 37 42 15 59 2 97 10 70 47 78 48 88 33 83 18 |11 63 45 76 14 39 31 20 49 5 87 60 26 68 58 51 32 67 85 56 54 |46 100 74 86 44 8 7 95 13 73 91 50 65 ||27 |84 77 |64 94 93 |21 |35 |23 72 |19 22 |38 96 4 |41 |40 16 |75 |25 62 |
24801.4 507444
60 74 86 7 71 44 8 95 13 73 91 50 81 3 66 52 34 53 69 28 6 38 |68 78 33 1 88 48 47 70 10 97 15 2 59 100 29 63 35 82 24 18 |80 51 32 67 85 49 26 87 5 46 31 20 90 39 14 43 79 92 99 89 61 98 9 56 54 |58 65 83 42 37 36 11 55 45 76 57 30 17 12 ||40 |93 |16 |21 |22 |72 |75 96 4 |64 41 |25 62 77 |27 19 |84 |94 |23 
24963.8 492076
48 5 49 67 85 61 14 39 31 46 20 90 98 9 56 |60 100 55 36 82 63 29 42 37 12 17 30 57 45 76 43 79 92 99 89 27 54 |26 7 78 80 15 2 59 97 10 70 47 88 1 74 86 33 83 65 18 |11 24 68 87 58 51 32 50 91 73 13 95 8 44 71 66 81 3 52 34 53 69 28 6 ||84 77 |64 93 38 |22 |72 |35 |96 |19 |40 |21 |62 94 |4 41 |23 |25 |75 16 
25007.4 491703
5 80 48 33 74 73 91 50 13 95 8 44 71 66 52 3 81 69 53 34 75 28 6 |11 68 49 46 20 76 45 57 30 17 12 36 37 42 29 63 82 24 |31 78 86 1 88 47 70 10 97 15 2 59 100 83 65 18 |7 55 60 26 87 58 51 32 67 85 56 9 90 39 14 43 79 92 99 89 61 98 54 ||96 |19 |40 |21 |62 94 |77 |38 4 |41 |84 |64 25 |72 23 |27 22 |93 35 |16 
25259.9 474620

Time:8
Last Iter:10
Last Update:10
Tabu:0
Last Time8
5
47 86 95 32 85 49 51 58 5 87 68 26 60 46 31 14 39 20 90 98 9 56 38 |80 88 36 11 55 30 57 45 76 43 79 92 99 89 19 29 63 82 |1 67 8 91 73 7 13 44 71 66 3 52 34 53 69 81 50 65 83 18 24 |78 74 33 48 70 10 97 15 2 59 100 42 37 12 17 61 54 28 6 ||75 16 |93 |84 4 |22 64 |25 |35 |40 |72 23 |94 |77 |62 27 |21 |96 |41 
22649.7 538573
15 11 57 12 17 30 55 45 76 79 43 31 14 39 61 99 92 89 22 19 35 29 63 82 24 |13 87 32 65 73 91 50 8 44 71 66 3 81 52 34 53 69 28 6 96 |7 36 37 100 59 2 97 10 70 47 80 78 48 88 1 33 74 86 83 72 18 |42 95 49 85 67 51 58 68 26 5 60 46 20 90 98 9 84 56 54 38 ||94 25 4 |16 |23 |27 |41 |77 |75 40 |21 |93 62 64 
23733.5 522724
78 9 45 79 92 98 90 20 31 46 60 26 68 87 5 58 51 49 85 28 6 16 |67 55 54 76 14 39 61 89 99 43 57 30 17 12 62 63 29 82 24 |86 37 56 74 7 13 95 8 44 71 66 34 53 69 52 3 81 73 91 50 |32 11 36 42 100 59 2 15 97 10 70 80 47 48 88 1 33 83 65 18 ||35 |38 |77 |84 |21 |25 64 |94 72 |41 23 |40 75 |93 27 19 |22 |4 96 
23909.6 507751
80 8 95 13 74 48 88 1 33 83 65 73 91 50 81 3 66 52 34 53 69 28 6 |14 86 44 71 67 32 85 49 68 51 58 5 87 26 60 46 31 20 90 9 54 77 93 |7 36 55 17 12 37 42 15 2 47 70 10 97 59 100 29 63 82 24 |78 11 30 57 45 76 43 79 92 99 89 39 61 98 56 18 ||19 |62 |16 |41 |94 25 35 |64 72 |23 |21 |38 |75 96 |27 22 |40 4 |84 |
24053 498446
87 15 11 55 30 57 45 76 43 79 92 99 89 61 14 39 31 20 90 98 9 56 54 |88 68 46 58 5 51 49 32 67 85 34 53 69 81 52 3 66 71 44 8 95 13 73 91 50 28 6 |60 7 80 47 70 10 97 2 59 100 42 37 36 17 12 29 63 82 24 |26 78 48 1 33 74 86 65 83 72 18 ||84 38 |23 |19 22 |21 |40 |75 16 |27 93 77 4 |94 64 62 25 |41 |35 |96 |
24952 483890

Time:0
Last Iter:10
Last Update:10
Tabu:0
Last Time0
5
47 86 95 32 85 49 51 58 5 87 68 26 60 46 31 14 39 20 90 98 9 56 38 |80 88 36 11 55 30 57 45 76 43 79 92 99 89 19 29 63 82 |1 67 8 91 73 7 13 44 71 66 3 52 34 53 69 81 50 65 83 18 24 |78 74 33 48 70 10 97 15 2 59 100 42 37 12 17 61 54 28 6 ||75 16 |93 |84 4 |22 64 |25 |35 |40 |72 23 |94 |77 |62 27 |21 |96 |41 
22649.7 538573
15 11 57 12 17 30 55 45 76 79 43 31 14 39 61 99 92 89 22 19 35 29 63 82 24 |13 87 32 65 73 91 50 8 44 71 66 3 81 52 34 53 69 28 6 96 |7 36 37 100 59 2 97 10 70 47 80 78 48 88 1 33 74 86 83 72 18 |42 95 49 85 67 51 58 68 26 5 60 46 20 90 98 9 84 56 54 38 ||94 25 4 |16 |23 |27 |41 |77 |75 40 |21 |93 62 64 
23733.5 522724
78 9 45 79 92 98 90 20 31 46 60 26 68 87 5 58 51 49 85 28 6 16 |67 55 54 76 14 39 61 89 99 43 57 30 17 12 62 63 29 82 24 |86 37 56 74 7 13 95 8 44 71 66 34 53 69 52 3 81 73 91 50 |32 11 36 42 100 59 2 15 97 10 70 80 47 48 88 1 33 83 65 18 ||35 |38 |77 |84 |21 |25 64 |94 72 |41 23 |40 75 |93 27 19 |22 |4 96 
23909.6 507751
80 8 95 13 74 48 88 1 33 83 65 73 91 50 81 3 66 52 34 53 69 28 6 |14 86 44 71 67 32 85 49 68 51 58 5 87 26 60 46 31 20 90 9 54 77 93 |7 36 55 17 12 37 42 15 2 47 70 10 97 59 100 29 63 82 24 |78 11 30 57 45 76 43 79 92 99 89 39 61 98 56 18 ||19 |62 |16 |41 |94 25 35 |64 72 |23 |21 |38 |75 96 |27 22 |40 4 |84 |
24053 498446
87 15 11 55 30 57 45 76 43 79 92 99 89 61 14 39 31 20 90 98 9 56 54 |88 68 46 58 5 51 49 32 67 85 34 53 69 81 52 3 66 71 44 8 95 13 73 91 50 28 6 |60 7 80 47 70 10 97 2 59 100 42 37 36 17 12 29 63 82 24 |26 78 48 1 33 74 86 65 83 72 18 ||84 38 |23 |19 22 |21 |40 |75 16 |27 93 77 4 |94 64 62 25 |41 |35 |96 |
24952 483890

