Time:0
Last Iter:10
Last Update:10
Tabu:0
Last Time0
8
99 100 73 56 77 48 21 52 94 34 4 87 86 22 |7 66 54 67 53 30 59 78 41 58 46 23 90 92 32 |38 26 85 9 29 57 37 33 5 8 96 17 24 60 31 10 68 88 19 |93 18 45 72 14 84 15 55 12 71 1 62 ||47 27 91 |69 95 74 35 42 |49 75 20 39 61 11 98 13 |80 2 51 81 44 79 64 83 76 |40 89 |65 16 25 63 28 97 36 |82 43 70 3 50 6 
5270.13 197049
66 5 33 37 8 53 57 29 9 59 82 30 80 68 10 88 19 64 |24 60 31 14 48 21 52 95 22 62 |54 96 17 67 26 78 41 46 77 90 23 92 32 |38 7 1 12 73 15 84 4 94 72 45 18 86 ||85 55 100 71 49 |87 |89 76 16 42 25 20 75 |50 91 3 65 |81 51 93 27 58 43 70 47 |39 28 97 99 |40 35 79 11 83 61 63 6 |2 36 69 44 34 56 |13 74 |98 
6051.55 188342
1 12 15 84 86 77 30 44 38 |46 41 26 78 59 66 54 96 17 24 31 88 19 |22 7 5 8 33 37 9 29 57 53 67 60 10 68 |62 73 14 48 21 52 94 4 72 45 18 90 23 92 32 ||87 89 |71 49 50 |100 6 39 76 65 11 98 13 |58 91 70 |61 83 25 63 28 20 75 97 99 |2 80 85 3 27 43 |79 47 40 69 55 |16 56 |34 |51 82 35 64 36 |93 42 81 |95 74 |
6332.5 165346
46 26 85 78 27 41 59 38 23 90 92 32 |18 45 72 4 86 22 8 33 37 9 29 57 53 67 60 |30 66 5 54 96 17 24 31 88 10 68 19 |77 52 94 21 48 14 84 15 12 73 62 1 7 ||3 2 |71 42 25 |20 6 39 75 44 |11 80 40 |70 |43 |76 61 16 83 64 36 56 |93 74 |34 87 13 |89 49 100 55 |50 95 69 35 47 |65 63 28 98 79 81 |58 91 51 97 99 |82 
7289.5 164616
46 41 26 78 59 66 54 96 17 24 31 88 19 |7 5 8 33 37 9 29 57 53 67 60 10 68 |62 86 14 48 21 52 94 4 72 45 18 90 23 92 32 |30 38 77 84 15 12 73 1 22 ||36 |82 28 |100 99 50 87 |58 |95 |47 |98 61 76 |71 20 |74 35 34 55 |65 |43 91 3 93 |49 75 39 63 13 |40 80 2 89 81 79 |25 64 83 |51 11 42 16 6 56 44 |69 70 |85 97 |27 |
7350.15 162798
72 18 86 1 7 17 96 24 53 67 60 31 88 |52 94 45 4 14 84 15 12 73 62 22 |48 21 77 90 23 46 41 26 78 59 38 32 |92 54 66 5 8 33 37 57 9 29 30 68 10 19 ||70 85 27 44 11 |20 |39 6 |99 80 42 |25 71 |76 61 16 |64 36 56 |93 74 |49 75 |13 |83 |43 40 34 87 |82 3 |89 |100 55 |50 95 69 35 47 |58 91 81 51 79 |98 2 65 28 63 |97 
7681.64 152335
67 53 29 9 26 78 46 41 59 30 68 10 19 |38 23 90 92 84 14 48 21 52 94 45 18 86 |7 54 66 5 33 37 57 8 96 17 24 60 31 88 |77 72 4 15 73 12 1 62 22 32 ||99 |11 40 |51 82 43 3 70 85 27 44 |20 |75 |39 6 |80 42 |25 71 |76 61 16 83 64 36 56 |63 74 |93 |34 87 13 |89 49 100 55 |28 98 |81 |50 95 69 35 47 |65 79 |58 91 2 97 |
9498.11 151603
7 28 54 66 5 33 37 8 96 17 24 60 31 |77 72 4 15 73 12 71 1 62 22 32 |38 46 41 26 78 59 9 29 57 53 67 30 68 10 88 19 |48 21 52 94 14 84 86 18 45 92 90 23 ||99 |11 40 |51 |43 3 93 |82 74 81 98 |58 27 91 85 65 |89 13 |95 35 34 |87 6 49 63 83 |80 |44 |64 |75 20 76 25 |47 69 |50 79 |39 42 2 |55 61 100 97 |70 |16 56 |36 |
10056 148374

Time:0
Last Iter:10
Last Update:10
Tabu:0
Last Time0
8
99 100 73 56 77 48 21 52 94 34 4 87 86 22 |7 66 54 67 53 30 59 78 41 58 46 23 90 92 32 |38 26 85 9 29 57 37 33 5 8 96 17 24 60 31 10 68 88 19 |93 18 45 72 14 84 15 55 12 71 1 62 ||47 27 91 |69 95 74 35 42 |49 75 20 39 61 11 98 13 |80 2 51 81 44 79 64 83 76 |40 89 |65 16 25 63 28 97 36 |82 43 70 3 50 6 
5270.13 197049
66 5 33 37 8 53 57 29 9 59 82 30 80 68 10 88 19 64 |24 60 31 14 48 21 52 95 22 62 |54 96 17 67 26 78 41 46 77 90 23 92 32 |38 7 1 12 73 15 84 4 94 72 45 18 86 ||85 55 100 71 49 |87 |89 76 16 42 25 20 75 |50 91 3 65 |81 51 93 27 58 43 70 47 |39 28 97 99 |40 35 79 11 83 61 63 6 |2 36 69 44 34 56 |13 74 |98 
6051.55 188342
1 12 15 84 86 77 30 44 38 |46 41 26 78 59 66 54 96 17 24 31 88 19 |22 7 5 8 33 37 9 29 57 53 67 60 10 68 |62 73 14 48 21 52 94 4 72 45 18 90 23 92 32 ||87 89 |71 49 50 |100 6 39 76 65 11 98 13 |58 91 70 |61 83 25 63 28 20 75 97 99 |2 80 85 3 27 43 |79 47 40 69 55 |16 56 |34 |51 82 35 64 36 |93 42 81 |95 74 |
6332.5 165346
46 26 85 78 27 41 59 38 23 90 92 32 |18 45 72 4 86 22 8 33 37 9 29 57 53 67 60 |30 66 5 54 96 17 24 31 88 10 68 19 |77 52 94 21 48 14 84 15 12 73 62 1 7 ||3 2 |71 42 25 |20 6 39 75 44 |11 80 40 |70 |43 |76 61 16 83 64 36 56 |93 74 |34 87 13 |89 49 100 55 |50 95 69 35 47 |65 63 28 98 79 81 |58 91 51 97 99 |82 
7289.5 164616
46 41 26 78 59 66 54 96 17 24 31 88 19 |7 5 8 33 37 9 29 57 53 67 60 10 68 |62 86 14 48 21 52 94 4 72 45 18 90 23 92 32 |30 38 77 84 15 12 73 1 22 ||36 |82 28 |100 99 50 87 |58 |95 |47 |98 61 76 |71 20 |74 35 34 55 |65 |43 91 3 93 |49 75 39 63 13 |40 80 2 89 81 79 |25 64 83 |51 11 42 16 6 56 44 |69 70 |85 97 |27 |
7350.15 162798
72 18 86 1 7 17 96 24 53 67 60 31 88 |52 94 45 4 14 84 15 12 73 62 22 |48 21 77 90 23 46 41 26 78 59 38 32 |92 54 66 5 8 33 37 57 9 29 30 68 10 19 ||70 85 27 44 11 |20 |39 6 |99 80 42 |25 71 |76 61 16 |64 36 56 |93 74 |49 75 |13 |83 |43 40 34 87 |82 3 |89 |100 55 |50 95 69 35 47 |58 91 81 51 79 |98 2 65 28 63 |97 
7681.64 152335
67 53 29 9 26 78 46 41 59 30 68 10 19 |38 23 90 92 84 14 48 21 52 94 45 18 86 |7 54 66 5 33 37 57 8 96 17 24 60 31 88 |77 72 4 15 73 12 1 62 22 32 ||99 |11 40 |51 82 43 3 70 85 27 44 |20 |75 |39 6 |80 42 |25 71 |76 61 16 83 64 36 56 |63 74 |93 |34 87 13 |89 49 100 55 |28 98 |81 |50 95 69 35 47 |65 79 |58 91 2 97 |
9498.11 151603
7 28 54 66 5 33 37 8 96 17 24 60 31 |77 72 4 15 73 12 71 1 62 22 32 |38 46 41 26 78 59 9 29 57 53 67 30 68 10 88 19 |48 21 52 94 14 84 86 18 45 92 90 23 ||99 |11 40 |51 |43 3 93 |82 74 81 98 |58 27 91 85 65 |89 13 |95 35 34 |87 6 49 63 83 |80 |44 |64 |75 20 76 25 |47 69 |50 79 |39 42 2 |55 61 100 97 |70 |16 56 |36 |
10056 148374

Time:1
Last Iter:10
Last Update:10
Tabu:0
Last Time1
14
84 14 4 56 18 45 72 94 48 21 52 74 40 77 35 47 46 90 23 92 32 |15 12 1 49 63 54 17 31 10 68 30 82 38 19 |78 59 57 37 33 8 5 66 89 76 16 96 24 60 67 53 11 88 |41 27 26 93 9 29 7 62 73 22 86 ||6 43 |99 100 55 50 2 |61 91 |20 98 58 70 |97 75 39 25 28 83 42 64 51 |81 44 80 65 85 3 |87 95 34 69 79 36 71 13 
5543.36 220297
92 94 21 52 74 35 77 40 72 45 18 4 84 50 86 22 |14 48 46 70 26 91 78 27 58 41 59 44 38 32 |90 15 73 62 1 17 5 67 53 57 9 29 30 10 68 19 |23 12 71 7 54 96 66 33 65 37 8 24 60 31 88 ||85 |82 |81 42 34 |11 80 64 79 98 13 47 |6 49 75 97 100 55 83 |69 95 87 56 36 2 51 |61 93 |99 76 43 3 |25 39 63 28 20 16 89 
6030.68 205226
20 1 62 73 12 15 84 14 48 21 52 94 72 45 18 86 22 |4 77 90 92 63 54 67 10 68 38 32 |30 66 37 9 57 53 24 17 7 |23 46 41 26 78 59 29 33 8 5 96 60 31 88 19 ||71 |40 74 |47 35 95 50 100 39 28 |42 83 93 |16 61 25 6 97 99 55 87 56 |51 11 2 65 85 91 70 58 43 44 |49 76 89 80 82 |3 81 98 64 36 13 |69 |75 79 34 27 
6379.63 187008
59 78 41 46 77 18 4 14 84 86 22 |15 23 21 48 94 72 45 90 52 92 32 |12 73 62 1 7 54 96 17 60 31 10 68 19 |38 26 9 29 66 37 33 57 5 8 24 67 53 30 88 ||74 34 |56 |70 3 43 44 81 80 79 36 42 |76 |2 |13 95 69 58 27 85 51 |39 11 100 99 |83 |93 |61 16 28 6 55 87 |98 |91 65 |63 25 20 75 49 71 64 82 |89 40 47 35 50 |97 
6486.75 184398
59 78 41 46 77 18 4 14 84 86 22 |15 48 21 52 94 72 45 90 23 92 32 |12 73 62 1 7 54 96 17 60 31 10 68 19 |38 26 9 29 57 37 33 66 5 8 24 67 53 30 88 ||79 50 69 34 25 56 |63 89 97 |70 27 3 |98 44 81 51 2 64 36 39 100 ||74 40 42 |83 |99 |61 16 28 6 55 87 |85 11 95 91 |65 |80 43 20 75 49 71 |76 58 47 35 82 |93 13 
6487.3 169776
59 78 41 46 77 18 4 14 84 86 22 |15 48 21 52 94 72 45 90 23 92 32 |12 73 62 1 7 54 96 17 60 31 10 68 19 |38 26 9 29 57 37 33 66 5 8 24 67 53 30 88 ||74 34 |56 |70 3 43 44 81 80 79 36 42 |76 |13 95 69 58 27 85 51 |39 83 100 99 |61 16 28 6 55 87 |98 11 2 91 65 |63 25 20 75 49 71 64 82 |89 40 47 35 50 |93 97 
7184.9 163913
46 59 38 31 57 8 24 96 17 7 |26 78 41 77 52 21 48 94 72 90 23 92 32 |54 66 5 33 37 9 29 60 67 53 30 68 10 88 19 |12 1 62 73 15 84 14 4 45 18 86 22 ||36 |64 82 91 |89 65 |16 25 6 99 13 56 40 |43 58 27 93 |69 34 100 39 63 28 76 83 |3 |85 70 44 79 61 |71 97 20 87 95 |74 |42 81 11 50 98 2 80 |49 55 51 47 |75 |35 |
7570.91 160751
26 8 66 5 33 37 9 29 57 53 67 30 38 |59 78 41 46 77 18 4 14 84 86 22 |15 48 21 52 94 72 45 90 23 92 32 |12 73 62 1 7 54 96 17 24 60 31 88 10 68 19 ||36 |64 82 91 |89 65 |16 25 6 99 13 56 40 |43 58 27 93 |34 100 39 63 28 76 83 |3 |85 70 44 79 61 |69 74 |71 97 20 87 95 98 |81 80 42 51 11 2 |55 |75 49 |47 35 50 
7868.97 153198
41 26 78 59 38 46 77 86 22 |73 14 94 48 21 52 72 4 45 18 90 23 92 32 |66 54 5 8 33 37 57 9 29 53 67 30 68 10 19 |84 15 12 62 1 7 17 96 24 60 31 88 ||11 |64 42 35 |89 65 |80 16 25 97 |56 40 |87 58 27 93 |6 |69 34 100 39 63 28 76 83 |3 |81 |91 |99 95 20 61 79 |98 44 85 70 2 |50 |13 51 |36 |55 |43 |49 74 47 82 |75 71 |
9301.31 152336
41 26 78 59 38 46 77 86 22 |73 14 94 48 21 52 72 4 45 18 90 23 92 32 |66 54 5 8 33 37 57 9 29 53 67 30 68 10 19 |84 15 12 62 1 7 17 96 24 60 31 88 ||99 |11 |42 |97 |87 36 |74 2 70 |83 100 69 34 |63 25 |50 27 |93 |61 |6 |40 28 |91 3 |64 56 39 |75 89 80 51 81 98 79 |85 |44 |65 |76 |55 |16 43 20 |49 71 |58 47 35 95 82 |13 
9695.15 151640
41 26 78 59 38 46 77 86 22 |73 14 94 48 21 52 72 4 45 18 90 23 92 32 |66 54 5 8 33 37 57 9 29 53 67 30 68 10 19 |84 15 12 62 1 7 17 96 24 60 31 88 ||2 |11 80 |16 35 |42 |93 85 |70 |89 |65 |83 20 25 50 |44 56 |27 58 |81 |3 |100 ||63 |69 40 |87 98 |91 34 64 |99 39 6 28 |51 |79 |61 97 76 95 |36 55 |43 |13 49 74 47 |71 |82 |75 
10516.5 151512
41 26 78 59 38 46 77 86 22 |73 14 94 48 21 52 72 4 45 18 90 23 92 32 |66 54 5 8 33 37 57 9 29 53 67 30 68 10 19 |84 15 12 62 1 7 17 96 24 60 31 88 ||64 |11 80 79 3 93 85 |36 16 25 65 |35 |56 42 |87 70 27 43 6 |89 20 50 |58 |69 34 100 ||63 |40 91 98 81 44 |39 99 |2 |28 76 |83 61 |13 |71 97 95 |74 |55 |47 |82 51 |49 75 |
11310 149951
41 26 78 59 38 46 77 86 22 |73 14 94 48 21 52 72 4 45 18 90 23 92 32 |66 54 5 8 33 37 57 9 29 53 67 30 68 10 19 |84 15 12 62 1 7 17 96 24 60 31 88 ||2 |11 80 16 |3 42 |93 85 35 |70 27 64 |6 65 |20 25 50 56 13 44 |43 58 |100 97 |74 40 87 |55 |83 39 99 |69 61 34 |79 |89 |51 63 98 |91 |81 28 76 95 36 |82 47 |71 49 75 |
11582.5 149849
41 26 78 59 38 46 77 86 22 |73 14 94 48 21 52 72 4 45 18 90 23 92 32 |66 54 5 8 33 37 57 9 29 53 67 30 68 10 19 |84 15 12 62 1 7 17 96 24 60 31 88 ||2 |11 80 |16 3 42 |93 85 35 |70 27 64 |65 |6 |20 25 50 56 13 44 |43 58 |100 97 |74 40 |55 |83 39 99 87 |69 34 61 |89 |51 63 98 |79 |91 |28 |75 |49 71 76 |47 36 |95 82 |81 
11929.6 147686

Time:1
Last Iter:10
Last Update:9
Tabu:0
Last Time1
9
26 9 29 57 37 33 8 5 66 54 96 60 31 88 19 |34 70 3 77 48 21 52 94 4 86 22 |14 84 15 12 73 62 1 7 83 17 24 67 53 10 68 38 |78 30 59 41 46 72 45 18 90 23 92 32 ||97 |100 99 71 39 63 76 |50 56 79 82 43 27 85 |47 35 44 81 11 2 65 80 |40 95 55 36 64 42 |89 58 |16 6 75 25 20 49 13 |98 |28 61 51 93 |74 69 |87 |91 
5519.75 184154
52 21 48 94 4 14 84 15 12 75 |5 33 37 8 96 24 17 7 1 73 62 22 32 |54 66 30 9 29 57 53 67 60 31 88 10 68 19 |59 26 78 41 46 77 72 45 18 86 90 23 92 38 ||25 20 |49 |100 99 71 39 63 76 |50 56 79 82 43 27 85 |47 35 44 81 11 2 65 80 |40 95 55 36 64 42 |89 58 |97 28 61 83 51 |87 34 74 91 |13 98 93 3 70 |69 16 6 
6466.33 178674
54 89 66 33 37 8 5 96 17 24 67 60 31 10 68 38 19 |1 12 73 15 86 4 72 18 45 90 23 92 32 |46 41 26 78 59 53 57 9 29 30 88 |77 52 48 21 94 14 84 22 62 7 ||75 |40 |28 61 79 98 51 93 |13 35 74 55 71 |50 99 6 49 20 16 64 11 |81 |44 43 58 56 87 100 36 |95 69 82 80 85 91 27 |47 34 70 3 39 |63 25 76 83 42 2 |97 65 
6909.41 165529
5 33 37 8 96 24 17 7 1 73 62 |54 66 30 9 29 57 53 67 60 31 88 10 68 19 |59 26 78 41 46 77 72 45 18 86 90 23 92 38 |12 15 4 94 52 21 48 14 84 22 32 ||25 20 |49 81 |100 99 71 39 63 76 |50 56 79 82 44 43 27 85 |47 35 40 95 55 36 64 |2 42 89 58 |61 75 |97 28 |83 65 51 |87 34 74 91 |13 98 80 |93 3 70 |69 16 6 |11 
7078.87 163322
9 29 57 37 33 8 5 66 54 96 17 7 32 |15 12 1 24 60 31 67 53 30 10 88 |26 78 59 41 46 77 90 23 92 38 68 19 |84 14 48 21 52 94 72 4 45 18 86 22 73 62 ||11 |25 |49 |40 |81 2 65 91 70 58 |87 99 97 |16 79 |20 71 47 95 50 13 |100 64 42 82 98 44 |75 |56 34 74 35 3 85 36 |39 76 63 55 |43 27 6 |89 28 61 83 51 |80 93 |69 |
8293.04 162055
53 67 86 4 84 22 73 62 1 7 |54 66 5 9 29 57 33 37 8 96 17 24 60 31 10 68 19 |18 46 41 26 78 59 30 38 88 |12 15 14 45 72 94 48 21 52 77 90 23 92 32 ||100 71 75 25 63 61 |2 65 93 3 |97 39 64 |85 70 81 82 98 79 80 |34 87 |89 16 36 6 |43 91 40 74 |35 |47 55 56 13 44 51 |99 20 42 11 |49 |50 95 69 |83 76 28 27 58 |
8388.53 160942
5 33 37 8 96 24 17 7 1 73 62 |54 66 30 9 29 57 53 67 60 31 88 10 68 19 |59 26 78 41 46 77 72 45 18 86 90 23 92 38 |12 15 4 94 52 21 48 14 84 22 32 ||83 25 63 |61 2 |20 49 |81 |100 99 |28 56 50 82 79 |85 27 44 43 |47 55 51 36 64 |42 89 58 40 95 |97 39 |65 13 87 |35 |71 6 75 34 74 |76 16 |91 |98 |93 3 80 |69 |70 |11 
9251.57 158986
53 67 86 4 84 22 73 62 1 7 |54 66 5 9 29 57 33 37 8 96 17 24 60 31 10 68 19 |18 46 41 26 78 59 30 38 88 |12 15 14 45 72 94 48 21 52 77 90 23 92 32 ||100 71 75 49 83 61 |95 65 93 3 |87 |97 39 64 |85 |81 82 98 79 80 42 |50 |89 16 36 6 |43 91 40 74 |47 35 56 13 44 51 |99 20 55 |70 11 2 76 28 63 25 |34 |69 27 58 |
9887.34 158708
73 12 15 84 14 48 21 52 94 77 46 23 90 92 32 |29 7 1 62 22 4 72 45 18 86 |41 26 78 59 9 37 8 57 10 68 19 |38 30 33 5 66 54 96 17 24 53 67 60 31 88 ||58 |83 93 |40 74 100 95 |2 89 16 65 |85 70 81 82 98 79 80 |99 97 |20 71 47 50 13 |49 |64 42 |44 |75 |56 34 |35 27 |36 |25 39 63 |91 3 51 |61 28 76 11 |55 6 |43 |69 87 
9983.46 150559

Time:1
Last Iter:10
Last Update:10
Tabu:0
Last Time1
8
66 5 33 8 37 57 29 9 26 59 30 38 23 90 92 32 13 |72 45 18 86 22 1 39 20 76 54 16 17 96 24 60 31 19 |62 73 12 15 84 14 4 94 52 77 46 |48 21 78 41 53 67 68 10 88 7 ||93 28 83 61 63 89 |82 51 98 79 42 49 56 |95 47 58 100 99 |87 |6 75 55 50 44 81 |65 43 |64 11 2 25 71 34 |36 97 40 35 69 74 |85 |3 91 27 70 80 
6350.08 217835
69 27 58 59 30 53 57 37 8 96 17 24 67 31 10 68 88 19 |60 29 9 33 5 66 89 54 61 7 1 62 |38 26 3 78 41 46 77 40 21 48 52 94 34 72 45 32 |23 90 92 99 12 73 15 84 14 4 18 86 22 ||47 |64 81 91 |63 2 51 82 |93 16 42 20 49 71 97 |50 85 43 |100 95 |55 6 65 11 |25 28 76 36 80 |87 74 35 70 |75 |83 39 13 56 79 44 98 
6442.26 189023
78 26 46 1 62 73 84 4 45 18 86 13 |41 59 38 39 24 96 17 76 54 16 7 |22 12 15 14 48 21 52 94 72 77 90 23 92 32 |66 5 33 8 37 9 29 57 53 67 60 31 30 68 10 88 19 ||63 49 20 6 28 |2 93 65 25 75 |87 95 47 91 3 85 81 82 80 |100 55 97 71 |50 74 58 27 51 11 36 |83 61 89 |70 44 99 98 79 64 |40 35 69 42 56 |43 34 |
6996.14 171030
57 29 9 26 78 59 41 46 23 90 92 32 |7 54 66 5 33 37 8 96 17 24 67 53 30 38 68 10 88 19 |60 31 14 48 21 52 94 72 45 18 86 |77 4 84 15 12 73 1 62 22 ||47 |64 81 91 |63 2 80 51 82 |93 16 39 20 75 49 71 97 |42 |76 28 89 44 |85 43 40 |65 |11 |34 95 6 56 |13 |83 |87 50 |3 61 |79 |98 |74 |25 |58 |70 27 69 |36 |99 |55 100 35 
7413.15 150637
57 29 9 26 78 59 41 46 23 90 92 32 |7 54 66 5 33 37 8 96 17 24 67 53 30 38 68 10 88 19 |60 31 14 48 21 52 94 72 45 18 86 |77 4 84 15 12 73 1 62 22 ||47 |64 81 91 |63 2 80 51 82 |93 16 39 20 75 49 71 97 |50 |28 76 |85 43 42 |100 95 40 35 |6 |11 |34 56 13 |83 |61 |3 25 |87 79 |98 |74 |44 |58 27 70 69 36 |99 |55 |65 89 
7745.49 147385
57 29 9 26 78 59 41 46 23 90 92 32 |7 54 66 5 33 37 8 96 17 24 67 53 30 38 68 10 88 19 |60 31 14 48 21 52 94 72 45 18 86 |77 4 84 15 12 73 1 62 22 ||47 |64 81 91 |63 2 80 51 82 |93 16 39 20 75 49 71 97 |50 |28 76 |85 43 44 42 |100 95 40 35 |6 |11 |34 56 13 |83 |61 |3 25 |87 79 |98 |74 |58 27 70 69 36 |99 |55 |65 89 
7814.04 147363
57 29 9 26 78 59 41 46 23 90 92 32 |7 54 66 5 33 37 8 96 17 24 67 53 30 38 68 10 88 19 |60 31 14 48 21 52 94 72 45 18 86 |77 4 84 15 12 73 1 62 22 ||47 |64 81 91 |63 2 80 51 82 |93 16 39 20 75 49 71 |97 50 |28 76 |85 43 44 |100 95 40 35 |6 |11 |55 56 13 |83 |34 |61 |3 |87 98 |74 |79 |25 |58 27 70 |69 36 |99 |65 |42 89 
8791.48 144719
57 29 9 26 78 59 41 46 23 90 92 32 |7 54 66 5 33 37 8 96 17 24 67 53 30 38 68 10 88 19 |60 31 14 48 21 52 94 72 45 18 86 |77 4 84 15 12 73 1 62 22 ||47 |64 81 91 |63 2 80 51 82 |93 16 39 20 75 49 71 |97 50 |28 76 |85 43 44 |100 ||95 40 35 |55 |6 65 11 |34 56 |42 |83 |13 |87 98 |74 |79 |25 |58 27 70 |69 36 |99 |3 |61 89 
9729.25 143741

Time:0
Last Iter:10
Last Update:10
Tabu:0
Last Time0
10
26 74 52 21 48 94 14 84 4 72 45 18 87 86 56 |66 5 33 37 8 24 10 38 46 69 40 77 90 23 92 32 |85 78 70 58 41 59 30 9 29 57 53 67 60 31 88 68 19 |15 73 12 49 17 96 54 76 25 7 1 62 22 ||11 |39 |61 16 83 98 |35 44 81 64 79 36 50 |65 93 3 91 27 |47 34 13 2 80 51 43 |99 97 55 |95 100 20 28 89 42 |71 63 6 75 82 
5948.44 201346
14 48 21 52 74 77 46 41 26 78 59 38 68 10 19 79 |23 90 92 32 71 99 12 15 73 62 1 7 |72 94 4 45 18 30 66 5 8 96 17 24 60 |86 84 22 54 33 37 9 29 57 53 67 31 88 ||27 91 3 85 98 51 11 |61 |89 42 39 |69 47 81 82 36 |65 |34 95 87 56 13 64 16 83 76 |100 49 |28 63 25 6 75 20 55 |50 44 2 |97 70 |80 93 58 43 35 40 
6102.09 185463
4 94 52 21 48 14 84 99 57 37 33 8 96 17 24 88 |86 18 45 72 77 90 23 92 9 29 53 67 60 31 10 68 19 |26 46 41 78 59 30 38 32 |5 66 54 7 1 12 15 73 62 22 ||27 91 3 85 98 11 |83 61 76 |89 42 16 39 |69 34 47 |81 82 36 |65 |28 63 25 6 49 75 20 55 |87 |51 80 |95 50 56 13 44 2 |100 97 70 |93 58 43 35 40 74 79 64 |71 
6255.35 182689
5 66 54 7 1 12 15 73 62 |17 84 14 48 21 52 94 4 72 45 18 86 22 |29 9 33 24 30 59 78 41 38 23 90 92 32 |77 46 26 96 8 37 57 53 67 60 31 10 68 88 19 ||27 91 3 85 98 51 11 |83 61 76 |89 42 16 39 |69 34 47 |81 82 36 |65 |28 63 25 6 49 75 20 55 |87 |95 50 56 13 44 2 |100 97 70 |80 93 58 43 35 40 74 79 64 |71 99 |
6317.53 166076
46 47 77 52 21 48 94 45 18 4 84 50 86 22 |72 14 15 12 73 99 1 62 7 |41 26 78 59 9 57 37 8 96 17 24 67 60 31 88 19 |54 66 5 33 29 53 30 10 68 38 23 90 92 32 ||80 51 44 |63 75 87 |81 89 6 |83 25 56 95 100 ||91 70 |76 28 20 49 39 |97 27 3 |13 79 36 |16 61 42 11 82 98 85 64 |58 35 40 74 34 69 |71 55 |2 65 93 43 
7127.44 158812
94 86 45 18 4 84 15 12 73 22 32 |41 26 78 59 29 9 37 57 53 30 68 10 |14 48 21 52 72 77 46 90 23 92 38 19 |62 1 7 54 66 8 33 5 96 17 24 67 60 31 88 ||80 70 44 |63 75 87 |6 25 |27 91 3 85 98 51 11 |83 61 76 89 |69 34 93 |97 |56 95 100 28 20 |49 39 |16 |82 |13 79 36 81 |42 |64 |58 35 40 74 |71 55 |47 |2 65 43 50 |99 |
7782.08 157422
41 26 78 59 29 9 37 57 53 30 68 10 |14 48 21 52 72 77 46 90 23 38 19 |62 1 7 54 66 8 33 5 96 17 24 67 60 31 88 |73 12 15 84 94 4 45 18 86 22 92 32 ||80 51 44 |87 |81 50 |83 |56 95 100 ||91 70 76 28 20 36 |39 |97 27 3 |63 25 6 49 75 |55 |85 89 |13 |82 61 |16 42 11 |98 64 |58 35 |40 74 34 69 |71 79 |47 |2 |65 93 43 99 |
7872.67 151850
41 26 78 59 29 9 37 57 53 30 68 10 |14 48 21 52 72 77 46 90 23 38 19 |62 1 7 54 66 8 33 5 96 17 24 67 60 31 88 |73 12 15 84 94 4 45 18 86 22 92 32 ||80 51 44 |87 |81 |50 |83 |56 95 100 ||91 70 76 28 20 36 |39 |97 27 3 |63 25 6 49 75 |55 |85 89 |13 |82 61 |16 42 11 |98 64 |58 35 40 74 34 69 |93 |71 |47 |2 |65 43 79 |99 |
7950.81 149679
41 26 78 59 29 9 37 57 53 30 68 10 |14 48 21 52 72 77 46 90 23 38 19 |62 1 7 54 66 8 33 5 96 17 24 67 60 31 88 |73 12 15 84 94 4 45 18 86 22 92 32 ||80 51 44 |87 |81 |50 |83 |56 95 100 ||91 70 76 28 20 36 |39 |97 27 3 |25 |49 |63 |6 |75 |85 89 |13 |82 |79 |16 61 42 11 |64 |98 |58 35 40 34 69 74 |55 71 |47 |2 65 |93 |43 99 |
8357.85 149656
41 26 78 59 29 9 37 57 53 30 68 10 |14 48 21 52 72 77 46 90 23 38 19 |62 1 7 54 66 8 33 5 96 17 24 67 60 31 88 |73 12 15 84 94 4 45 18 86 22 92 32 ||80 70 44 |63 75 87 |6 25 |27 91 3 85 98 51 11 |83 61 76 |89 |16 |56 |100 39 |20 |81 |82 |13 |36 |97 42 |95 64 |58 35 34 69 |55 28 |47 40 74 |71 |49 |2 65 |93 50 |43 79 |99 |
8622.35 146813

Time:1
Last Iter:10
Last Update:10
Tabu:0
Last Time1
10
26 74 52 21 48 94 14 84 4 72 45 18 87 86 56 |66 5 33 37 8 24 10 38 46 69 40 77 90 23 92 32 |85 78 70 58 41 59 30 9 29 57 53 67 60 31 88 68 19 |15 73 12 49 17 96 54 76 25 7 1 62 22 ||11 |39 |61 16 83 98 |35 44 81 64 79 36 50 |65 93 3 91 27 |47 34 13 2 80 51 43 |99 97 55 |95 100 20 28 89 42 |71 63 6 75 82 
5948.44 201346
14 48 21 52 74 77 46 41 26 78 59 38 68 10 19 79 |23 90 92 32 71 99 12 15 73 62 1 7 |72 94 4 45 18 30 66 5 8 96 17 24 60 |86 84 22 54 33 37 9 29 57 53 67 31 88 ||27 91 3 85 98 51 11 |61 |89 42 39 |69 47 81 82 36 |65 |34 95 87 56 13 64 16 83 76 |100 49 |28 63 25 6 75 20 55 |50 44 2 |97 70 |80 93 58 43 35 40 
6102.09 185463
4 94 52 21 48 14 84 99 57 37 33 8 96 17 24 88 |86 18 45 72 77 90 23 92 9 29 53 67 60 31 10 68 19 |26 46 41 78 59 30 38 32 |5 66 54 7 1 12 15 73 62 22 ||27 91 3 85 98 11 |83 61 76 |89 42 16 39 |69 34 47 |81 82 36 |65 |28 63 25 6 49 75 20 55 |87 |51 80 |95 50 56 13 44 2 |100 97 70 |93 58 43 35 40 74 79 64 |71 
6255.35 182689
5 66 54 7 1 12 15 73 62 |17 84 14 48 21 52 94 4 72 45 18 86 22 |29 9 33 24 30 59 78 41 38 23 90 92 32 |77 46 26 96 8 37 57 53 67 60 31 10 68 88 19 ||27 91 3 85 98 51 11 |83 61 76 |89 42 16 39 |69 34 47 |81 82 36 |65 |28 63 25 6 49 75 20 55 |87 |95 50 56 13 44 2 |100 97 70 |80 93 58 43 35 40 74 79 64 |71 99 |
6317.53 166076
46 47 77 52 21 48 94 45 18 4 84 50 86 22 |72 14 15 12 73 99 1 62 7 |41 26 78 59 9 57 37 8 96 17 24 67 60 31 88 19 |54 66 5 33 29 53 30 10 68 38 23 90 92 32 ||80 51 44 |63 75 87 |81 89 6 |83 25 56 95 100 ||91 70 |76 28 20 49 39 |97 27 3 |13 79 36 |16 61 42 11 82 98 85 64 |58 35 40 74 34 69 |71 55 |2 65 93 43 
7127.44 158812
94 86 45 18 4 84 15 12 73 22 32 |41 26 78 59 29 9 37 57 53 30 68 10 |14 48 21 52 72 77 46 90 23 92 38 19 |62 1 7 54 66 8 33 5 96 17 24 67 60 31 88 ||80 70 44 |63 75 87 |6 25 |27 91 3 85 98 51 11 |83 61 76 89 |69 34 93 |97 |56 95 100 28 20 |49 39 |16 |82 |13 79 36 81 |42 |64 |58 35 40 74 |71 55 |47 |2 65 43 50 |99 |
7782.08 157422
41 26 78 59 29 9 37 57 53 30 68 10 |14 48 21 52 72 77 46 90 23 38 19 |62 1 7 54 66 8 33 5 96 17 24 67 60 31 88 |73 12 15 84 94 4 45 18 86 22 92 32 ||80 51 44 |87 |81 50 |83 |56 95 100 ||91 70 76 28 20 36 |39 |97 27 3 |63 25 6 49 75 |55 |85 89 |13 |82 61 |16 42 11 |98 64 |58 35 |40 74 34 69 |71 79 |47 |2 |65 93 43 99 |
7872.67 151850
41 26 78 59 29 9 37 57 53 30 68 10 |14 48 21 52 72 77 46 90 23 38 19 |62 1 7 54 66 8 33 5 96 17 24 67 60 31 88 |73 12 15 84 94 4 45 18 86 22 92 32 ||80 51 44 |87 |81 |50 |83 |56 95 100 ||91 70 76 28 20 36 |39 |97 27 3 |63 25 6 49 75 |55 |85 89 |13 |82 61 |16 42 11 |98 64 |58 35 40 74 34 69 |93 |71 |47 |2 |65 43 79 |99 |
7950.81 149679
41 26 78 59 29 9 37 57 53 30 68 10 |14 48 21 52 72 77 46 90 23 38 19 |62 1 7 54 66 8 33 5 96 17 24 67 60 31 88 |73 12 15 84 94 4 45 18 86 22 92 32 ||80 51 44 |87 |81 |50 |83 |56 95 100 ||91 70 76 28 20 36 |39 |97 27 3 |25 |49 |63 |6 |75 |85 89 |13 |82 |79 |16 61 42 11 |64 |98 |58 35 40 34 69 74 |55 71 |47 |2 65 |93 |43 99 |
8357.85 149656
41 26 78 59 29 9 37 57 53 30 68 10 |14 48 21 52 72 77 46 90 23 38 19 |62 1 7 54 66 8 33 5 96 17 24 67 60 31 88 |73 12 15 84 94 4 45 18 86 22 92 32 ||80 70 44 |63 75 87 |6 25 |27 91 3 85 98 51 11 |83 61 76 |89 |16 |56 |100 39 |20 |81 |82 |13 |36 |97 42 |95 64 |58 35 34 69 |55 28 |47 40 74 |71 |49 |2 65 |93 50 |43 79 |99 |
8622.35 146813

Time:1
Last Iter:10
Last Update:10
Tabu:0
Last Time1
4
26 78 38 30 57 53 67 31 60 24 96 17 16 88 10 68 19 |71 49 84 15 12 100 73 62 1 |77 94 52 21 48 14 4 72 45 18 86 22 |7 54 66 5 8 33 37 9 29 59 41 46 23 90 92 32 ||36 65 |13 |3 |50 87 56 40 35 70 |42 83 76 28 89 99 |82 98 2 64 |63 61 20 |11 80 51 93 27 91 58 43 |6 75 97 47 |74 95 55 25 |85 |69 34 44 81 79 39 
5828.62 173245
12 55 15 84 14 4 94 72 45 18 86 22 |7 54 66 5 8 33 37 9 29 59 41 46 32 |26 78 38 30 57 53 67 24 96 17 60 31 88 10 68 19 |1 62 73 48 21 52 77 90 23 92 ||49 |79 |2 36 |50 87 40 |75 28 89 65 83 98 |74 58 91 3 70 47 |39 |42 25 63 20 71 99 |27 |97 95 82 44 81 51 80 11 64 |16 61 76 93 56 |35 34 69 43 85 13 |100 6 |
6194.06 158652
12 55 15 84 14 4 94 72 45 18 86 22 |7 54 66 5 8 33 37 9 29 59 41 46 32 |26 78 38 30 57 53 67 24 96 17 60 31 88 10 68 19 |1 62 73 48 21 52 77 90 23 92 ||20 49 97 100 ||69 65 79 |2 11 |50 87 40 |95 34 43 58 3 81 64 |6 25 93 |98 27 |28 |56 |82 |42 44 85 51 80 |47 74 |16 61 76 |39 63 83 |99 35 |36 91 70 89 |13 71 |75 
9808.03 156397
12 55 15 84 14 4 94 72 45 18 86 22 |77 52 21 48 73 62 1 7 |54 66 5 8 33 37 9 29 59 41 46 23 90 92 32 |26 78 38 30 57 53 67 24 96 17 60 31 88 10 68 19 ||40 |79 |2 |100 ||49 36 |75 28 89 65 83 |74 58 91 3 70 47 |20 |81 11 42 56 |95 |85 |50 97 80 64 98 44 13 |87 43 69 27 |93 |6 99 39 |76 |61 25 |35 |71 |63 16 51 82 |34 
11576.7 156070

Time:1
Last Iter:10
Last Update:10
Tabu:0
Last Time1
6
9 29 57 37 33 8 5 66 96 17 1 12 55 100 73 62 |52 21 48 14 15 84 87 22 7 54 24 60 31 88 |26 77 40 94 4 72 45 18 86 90 23 92 32 |46 41 78 59 53 67 11 10 68 30 82 38 19 ||80 |42 61 6 49 |65 |13 |35 |51 44 36 25 20 71 |95 34 50 |3 27 58 70 85 93 81 98 64 |56 47 69 74 |63 28 89 2 79 43 91 |97 39 16 83 76 75 99 
5625.22 191942
31 26 91 41 46 77 34 4 90 23 92 32 |62 73 99 1 7 60 67 53 78 59 30 68 10 88 19 |12 55 15 84 14 48 21 52 94 72 45 18 86 22 |38 3 85 9 29 57 37 33 66 5 8 24 96 17 54 61 42 ||35 74 |80 2 |44 51 |40 6 71 |20 75 |76 28 83 82 79 |100 97 |16 39 49 56 47 43 |58 70 93 69 |63 25 36 64 11 81 98 27 |65 89 13 95 87 50 
6092.64 184704
63 78 9 29 57 37 33 5 8 96 17 24 67 53 60 31 88 |77 46 26 41 59 38 30 68 10 19 |12 15 84 14 48 21 52 94 4 72 90 23 92 32 |66 54 7 1 62 73 45 18 86 22 ||34 |51 |87 99 44 |43 69 |25 28 20 71 55 50 |82 58 93 80 42 |91 3 70 79 |16 61 83 11 64 36 6 97 100 ||98 27 85 89 |13 56 40 81 |49 75 76 65 2 39 |95 74 35 47 
6156.25 165439
78 9 29 57 37 33 5 8 96 17 24 67 53 60 31 88 |77 46 26 41 59 38 30 68 10 19 |12 15 84 14 48 21 52 94 4 72 90 23 92 32 |66 54 7 1 62 73 45 18 86 22 ||34 |51 79 |87 99 44 |43 69 |25 28 20 71 55 50 |82 58 93 80 42 |70 91 3 16 61 83 11 64 36 |27 85 98 |6 97 100 89 |13 56 40 81 |49 75 76 65 2 39 |95 74 35 47 |63 
6369.46 152108
78 9 29 57 37 33 5 8 96 17 24 67 53 60 31 88 |77 46 26 41 59 38 30 68 10 19 |12 15 84 14 48 21 52 94 4 72 90 23 92 32 |66 54 7 1 62 73 45 18 86 22 ||87 95 99 |80 2 |51 64 44 79 |47 |69 6 71 |63 20 75 |65 34 93 |81 56 |49 97 100 50 |55 83 13 |70 85 3 91 40 |16 61 |11 36 |98 27 |39 28 42 82 |58 |43 |76 |89 74 35 |25 
7836.43 148842
78 9 29 57 37 33 5 8 96 17 24 67 53 60 31 88 |77 46 26 41 59 38 30 68 10 19 |12 15 84 14 48 21 52 94 4 72 90 23 92 32 |66 54 7 1 62 73 45 18 86 22 ||87 |50 |3 43 |51 64 44 79 |25 |55 91 |28 20 75 71 |100 34 |82 58 93 80 42 |16 61 83 11 |36 6 97 99 |98 27 85 89 |63 56 40 95 13 |49 76 65 |69 |2 70 |39 |74 35 81 |47 
8665.26 148163

Time:0
Last Iter:10
Last Update:10
Tabu:0
Last Time0
6
41 26 78 59 53 57 8 66 54 1 62 22 |5 33 37 9 29 30 38 48 21 52 94 90 23 92 32 |46 77 14 15 73 7 17 96 24 67 60 31 10 68 88 19 |50 75 20 12 84 34 72 45 18 4 86 ||6 |49 55 |44 81 82 51 80 2 25 63 99 |47 35 |95 56 40 69 74 98 36 |11 83 89 85 27 91 |70 79 100 97 71 |39 16 61 76 28 42 64 13 87 |43 58 3 93 65 |
6004.77 208644
20 12 84 14 48 21 52 94 34 72 45 18 4 86 22 |73 7 24 67 53 30 10 68 38 23 90 92 32 |77 46 41 26 78 59 9 29 57 54 17 60 31 88 19 |66 5 33 37 8 96 1 15 62 ||6 |49 55 |44 81 82 51 80 2 25 63 99 |47 35 |95 56 40 69 74 98 36 |11 83 89 85 27 91 |70 79 100 97 71 |39 16 61 76 28 42 64 13 87 |43 58 3 93 65 |50 75 
6045.01 184905
20 12 15 84 14 48 21 52 94 |66 5 33 37 72 45 18 4 86 22 |62 73 1 7 24 67 53 30 10 68 38 23 90 92 32 |77 46 41 26 78 59 9 29 57 8 54 96 17 60 31 88 19 ||6 |49 |81 82 51 80 100 97 63 |47 35 |95 56 40 69 74 98 36 |11 83 89 |27 91 |58 70 85 44 13 50 34 |42 2 25 39 28 99 55 |71 16 61 76 |79 64 |87 |43 |3 93 65 |75 
6610.69 178579
66 8 37 33 5 24 96 17 54 7 |38 41 26 3 78 59 30 9 29 57 53 67 60 31 68 10 88 19 |15 12 73 62 22 86 18 45 46 23 92 32 |1 84 14 48 21 52 94 4 72 77 90 ||42 |70 40 |89 76 16 28 |58 91 81 82 51 79 6 |95 47 |50 56 13 36 99 20 |85 69 34 100 55 |39 64 |65 63 |98 11 |93 |2 |87 74 35 43 27 |75 83 25 80 |97 49 |61 44 |71 |
6696.52 158507
80 38 41 26 3 78 59 30 9 29 57 53 67 31 88 |15 12 73 62 22 86 18 45 46 23 92 32 |1 84 14 48 21 52 94 4 72 77 90 |7 54 66 5 33 37 8 96 17 24 60 10 68 19 ||42 |70 40 |89 76 16 28 |58 91 81 82 51 79 |6 95 |47 |50 56 13 36 99 20 |85 69 34 100 55 |39 64 |65 63 |98 11 |93 |2 |87 74 35 43 27 |75 |25 |61 |83 97 49 71 |44 
7078.59 152652
80 38 41 26 3 78 59 30 9 29 57 53 67 31 88 |15 12 73 62 22 86 18 45 46 23 92 32 |1 84 14 48 21 52 94 4 72 77 90 |7 54 66 5 33 37 8 96 17 24 60 10 68 19 ||42 |70 40 |89 76 16 28 |58 91 81 82 51 79 |6 95 |47 |50 56 |13 36 25 39 64 |65 63 |98 11 |93 20 100 55 99 |85 69 34 |87 74 35 43 27 |75 |2 |61 83 71 97 49 |44 
8646.51 147976

Execution time: 7.66 seconds
