Time:1
Last Iter:10
Last Update:10
Tabu:0
Last Time1
11
11 29 63 12 47 38 15 43 81 25 73 66 95 60 10 |46 54 41 37 94 14 70 84 8 96 51 78 59 39 1 71 |16 36 69 82 48 93 67 83 13 55 76 24 79 50 23 85 26 100 61 |58 27 68 32 56 4 19 ||77 |42 |64 9 6 |28 18 88 |22 72 |75 |45 74 |7 |2 |33 |35 57 |90 92 30 |21 52 |3 99 |44 53 |34 |5 91 98 |31 87 |20 |40 |49 |62 |86 80 97 |89 |65 17 
18989.2 442151
16 25 46 93 67 83 62 31 97 36 75 55 13 61 |48 24 4 12 47 39 43 95 66 73 81 74 45 99 15 1 78 71 10 60 |14 69 59 68 56 32 11 19 40 51 49 53 96 30 8 26 |82 27 85 23 94 37 41 54 58 70 84 79 50 87 76 100 ||89 |33 |44 |80 |91 9 6 |77 |17 |20 |2 |22 5 18 |21 |29 |34 |63 |35 |28 86 88 |92 |52 |57 65 72 |3 |7 |38 |42 64 |90 98 
20083.3 438414
70 56 51 96 73 43 74 99 15 1 39 59 47 12 4 77 19 78 71 90 |32 48 36 63 24 84 14 94 37 41 58 97 23 85 50 79 76 100 ||68 93 81 66 17 95 10 60 13 9 26 |27 54 8 69 82 46 16 67 83 55 61 ||64 |52 |53 |49 |91 5 |86 |42 |6 22 |30 18 |98 3 |28 92 |44 34 |65 35 |62 31 |7 |11 89 |45 |88 |57 |40 |87 |72 25 |75 |2 |29 |21 80 |38 |20 33 
21197.3 422711
4 67 69 66 73 81 43 95 60 10 |47 15 82 46 48 16 93 83 55 13 64 61 |12 27 96 8 51 68 56 32 19 89 78 59 39 1 71 |70 31 36 14 94 37 41 54 58 85 23 97 84 24 79 50 76 26 100 ||72 |77 |17 |65 9 |90 91 3 |86 |75 |98 |53 |88 80 |45 74 |7 |34 |49 |35 |42 |2 57 |99 |28 30 92 |87 |40 11 |25 |62 |18 22 |33 20 |52 5 |44 21 |6 |38 |29 |63 |
21625.9 400873
54 96 51 68 32 56 4 12 47 45 15 39 59 1 78 71 |8 46 69 82 16 48 93 67 55 13 61 |83 26 19 81 73 66 95 43 60 10 |27 41 36 37 94 14 58 70 84 24 79 23 85 50 76 100 ||31 20 |63 |42 |75 |87 18 |98 |33 |11 |77 |38 |65 17 |7 |6 35 |80 |92 44 |72 25 |62 |57 9 91 |5 90 89 40 |28 88 |34 |97 21 |22 3 74 |2 |49 |99 |29 |64 |86 52 |30 53 |
22787.3 383151
66 15 19 4 47 12 39 59 1 78 71 |85 32 68 27 96 51 8 26 100 ||56 36 37 54 58 41 94 14 70 84 24 79 50 76 55 13 61 |23 73 81 46 48 83 67 93 16 82 69 95 43 60 10 ||86 |53 44 |40 |7 |35 2 |64 18 |97 80 |17 |25 |65 |42 |63 |52 21 |99 74 |89 |45 |3 |77 |20 75 9 |90 22 |29 |11 |72 57 |88 |34 30 |6 |28 |98 |31 33 |92 |49 |38 |62 |91 87 |5 
23724.9 374203
85 15 19 4 47 12 39 59 1 78 71 |66 32 68 27 96 51 8 26 100 ||56 36 37 54 58 41 94 14 70 84 24 79 50 76 55 13 61 |23 73 81 46 48 83 67 93 16 82 69 95 43 60 10 ||88 |57 |62 |92 |7 |35 2 |64 18 |97 80 |25 |65 |17 |42 |63 |52 21 |99 74 |89 |45 |3 |77 |20 75 9 |90 22 |29 |86 28 87 |30 53 |34 44 |11 40 |6 33 |98 |49 |31 72 |91 5 |38 
24583.9 371269
66 15 19 4 47 12 39 59 1 78 71 |85 32 68 27 96 51 8 26 100 ||56 36 37 54 58 41 94 14 70 84 24 79 50 76 55 13 61 |23 73 81 46 48 83 67 93 16 82 69 95 43 60 10 ||88 |57 |62 |92 |7 |35 2 |64 18 |97 80 |17 |25 |65 |42 |63 |52 21 |99 74 |89 |45 |3 |77 |20 75 9 |90 22 |29 |86 28 87 |30 53 |34 44 |11 40 |6 33 |98 |49 |72 91 |31 |5 |38 |
24728.1 370231
85 15 19 4 47 12 39 59 1 78 71 |66 32 68 27 96 51 8 26 100 ||56 36 37 54 58 41 94 14 70 84 24 79 50 76 55 13 61 |23 73 81 46 48 83 67 93 16 82 69 95 43 60 10 ||88 |57 |62 |53 92 |35 2 |18 |97 80 |17 |25 |52 |63 9 |21 |99 74 |89 |65 |42 |7 |3 |45 |77 |20 75 64 |90 |22 |86 28 87 |30 29 |34 44 |11 40 |6 33 |98 |49 |72 91 |31 |5 |38 |
24742.6 367838
85 15 19 4 47 12 39 59 1 78 71 |66 32 68 27 96 51 8 26 100 ||56 36 37 54 58 41 94 14 70 84 24 79 50 76 55 13 61 |23 73 81 46 48 83 67 93 16 82 69 95 43 60 10 ||88 |57 |62 |92 |7 |35 2 |53 18 |97 80 |25 |65 17 |42 |63 |52 21 |99 74 |89 |45 |3 |9 |77 |20 75 64 |90 |22 |86 28 87 |30 29 |34 44 |11 40 |6 33 |98 |49 |72 91 |31 5 |38 
25650.2 364910
85 15 19 4 47 12 39 59 1 78 71 |66 32 68 27 96 51 8 26 100 ||56 36 37 54 58 41 94 14 70 84 24 79 50 76 55 13 61 |23 73 81 46 48 83 67 93 16 82 69 95 43 60 10 ||91 |49 |53 30 |11 40 |29 89 90 |9 18 |28 92 |57 35 |97 80 88 |25 |65 17 |42 |62 |63 |52 21 |99 74 |7 |45 |2 |3 |77 |20 75 64 |22 |86 87 |34 44 |6 33 |98 |72 |31 5 |38 
28110.4 363676

Time:1
Last Iter:10
Last Update:10
Tabu:0
Last Time1
9
73 66 14 75 10 71 |57 36 46 83 67 48 93 16 82 69 35 95 43 60 |62 81 15 12 19 78 1 59 39 47 4 56 32 68 96 51 8 26 100 ||27 94 50 85 23 54 37 41 58 70 84 24 79 76 55 13 61 ||74 |2 |21 |80 97 |33 |17 91 |5 90 89 |53 |25 |52 18 |49 |3 |77 |87 92 |45 99 22 |86 |6 |72 |38 |98 |64 31 88 28 |44 34 |20 9 |65 |11 29 40 |42 |7 |63 |30 
20601.1 424382
66 23 85 52 54 58 41 94 14 70 84 24 79 50 76 100 |27 47 12 4 56 32 68 96 44 51 8 26 |37 19 10 60 95 73 81 45 99 15 39 59 1 78 71 |46 43 82 69 16 48 93 67 83 36 55 13 61 ||38 |80 |33 |88 75 |97 |49 |89 29 |62 |11 |77 |17 |9 3 |98 |6 35 |20 87 |74 |30 |90 40 |28 21 |57 2 |5 |34 |18 91 |65 |92 |63 |53 |31 64 22 |25 72 |7 |42 |86 
21816.4 385707
46 19 96 8 84 24 79 50 26 |73 51 54 58 41 37 94 14 70 23 85 76 61 |36 66 95 69 82 16 48 93 67 83 13 55 100 ||81 27 68 32 56 4 12 47 39 59 78 1 15 43 60 10 71 ||34 |63 87 |57 35 |44 53 30 |65 17 |5 97 |77 |62 |2 |25 |49 |52 |7 90 |91 98 |86 18 21 |92 |6 20 |3 99 |11 |38 |29 40 89 |80 31 |45 74 22 |64 9 88 |72 |42 |33 |75 |28 
21837.7 383405
34 66 26 85 23 50 55 13 61 |81 37 54 41 58 70 14 36 84 24 79 76 100 ||27 43 68 51 96 8 19 32 56 4 12 47 39 59 1 78 71 |94 73 15 46 83 67 48 93 16 82 69 95 60 10 ||63 87 |57 35 |44 53 30 |65 17 |5 97 |77 |62 |2 |25 |49 |52 |7 90 |91 98 |86 18 21 |92 |6 20 |3 99 |11 |38 |29 40 89 |80 31 |45 74 22 |64 9 88 |72 |42 |33 |75 |28 
22235.8 376595
27 43 68 49 96 8 19 32 56 4 12 47 39 59 1 78 71 |73 15 46 83 67 48 93 16 82 69 95 60 10 |81 51 94 37 54 41 58 23 80 85 50 26 100 ||66 36 14 70 84 24 79 76 55 13 61 ||62 |52 |30 86 |25 |92 9 |7 |3 98 |65 17 |88 |77 |2 35 |91 22 18 |44 34 |31 |89 |6 33 |72 |38 |75 87 |29 11 40 |57 90 |28 97 |42 64 |21 |20 |45 99 74 |5 63 |53 |
23593.5 373996
81 27 51 8 26 85 23 50 55 13 61 |66 37 36 94 41 54 58 70 84 24 79 76 100 ||68 73 43 15 1 39 59 47 12 4 56 32 19 78 71 |14 96 83 67 48 46 16 93 82 69 95 60 10 ||18 |42 |33 |2 |21 |80 97 |17 91 |5 90 89 |88 |53 |49 |7 |62 |45 99 |65 |92 30 22 |20 6 9 |34 |87 63 31 |44 28 |11 29 40 |75 |64 57 |86 52 |98 3 |74 |35 |72 25 |77 |38 |
25612.7 373013
81 27 51 8 26 85 23 50 55 13 61 |66 37 36 94 41 54 58 70 84 24 79 76 100 ||68 73 43 15 1 39 59 47 12 4 56 32 19 78 71 |14 96 83 67 48 46 16 93 82 69 95 60 10 ||57 |40 |33 |2 |21 90 5 |7 |91 89 |45 99 |65 |62 |80 97 88 |53 44 |49 |11 |22 3 74 |64 20 |6 31 |25 |42 |30 18 |98 86 |92 29 |35 72 |17 9 |63 87 |34 |77 |75 |52 |38 |28 |
27386.7 372934
81 27 51 8 26 85 23 50 55 13 61 |66 37 36 94 41 54 58 70 84 24 79 76 100 ||68 73 43 15 1 39 59 47 12 4 56 32 19 78 71 |14 96 83 67 48 46 16 93 82 69 95 60 10 ||57 |40 |33 |2 |21 90 5 |7 |91 89 |45 99 |65 17 |62 |80 97 88 |53 |49 |92 30 18 |22 3 74 |64 20 |6 35 |25 |42 |34 |87 75 |52 86 |98 9 |63 31 |44 |29 11 |72 |77 |38 |28 |
27576 370698
46 4 47 12 59 39 15 73 81 43 60 10 |14 69 83 67 48 93 16 82 66 95 13 55 61 |37 27 26 8 96 51 68 56 19 78 1 71 |32 36 94 41 54 58 70 84 24 79 23 85 50 76 100 ||63 |49 |29 |64 |7 |57 35 |31 |53 |91 |77 |40 11 |18 |34 30 |38 |22 |45 3 |65 17 |72 25 |20 75 87 |33 9 |99 98 |97 80 88 |42 |52 |62 |6 |86 28 21 |44 |89 |5 90 |92 |74 |2 
30758.7 368489

Time:0
Last Iter:10
Last Update:10
Tabu:0
Last Time0
11
94 42 83 67 82 95 73 81 15 43 10 60 |58 19 7 39 59 47 12 4 77 56 32 11 68 51 96 30 8 5 |70 66 46 48 93 16 69 35 6 13 55 87 76 31 61 100 ||27 54 41 37 36 14 84 24 79 23 85 50 26 78 1 71 ||63 |62 |52 |80 |57 |21 28 88 |90 40 29 |20 33 |72 17 |34 |49 |53 |98 91 |18 97 |75 |3 |65 |25 |38 |92 44 |22 64 86 |89 |99 45 |2 |74 9 
19154.6 424720
54 69 19 56 32 68 27 49 53 96 51 30 8 26 |82 4 34 14 94 37 41 58 70 84 24 50 85 23 97 79 87 76 100 ||93 47 12 59 39 15 74 81 73 66 17 65 95 57 6 13 61 |45 46 48 16 67 83 36 55 60 10 43 1 78 71 ||7 |89 |42 |9 22 91 90 |31 75 |92 44 |21 |98 |77 |38 |2 35 |5 18 |40 |33 |52 |25 72 |86 88 |3 99 |63 |28 80 |64 20 |62 |29 11 
19716.4 415661
37 46 67 93 16 82 17 69 6 13 55 76 61 |47 48 36 79 24 84 70 14 94 41 58 54 52 85 23 97 50 86 |12 83 2 71 78 1 59 39 15 81 73 43 95 60 10 |66 32 19 4 56 11 68 27 34 53 96 44 51 8 26 100 ||18 |77 |9 |80 |21 88 |29 |63 |75 |7 |62 |90 5 28 |22 64 |89 |57 35 |72 |40 |3 |65 |38 |31 87 |92 30 |20 33 |25 |98 45 |74 |99 91 |42 |49 
19945.8 411123
66 94 14 36 23 85 50 76 26 100 |27 60 54 37 41 58 70 84 24 79 55 13 61 |48 2 73 81 15 11 56 32 68 51 44 96 8 30 92 |46 10 42 83 67 93 16 82 69 95 43 1 59 39 7 47 12 4 77 19 89 78 71 ||99 5 |35 6 |87 31 |63 |62 |52 |80 |57 |21 28 88 |90 40 29 |20 33 |72 17 |34 |49 |53 |98 91 |18 97 |75 |3 |65 |25 |38 |45 74 22 |86 64 9 
21099.3 410823
47 78 4 19 34 85 84 24 79 50 76 100 |68 54 23 70 41 37 94 14 36 62 55 13 61 |56 66 15 39 59 12 32 27 96 51 8 26 |58 1 43 81 73 82 16 46 48 93 67 83 69 95 60 10 71 ||35 57 64 |52 |97 80 |17 65 |11 89 |98 99 45 |63 |74 |53 |42 |38 |7 |77 |86 18 |20 75 |3 72 |6 2 |21 28 87 |90 9 |29 |33 |44 |49 |92 30 40 5 |25 |91 22 31 88 
21261.8 408452
27 19 68 56 32 4 47 59 99 15 1 78 71 |39 69 16 48 93 67 83 33 55 13 61 |51 46 82 3 95 66 73 81 43 60 10 |12 96 8 36 14 94 37 41 54 58 70 84 24 79 23 85 50 86 26 76 100 ||21 |30 |34 |18 31 |6 |53 44 |29 |42 |49 |7 |62 |90 5 28 |22 64 |89 |57 35 |20 |80 97 87 |74 91 |52 |11 |92 88 |17 65 |25 72 |63 |9 75 |40 |2 |77 |38 |45 |98 
22234.1 400860
66 37 84 70 14 94 41 58 54 85 23 79 50 76 100 61 |82 55 73 81 15 4 47 12 39 59 98 1 71 10 |48 24 36 83 67 93 16 2 69 95 43 60 |46 13 78 19 56 32 68 27 53 96 51 8 26 ||77 |52 |3 45 |99 |21 80 |62 |17 91 |49 |7 |18 |75 20 |74 |6 5 |22 64 |89 |34 |35 |86 |90 57 |92 40 |11 |65 |31 |63 88 |9 33 |97 |30 44 |42 |38 |29 |28 87 |72 25 
22657.7 392685
96 36 46 83 67 48 93 16 69 13 55 76 61 100 |82 8 51 56 32 19 47 12 59 39 43 95 60 10 |27 4 66 73 81 99 15 1 78 71 |68 23 85 54 58 41 37 94 14 70 84 24 79 50 26 ||52 |77 |2 9 |88 63 |6 |53 44 |25 |42 |49 |75 |62 |90 |28 |22 64 |89 40 |72 65 57 |3 |35 |38 |31 87 |92 30 |20 33 |29 |98 45 |21 18 5 |34 |7 |11 |17 91 |86 |74 |80 97 
22933.3 379005
27 96 15 81 73 66 69 95 43 60 10 |82 36 14 94 37 41 54 58 70 84 24 79 50 76 61 |83 85 8 51 68 56 32 19 4 12 47 39 59 1 78 71 |23 46 48 16 93 67 13 55 26 100 ||86 21 |34 |80 |77 |2 |88 63 |52 |90 |42 |74 99 45 |30 29 |89 98 91 |72 65 22 |87 |49 |17 |64 |38 |3 |31 75 9 |35 |7 |11 40 |92 18 |53 |62 |97 |20 |28 |44 |6 57 |33 |25 |5 
25479.6 377230
27 96 15 81 73 66 69 95 43 60 10 |82 36 14 94 37 41 54 58 70 84 24 79 50 76 61 |83 85 8 51 68 56 32 19 4 12 47 39 59 1 78 71 |23 46 48 16 93 67 13 55 26 100 ||86 |77 |49 |42 |65 |17 |53 90 |72 25 |45 22 |34 |11 89 |38 |88 31 |62 |3 |74 98 |9 |35 |80 52 |87 63 |92 30 91 |20 33 |29 40 |2 64 |99 |7 |44 28 |6 57 |18 21 |5 |97 |75 |
26935 373752
27 96 15 81 73 66 69 95 43 60 10 |82 36 14 94 37 41 54 58 70 84 24 79 50 76 61 |83 85 8 51 68 56 32 19 4 12 47 39 59 1 78 71 |23 46 48 16 93 67 13 55 26 100 ||86 21 |77 |49 |74 90 |89 98 91 |72 65 22 |34 30 |80 52 |17 |2 64 |38 |87 88 63 |99 45 3 |29 |31 75 9 |35 |7 |42 |11 40 |92 5 18 |6 57 |97 28 |53 44 |62 |20 |25 |33 |
31213.7 370953

Time:0
Last Iter:10
Last Update:10
Tabu:0
Last Time0
8
46 69 82 16 93 41 37 94 14 36 20 55 13 61 |83 77 10 60 95 43 66 73 81 99 15 39 59 1 78 71 |48 70 58 54 52 85 23 84 24 79 50 76 100 ||67 27 19 47 12 4 56 32 11 68 51 49 53 96 8 26 ||38 |2 |17 |88 75 |5 91 |92 30 |29 |45 |25 |18 97 |22 72 |44 |33 |42 |74 3 90 |86 21 80 |31 87 63 |98 89 |7 |62 |9 6 57 64 |40 28 |35 65 |34 
18484.1 404055
82 66 46 83 67 69 6 95 43 81 74 3 10 60 |48 55 36 54 58 41 37 94 14 70 84 24 79 23 85 50 76 61 |16 13 68 27 49 34 96 44 51 8 26 100 ||93 73 15 59 39 7 47 12 4 56 32 11 19 78 1 71 ||97 |63 |42 |87 88 64 22 |92 30 |98 45 |53 |2 |25 |62 |21 28 90 |91 99 |80 |57 35 |77 |75 20 |5 40 89 |72 |29 |33 |52 18 86 |9 31 |38 |17 65 
18690.9 393576
27 36 58 54 41 37 94 14 70 63 24 84 79 23 85 50 76 100 |62 68 51 8 26 81 73 66 95 43 60 10 |32 46 69 82 16 48 93 67 83 33 55 13 61 |56 96 15 38 7 4 47 12 39 59 19 78 1 71 ||80 |20 |90 |34 |5 |91 31 |6 57 72 |40 |45 |52 |42 |17 |25 |28 97 |92 |74 |65 |49 |11 29 |9 75 |30 53 |89 |3 |77 |2 64 |87 88 86 18 |21 44 |98 99 22 |35 
21123.6 387708
73 68 56 32 19 4 12 47 39 78 71 |66 34 26 8 96 51 59 1 15 43 95 60 10 |84 81 82 69 46 48 16 93 67 83 55 13 61 |27 36 24 41 37 94 14 70 58 54 52 85 23 79 50 76 100 ||42 |75 20 |6 33 |22 91 |9 64 |92 |98 3 |17 |25 |38 |7 |72 65 57 |90 86 28 21 |88 87 |44 |77 |99 45 74 |5 29 |30 53 |35 2 |63 |49 |31 |89 40 |11 |62 |97 80 18 
21138.7 379650
27 47 12 4 56 32 68 51 |82 19 36 14 94 37 41 54 58 70 84 24 79 23 85 50 76 100 ||96 43 83 67 48 16 93 69 95 13 55 61 |46 8 26 66 73 81 15 39 59 1 78 71 10 60 ||42 |75 20 |6 33 |22 91 |9 64 |92 |98 3 |25 |35 2 |38 |40 11 |49 |72 |57 |90 86 28 21 |77 |88 87 |44 |17 |99 45 74 |5 31 |89 |80 |63 |65 |30 53 |7 |97 18 |34 |62 |52 |29 |
24289.6 378921
27 47 12 4 56 32 68 51 |82 19 36 14 94 37 41 54 58 70 84 24 79 23 85 50 76 100 ||96 43 83 67 48 16 93 69 95 13 55 61 |46 8 26 66 73 81 15 39 59 1 78 71 10 60 ||42 |75 20 |6 33 |22 91 |34 |11 40 |64 9 |29 90 |3 74 |25 |38 |7 |63 86 |97 88 |57 |28 87 |98 |30 53 |72 |77 |2 |45 99 5 |18 52 |31 |44 21 |62 |49 |35 65 |92 |17 |80 |89 |
25381.6 376487
27 47 12 4 56 32 68 51 |82 19 36 14 94 37 41 54 58 70 84 24 79 23 85 50 76 100 ||96 43 83 67 48 16 93 69 95 13 55 61 |46 8 26 66 73 81 15 39 59 1 78 71 10 60 ||33 |18 |11 40 |75 64 9 |29 90 |17 22 |7 |92 |20 6 |49 |25 |35 2 |38 |72 65 57 |3 |63 86 |28 21 |42 |99 45 74 |5 88 |77 |89 |87 |91 |30 |98 |62 |97 80 |34 44 |53 |31 |52 |
26606.1 373428
47 73 66 81 15 39 59 1 78 71 10 60 |27 12 4 56 32 68 51 8 26 |82 19 36 14 94 37 41 54 58 70 84 24 79 23 85 50 76 100 ||96 43 83 67 48 46 16 93 69 95 13 55 61 ||42 |75 20 |6 33 |22 91 |9 64 |92 |98 3 |17 |25 |35 2 |38 |7 |40 |49 |72 65 |29 11 |77 |52 5 |97 |74 |62 |90 |86 18 28 21 |80 |99 45 |44 30 |31 87 63 |53 |88 |89 |34 |57 |
27108.1 370066

Time:1
Last Iter:10
Last Update:10
Tabu:0
Last Time1
9
46 15 95 36 14 94 37 41 54 58 70 84 24 79 97 23 85 50 21 18 86 100 |66 43 32 68 51 49 96 8 26 61 |16 81 82 69 93 48 67 83 75 20 55 87 76 13 9 60 10 |73 27 56 29 19 4 12 47 39 59 1 78 71 90 ||52 |5 91 |7 |33 |35 57 |62 31 |98 40 |11 |42 |65 |38 |22 3 |6 |30 44 53 |77 |34 |92 89 |28 80 88 |72 17 |2 |99 45 74 |25 |64 63 
19840.5 409662
46 94 62 36 84 70 58 37 41 54 85 23 24 79 50 87 76 26 100 |14 8 96 49 34 51 68 56 32 19 78 1 71 |67 55 83 48 93 16 69 6 95 43 60 10 |82 27 4 47 12 59 39 15 81 73 66 17 65 13 61 ||18 28 86 |52 80 |7 |42 |89 29 |91 22 99 |53 |57 |77 |33 20 |25 |5 9 |72 |3 74 |63 |88 31 64 90 |92 30 40 |75 |11 |38 |2 35 |44 |21 97 |45 98 
20568.6 401465
32 16 95 10 15 59 39 47 12 4 19 78 |48 60 83 67 93 46 82 69 66 73 25 81 43 1 71 |56 70 36 84 24 79 55 13 76 61 100 ||27 8 68 51 96 14 94 37 41 54 58 23 80 85 50 26 ||97 21 |65 |75 20 9 |29 |7 |87 86 |62 |38 |33 |52 28 5 |90 |72 35 |53 |49 |42 |45 98 91 |18 30 |89 |57 2 6 |22 31 |64 88 |44 |17 |3 |92 |34 |99 74 |63 |40 |11 |77 |
21413.6 399027
68 83 67 69 95 43 60 10 |4 46 48 93 16 82 66 73 81 15 12 59 1 78 71 |56 36 54 23 85 49 96 51 8 26 100 ||27 47 39 32 19 14 94 37 41 58 70 84 24 79 50 76 55 13 61 ||64 |38 |35 2 |42 |65 17 |5 90 86 |89 40 92 |44 34 |97 |62 |30 53 |18 88 87 |99 |72 9 |3 74 |63 |7 |31 20 75 |28 |6 |29 11 |45 22 |77 |21 52 |25 |98 |80 |91 |57 |33 
21478.9 393330
49 14 69 66 73 81 43 95 60 10 |46 8 96 51 68 19 56 32 4 47 12 39 59 1 78 71 |48 26 85 23 36 94 37 41 54 58 70 84 79 50 76 100 ||27 15 82 16 93 67 83 24 55 13 61 ||18 28 86 |80 |75 20 |89 29 |91 99 |53 |2 |77 |35 57 |62 |90 |40 |5 |42 |65 |38 |88 63 87 |33 |34 30 |97 |52 |7 |44 |31 |6 |11 |45 3 22 |21 |9 72 |25 |74 98 |92 |17 |64 
22204.2 379032
14 69 66 73 81 43 95 60 10 |46 8 96 51 68 19 56 32 4 47 12 39 59 1 78 71 |48 26 85 23 36 94 37 41 54 58 70 84 79 50 76 100 ||27 15 82 16 93 67 83 24 55 13 61 ||18 28 86 |52 |80 |75 20 |89 29 |91 99 |53 |2 |77 |35 57 |62 31 |98 40 |11 |42 |65 |38 |22 3 |6 |30 44 |33 |7 |25 72 |21 97 |90 5 9 64 |88 87 63 |74 |34 |92 |17 |45 |49 
26072.2 377248
27 15 13 55 61 |14 69 83 67 93 16 82 66 73 81 43 95 60 10 |46 8 96 51 68 19 56 32 4 47 12 39 59 1 78 71 |48 26 85 23 36 94 37 41 54 58 70 84 24 79 50 76 100 ||40 92 |63 86 |75 |31 64 9 |11 29 |3 |77 |62 |38 |88 |80 |99 |7 |34 |52 28 |90 |72 65 |45 98 91 |5 57 |20 6 |30 89 |25 |74 |33 |42 |2 |87 |49 |53 44 |21 18 |97 |35 |17 |22 
27314.3 376782
46 66 83 67 48 93 16 82 69 13 55 61 |37 95 26 8 96 51 68 56 32 19 78 1 71 |94 73 81 4 12 47 59 39 15 43 60 10 |27 36 54 58 41 14 70 84 24 79 23 85 50 76 100 ||63 |6 |2 |42 64 |57 |77 |7 |25 |97 80 18 |90 89 |30 44 53 |99 74 |98 |17 |35 |75 |88 31 9 |86 20 |5 87 21 |29 40 91 |65 72 |3 45 |62 |33 |38 |34 |92 |11 |52 |49 |28 |22 |
29185.7 370586
46 66 83 67 48 93 16 82 69 13 55 61 |37 95 26 8 96 51 68 56 32 19 78 1 71 |94 73 81 4 12 47 59 39 15 43 60 10 |27 36 54 58 41 14 70 84 24 79 23 85 50 76 100 ||63 |6 |2 |42 64 |57 |90 98 |5 31 87 |21 |29 40 |65 72 |3 74 99 |77 |25 |75 |62 |33 |7 |45 |38 |34 |9 |11 |52 |17 91 |80 86 |88 |49 |20 |30 89 |53 44 92 |18 |35 |97 28 |22 |
35662.2 367567

Time:1
Last Iter:10
Last Update:10
Tabu:0
Last Time1
6
52 11 62 64 9 6 95 73 25 81 43 60 10 |27 46 67 48 93 16 82 66 17 35 69 13 55 61 |49 15 71 68 32 56 4 12 47 39 59 1 78 19 51 96 8 26 |37 83 36 58 54 41 94 14 70 84 24 85 80 23 97 79 50 76 100 ||38 |75 |72 |77 |44 |53 |42 |22 88 |28 30 |29 |7 |40 18 |3 |57 65 |20 33 |2 |63 |21 86 5 90 |91 31 87 |92 89 |99 74 |34 |98 45 
18969 430076
34 69 14 94 37 41 54 58 23 85 50 79 84 24 55 13 61 |67 70 53 96 51 8 26 76 100 ||68 36 83 46 48 93 16 82 66 73 25 81 43 95 60 10 |27 15 56 32 11 19 4 12 47 39 59 1 78 71 ||49 |62 |35 22 |92 29 5 |52 18 86 |99 |75 |6 |42 |80 |89 40 |9 20 |97 |33 |17 |77 |7 |91 90 98 |64 31 87 |3 74 45 |88 |63 |44 |72 65 57 |28 21 30 |2 |38 
20071.9 379664
69 94 14 37 41 54 58 23 85 50 79 84 24 55 13 61 |67 70 53 96 51 8 26 76 100 ||68 36 83 46 48 93 16 82 66 73 25 81 43 95 60 10 |27 15 56 32 11 19 4 12 47 39 59 1 78 71 ||49 |18 80 |35 |72 17 |52 |9 22 |57 65 |98 45 |20 |42 |38 |2 6 |5 92 40 89 |31 87 |3 99 |29 |77 |88 86 |62 |91 90 30 |64 75 |74 |97 |63 |44 34 |33 |7 |28 21 
22475.5 379299
15 94 36 14 37 41 54 58 70 84 24 79 23 85 50 76 100 |62 78 59 1 66 73 81 95 43 60 10 71 |27 4 39 12 19 56 32 68 51 96 8 26 |47 46 69 82 16 48 93 67 83 55 13 61 ||45 |99 |63 |2 6 64 |65 17 |9 5 86 |20 75 |40 29 |21 |11 |7 |77 |74 3 22 |90 98 |31 33 |57 |25 |34 30 |35 91 |42 |38 |28 87 88 18 |92 44 |89 |53 |52 80 |72 |49 |97 |
22662 377615
27 48 13 55 84 24 79 50 76 61 |46 15 81 66 83 67 93 16 82 69 95 43 60 10 |73 94 36 14 54 41 58 70 23 85 26 100 ||37 19 8 96 51 68 56 32 4 12 47 39 59 1 78 71 ||30 |11 |62 |20 75 |53 86 |22 9 31 87 |44 28 |89 |42 |74 |49 |33 |29 40 92 |3 91 |52 18 |2 64 |38 |90 99 |6 57 |88 80 97 |65 |7 |63 |72 |34 |77 |17 |35 |98 5 |45 |21 |25 |
23849.4 376462
27 48 13 55 84 24 79 50 76 61 |46 15 81 66 83 67 93 16 82 69 95 43 60 10 |73 94 36 14 54 41 58 70 23 85 26 100 ||37 19 8 96 51 68 56 32 4 12 47 39 59 1 78 71 ||35 65 |11 |62 |20 75 |53 86 |22 9 31 87 |44 28 |89 |42 |74 |49 |33 |45 99 5 |3 |90 98 |63 64 |57 2 6 |25 |17 |40 29 |21 |7 |77 |34 30 |91 |38 |88 18 |92 |52 80 |72 |97 |
24780.5 371044

Time:1
Last Iter:10
Last Update:10
Tabu:0
Last Time1
9
73 27 11 15 71 |81 21 41 68 19 56 32 4 12 47 7 39 59 1 78 |37 46 48 67 93 16 82 69 66 17 95 43 10 60 13 55 76 61 100 ||94 83 36 50 79 24 84 14 70 58 54 23 85 96 51 8 26 ||42 |62 |80 97 |34 |22 90 92 |88 63 |65 72 |3 99 |38 |33 |77 |64 6 |18 28 30 |89 |44 |35 |57 |45 74 |52 |87 |2 |98 |49 |9 91 86 |40 29 |25 |20 75 31 |5 53 
19459.8 433486
62 96 52 70 54 41 37 94 14 36 75 20 55 100 |17 49 68 51 8 85 23 84 24 79 50 76 26 |58 78 71 83 67 93 48 46 16 82 69 35 13 61 |27 1 59 19 32 56 4 12 47 39 15 43 81 73 66 95 60 10 ||42 |89 |2 |30 |90 21 |64 |97 |77 |7 |65 |31 87 63 |22 57 72 |18 28 80 |92 44 |74 |34 |99 |33 6 9 |5 86 88 |91 45 |53 |11 |38 |98 3 |40 29 |25 
19560.9 424583
37 81 46 48 16 82 69 93 67 83 42 62 55 13 61 |36 66 73 15 59 39 47 12 4 56 32 11 19 78 1 71 10 60 22 |94 17 43 68 96 51 8 92 26 |14 95 27 34 79 24 84 70 58 41 54 85 80 23 50 88 76 100 ||97 |7 |63 |57 65 72 |3 74 99 |38 |45 |33 |77 |64 6 |18 28 30 |89 |44 |35 |52 |87 |2 |98 |49 |9 91 86 |40 29 |25 |20 75 31 |5 21 |53 90 
20390.2 404101
14 51 96 8 85 23 67 55 13 61 |27 46 83 36 37 41 54 58 70 84 24 79 50 76 100 26 |94 68 47 48 93 16 82 69 66 17 72 95 60 10 |73 52 81 43 15 39 12 4 56 32 19 59 98 1 78 71 ||21 |97 |30 |28 90 |88 |49 |75 20 |53 44 |77 |29 11 |34 |7 |65 35 57 |2 9 |33 64 |86 |18 |40 92 |6 |89 91 |63 |87 |3 99 |42 |22 |5 80 |25 |62 31 |74 45 |38 
20837.6 399563
81 8 54 58 41 37 94 14 70 23 85 26 100 |73 27 51 68 56 32 19 71 10 60 |66 43 96 4 47 12 39 15 59 1 78 |46 36 95 83 67 48 93 16 82 69 13 55 63 24 84 79 50 76 61 ||45 |49 |97 |75 20 |91 31 |35 2 |65 17 |44 34 |77 |72 57 64 |88 21 |33 |62 |5 90 92 30 |22 40 89 |99 74 |9 87 28 |29 11 |53 |80 52 |42 |18 86 |7 |38 |3 98 |6 |25 |
22262.5 390570
81 8 54 58 41 37 94 14 70 23 85 26 100 |73 27 51 68 56 32 19 71 10 60 |66 43 96 4 47 12 39 15 59 1 78 |46 36 95 83 67 48 93 16 82 69 13 55 63 24 84 79 50 76 61 ||45 |49 |97 |75 20 |91 31 |64 72 |17 65 |2 |34 44 |77 |35 9 |62 |28 90 5 |33 |57 |21 88 |22 40 89 |99 74 |92 30 |87 |29 11 |53 |80 52 |42 |18 86 |7 |38 |3 98 |6 |25 |
22413.4 389879
46 73 81 19 68 32 56 4 47 12 39 59 1 78 71 |27 96 54 14 23 85 50 8 26 100 ||51 36 83 67 48 93 16 69 82 66 95 43 60 10 |15 94 37 41 58 70 84 24 79 55 13 76 61 ||90 |89 |65 17 |38 |75 20 64 |98 3 |77 |72 |21 52 |74 45 |33 |92 |25 |57 |91 22 9 |5 86 |35 |2 |30 28 18 |40 |42 |44 53 |34 |80 |97 |87 31 |7 |49 |11 29 |88 |99 |6 |63 |62 |
22646.7 382838
27 83 46 48 93 16 82 69 66 17 72 95 60 10 |73 2 81 43 15 39 59 1 78 71 |4 42 36 14 94 37 41 54 58 70 84 24 79 23 85 50 76 55 13 61 |67 47 12 19 56 32 68 51 96 8 26 100 ||77 |53 |88 |49 |45 99 |38 |22 9 64 86 |29 11 |34 |7 |65 35 57 |33 |91 3 |87 97 80 |40 89 5 90 |63 31 |98 |62 |18 28 21 |92 30 44 |52 |20 75 |6 |74 |25 |
22816.6 374284
46 43 60 95 69 82 16 48 93 67 83 13 76 61 |54 10 8 96 51 68 56 32 19 89 78 |27 66 73 81 15 47 12 4 39 59 1 71 |37 55 36 14 94 41 58 70 84 24 79 23 85 50 26 100 ||42 |35 |65 17 |38 |75 20 64 |98 3 |77 |72 5 |52 80 |49 |53 18 |40 28 |63 31 |62 |21 92 30 |44 |7 |99 45 91 |88 87 |6 57 |90 29 |86 |97 |74 |25 |2 |33 |11 |22 |34 |9 |
34188.9 373714

Time:1
Last Iter:10
Last Update:10
Tabu:0
Last Time1
12
15 87 74 95 75 36 24 84 79 50 76 55 13 61 100 |99 14 83 67 48 93 16 82 69 17 66 73 25 81 43 60 10 |46 37 94 41 54 58 70 23 85 28 26 8 51 19 78 |62 27 96 68 32 56 77 4 12 47 38 39 59 1 71 ||49 |34 |45 |33 |63 |57 6 9 22 |5 88 |3 |44 |52 |42 |97 |29 40 |98 |21 30 |72 65 |35 2 |53 |11 |7 90 |91 86 18 |92 |80 |20 64 31 |89 
19392.2 415071
83 56 32 68 27 96 44 51 8 26 100 |46 55 42 14 94 37 41 58 70 84 24 79 23 85 50 76 61 |36 48 67 93 16 82 81 73 66 35 69 95 60 10 |54 49 13 43 15 1 59 39 47 12 4 19 78 71 ||64 31 |89 |2 |77 |9 72 |28 21 30 |87 63 |97 80 |98 99 |40 |22 57 |33 |17 |62 |25 |7 |34 |18 |52 |86 |90 91 |53 |75 |38 |6 65 |5 92 |20 88 |3 74 45 |29 11 
21203.3 393222
85 4 47 12 39 15 59 1 78 71 |83 27 68 56 32 19 89 51 96 8 26 100 ||54 33 23 58 41 37 94 14 70 84 24 79 50 76 31 55 13 61 |46 36 67 48 93 16 82 69 17 66 73 81 43 95 60 10 ||62 |35 2 |77 |9 72 |28 21 30 |87 63 |97 80 |74 91 |75 |65 |99 |7 |34 |42 |45 22 |90 86 5 |53 |88 64 |49 |44 92 |40 98 |20 |3 |29 11 |6 |25 |57 |18 52 |38 
24437.6 381410
96 82 95 66 73 81 43 15 39 59 1 78 71 |27 48 36 85 23 37 94 41 54 58 70 84 24 79 50 76 100 ||16 19 47 12 4 56 32 68 51 8 26 |14 10 60 69 46 93 67 83 55 13 61 ||74 |38 |17 |52 |2 |77 |33 |75 |80 |21 |91 65 |99 |9 31 |72 |7 |34 |42 |63 |45 22 |90 86 5 |30 53 |28 88 87 64 |49 |97 |62 |44 92 |40 98 |20 |3 |29 11 |6 |25 |57 |18 |89 |35 |
26215.6 379841
96 82 95 66 73 81 43 15 39 59 1 78 71 |27 48 36 85 23 37 94 41 54 58 70 84 24 79 50 76 100 ||16 19 47 12 4 56 32 68 51 8 26 |14 10 60 69 46 93 67 83 55 13 61 ||30 88 |18 |17 |20 |52 |2 |77 |28 |87 90 |40 |7 |64 9 |74 45 |98 99 |42 |33 |21 97 |80 |65 72 |86 |38 |5 63 |49 |31 |91 |92 |75 |44 34 |3 |29 11 |6 |22 57 |89 |53 |62 |25 |35 
26509.8 377883
85 4 47 12 39 15 59 1 78 71 |83 27 68 56 32 19 89 51 96 8 26 100 ||54 33 23 58 41 37 94 14 70 84 24 79 50 76 55 13 61 |46 36 67 48 93 16 82 69 17 66 73 81 43 95 60 10 ||62 |35 2 |77 |9 72 |28 21 30 |87 63 |97 80 |98 99 |40 |7 |34 |42 |52 |25 |18 86 90 91 |75 |49 |38 |53 |6 57 65 |5 92 |20 88 |3 74 45 |29 11 |44 |22 64 31 
27164.5 377733
96 82 95 66 73 81 43 15 39 59 1 78 71 |27 48 36 85 23 37 94 41 54 58 70 84 24 79 50 76 100 ||16 19 47 12 4 56 32 68 51 8 26 |14 10 60 69 46 93 67 83 55 13 61 ||88 |18 90 |6 |20 |2 |77 |9 72 |28 21 30 |87 63 |97 80 |98 99 |40 |7 |5 64 |74 45 |52 |25 22 |31 86 |75 |49 |53 |38 |91 |62 |57 65 |34 |35 |3 |29 11 |44 |33 |92 89 |17 |42 
27513.1 375471
85 4 47 12 39 15 59 1 78 71 |83 27 68 56 32 19 89 51 96 8 26 100 ||54 33 23 58 41 37 94 14 70 84 24 79 50 76 55 13 61 |46 36 67 48 93 16 82 69 17 66 73 81 43 95 60 10 ||62 |35 2 |77 |9 72 |28 21 30 |87 |63 |97 80 |98 99 |40 |7 |34 |52 |49 |25 |18 86 |53 90 |75 |91 |38 |6 57 |5 88 |20 |3 74 45 |29 11 |44 92 |65 |22 |42 |64 31 
28537.6 375050
85 4 47 12 39 15 59 1 78 71 |83 27 68 56 32 19 89 51 96 8 26 100 ||54 33 23 58 41 37 94 14 70 84 24 79 50 76 55 13 61 |46 36 67 48 93 16 82 69 17 66 73 81 43 95 60 10 ||62 |35 2 |77 |9 72 |30 28 |87 63 |80 97 |98 99 |40 |7 |34 |21 |42 |52 |25 |90 86 5 |75 |53 18 |38 |49 |22 6 57 |65 |20 88 |3 74 45 |11 29 |44 92 |91 |64 31 
28825 374647
96 82 95 66 73 81 43 15 39 59 1 78 71 |27 48 36 85 23 37 94 41 54 58 70 84 24 79 50 76 100 ||16 19 47 12 4 56 32 68 51 8 26 |14 10 60 69 46 93 67 83 55 13 31 61 ||91 |17 |62 |35 2 |77 |9 72 |28 21 30 |87 63 |97 80 |98 99 |40 |7 |34 |42 |52 |25 22 |90 86 5 |75 |49 |53 18 |38 |45 |6 57 65 |20 33 |3 74 |92 64 |88 |44 |11 29 |89 |
29601.3 373018
96 82 95 66 73 81 43 15 39 59 1 78 71 |27 48 36 85 23 37 94 41 54 58 70 84 24 79 50 76 100 ||16 19 47 12 4 56 32 68 51 8 26 |14 10 60 69 46 93 67 83 55 13 61 ||88 |30 |72 35 9 |97 87 |6 |77 |28 21 |80 |17 |62 |98 |42 |7 |5 64 |52 |45 99 |25 |63 |2 |18 86 90 |38 |49 |34 |75 31 |92 89 40 |74 91 |33 |3 |57 65 |20 |22 |44 |29 11 |53 |
30272.2 371631
96 82 95 66 73 81 43 15 39 59 1 78 71 |27 48 36 85 23 37 94 41 54 58 70 84 24 79 50 76 100 ||16 19 47 12 4 56 32 68 51 8 26 |14 10 60 69 46 93 67 83 55 13 61 ||30 40 |18 87 |6 |97 |77 |52 |80 |21 90 |7 |62 |88 20 9 |74 45 99 |49 5 |42 64 |33 |65 17 72 |25 |38 |2 |28 |63 |98 |75 31 |91 3 |92 29 |35 |44 34 |11 |22 57 |86 |89 |53 |
31099.6 370652

Time:1
Last Iter:10
Last Update:10
Tabu:0
Last Time1
6
95 27 96 51 19 59 15 45 3 43 60 10 |7 82 73 66 16 46 48 93 67 83 33 69 6 13 55 76 61 100 ||81 34 54 58 41 37 94 14 70 84 24 79 50 23 85 21 26 |36 8 56 68 32 4 12 47 38 39 98 1 78 71 ||57 2 |80 52 |35 |97 87 |17 |77 |25 |88 |75 |64 20 |18 30 90 |40 |11 5 |91 22 74 |99 |44 53 |49 |62 |42 |29 89 |9 72 65 |28 92 86 |63 |31 
18069 402221
95 27 96 51 19 59 15 45 3 43 60 10 |7 82 73 66 16 46 48 93 67 83 33 69 6 13 55 76 61 100 ||81 34 54 58 41 37 94 14 70 84 24 79 50 23 85 21 26 |36 8 56 68 32 4 12 47 38 39 98 1 78 71 ||40 |57 2 |80 52 |35 |97 87 |17 |77 |25 |75 |64 20 |18 30 90 |11 5 |91 22 74 |99 |44 53 |49 |62 |42 |29 89 |9 72 65 |28 92 86 |63 88 31 
21513.9 400399
81 96 58 54 41 37 94 14 70 23 84 24 79 55 76 100 |66 19 51 8 26 85 50 13 61 |73 27 68 32 56 4 12 47 39 15 3 1 78 71 |59 36 46 82 16 48 93 83 67 69 95 43 60 10 ||42 |49 |86 |34 |62 |75 87 |29 92 |5 21 31 |20 33 |57 |65 |6 9 64 |35 2 |7 |17 |80 97 18 |44 |72 |45 |52 |11 89 |88 63 |38 |90 91 22 98 |53 |74 99 |30 |25 |28 |40 |77 
21594.5 392860
27 70 94 37 41 58 54 52 85 23 50 55 13 61 |36 95 66 73 81 43 15 39 59 1 78 71 10 60 |69 19 47 12 4 56 32 68 51 34 96 8 26 |14 82 46 48 16 93 67 83 63 84 24 79 76 100 ||62 |53 |74 |57 |44 5 |20 31 |86 89 |2 6 |21 |99 45 98 |11 40 |25 |87 28 |30 |90 |91 22 |88 |33 |72 |80 |3 |29 |64 35 |7 |49 |92 18 |65 17 |75 |97 |77 |38 |42 9 
23231.1 379274
27 70 94 37 41 58 54 52 85 23 50 55 13 61 |36 95 66 73 81 43 15 39 59 1 78 71 10 60 |69 19 47 12 4 56 32 68 51 34 96 8 26 |14 82 46 48 16 93 67 83 63 84 24 79 76 100 ||62 |53 |11 89 |91 98 5 |20 31 88 87 |57 72 |29 |77 |92 40 |25 |28 86 21 |65 6 |38 |42 |33 |22 64 |35 2 |7 |17 |80 97 18 |44 |49 |99 45 74 |90 9 |3 |30 |75 |
27394.7 375723
27 36 48 83 67 93 16 69 95 60 10 |46 38 47 12 4 19 56 32 68 51 96 8 26 |24 66 73 81 43 15 39 59 1 78 71 100 ||82 54 14 94 37 41 58 70 84 79 23 85 50 76 55 13 61 ||2 |62 |63 |34 30 |53 44 92 |5 18 21 31 |20 75 87 |86 |11 89 |99 45 91 22 |25 72 |28 88 |98 |49 |17 |29 |77 |97 |57 |64 |6 9 90 |42 |74 3 |52 |33 |35 65 |40 |80 |7 |
30663.9 368980

Time:1
Last Iter:10
Last Update:10
Tabu:0
Last Time1
7
56 81 71 1 32 68 52 85 23 50 61 |27 77 10 43 73 66 95 82 69 2 93 48 67 83 75 20 55 13 64 |46 39 99 15 59 47 12 4 19 89 8 51 96 44 53 49 21 86 26 |16 78 60 36 14 94 37 41 54 58 70 84 24 63 79 76 100 ||62 |31 |80 |74 |42 |5 90 91 22 |98 3 |57 35 |17 |11 |7 |33 9 |28 92 |87 97 |72 65 |38 |18 88 |6 |40 |45 |34 |25 |30 29 
19152 441425
46 54 85 23 84 24 79 50 9 69 82 66 65 95 60 |34 37 58 41 94 14 36 48 16 93 83 67 33 13 55 31 76 61 |52 12 47 78 71 1 59 39 38 15 73 25 81 3 43 10 |17 70 27 19 4 56 32 68 51 96 8 26 100 ||35 |87 |18 |6 |49 |97 |42 |72 |62 |57 |53 44 |90 40 89 |21 |29 11 |98 99 |63 |20 |92 30 5 |22 64 |75 |91 |88 |7 |77 |80 28 86 |2 |45 74 
20539.1 436144
78 58 19 4 56 32 68 51 96 8 26 |83 43 66 73 25 81 15 47 12 39 59 1 71 |46 95 69 82 48 16 93 67 55 13 61 60 10 |27 36 23 85 54 41 37 94 14 70 84 24 79 50 76 100 ||87 |52 |38 |65 |9 63 |33 |44 |49 |99 45 74 |40 |72 |64 |80 31 |34 |90 |62 |86 5 91 22 |30 53 |89 29 |6 57 |7 |11 |77 |20 75 88 |18 28 92 |98 3 |2 35 |42 |17 |97 21 
20620.4 379524
58 78 19 4 56 32 68 51 96 8 26 |83 43 66 73 25 81 15 47 12 39 59 1 71 |46 95 69 82 48 16 93 67 55 13 61 60 10 |27 36 23 85 54 41 37 94 14 70 84 24 79 50 76 100 ||87 |52 |38 |65 |9 63 |33 |44 |49 |99 45 74 |40 |72 |64 |80 31 |34 |90 |62 |86 5 91 22 |30 53 |89 29 |6 57 |7 |11 |77 |20 75 88 |18 28 92 |98 3 |2 35 |42 |17 |97 |21 
21090.3 376044
58 78 19 4 56 32 68 51 96 8 26 |83 43 66 73 25 81 15 47 12 39 59 1 71 |46 95 69 82 48 16 93 67 55 13 61 60 10 |27 36 23 85 54 41 37 94 14 70 84 24 79 50 76 100 ||17 |52 |38 |21 |5 |33 |29 89 |49 |99 45 74 |20 |97 |31 |77 |80 |98 |42 |65 35 6 |90 9 64 91 |92 28 18 86 |44 |7 |62 |75 |88 87 |30 53 |3 22 |40 |11 |72 |34 |63 |57 2 
22113.3 373144
46 55 13 67 93 48 16 82 69 95 60 10 61 |27 36 14 94 37 41 54 70 84 24 79 23 85 50 76 100 ||58 78 19 4 56 32 68 51 96 8 26 |83 43 66 73 25 81 15 47 12 39 59 1 71 ||42 |65 |63 |52 |57 |20 |99 |38 |49 |35 2 |17 72 |88 |6 33 |86 |90 40 89 |21 18 28 |29 11 |98 |34 |64 91 5 |44 |7 |62 |75 9 |80 87 |30 53 |3 22 |92 |77 |74 |97 |31 |45 |
26551.1 371284
46 55 13 67 93 48 16 82 69 95 60 10 61 |27 36 14 94 37 41 54 70 84 24 79 23 85 50 76 100 ||58 78 19 47 12 4 56 32 68 51 96 8 26 |83 43 66 73 81 15 39 59 1 71 ||25 |49 |62 |33 |99 45 90 |34 5 |40 89 |38 |63 |35 2 |17 72 |75 88 |6 65 |53 44 |57 64 |21 18 28 |29 11 |7 |91 |52 |42 |20 86 |92 |87 31 |30 |22 |9 98 |80 97 |74 |3 |77 |
28034.6 362134

Execution time: 10.721 seconds
