Time:0
Last Iter:10
Last Update:10
Tabu:0
Last Time0
5
9 6 8 14 1 4 20 |5 17 18 2 ||12 |7 16 10 |13 15 |3 |19 11 |
2914.11 21191.3
5 17 18 2 |6 8 14 1 4 20 ||15 13 |7 12 10 |3 16 |11 19 |9 
3144.1 20387.8
6 8 14 1 4 20 |5 17 18 2 ||12 13 15 |10 |7 |3 16 |9 |19 11 
3172.65 20123.7
5 17 18 2 |6 8 14 1 4 20 ||12 13 |7 10 |15 |3 16 11 19 |9 
4782.04 20098.7
5 17 18 2 |6 8 14 1 4 20 ||12 |7 10 |13 15 |3 16 11 19 |9 
5060.05 19790.1

Time:0
Last Iter:10
Last Update:10
Tabu:0
Last Time0
5
9 6 8 14 1 4 20 |5 17 18 2 ||12 |7 16 10 |13 15 |3 |19 11 |
2914.11 21191.3
5 17 18 2 |6 8 14 1 4 20 ||15 13 |7 12 10 |3 16 |11 19 |9 
3144.1 20387.8
6 8 14 1 4 20 |5 17 18 2 ||12 13 15 |10 |7 |3 16 |9 |19 11 
3172.65 20123.7
5 17 18 2 |6 8 14 1 4 20 ||12 13 |7 10 |15 |3 16 11 19 |9 
4782.04 20098.7
5 17 18 2 |6 8 14 1 4 20 ||12 |7 10 |13 15 |3 16 11 19 |9 
5060.05 19790.1

Time:0
Last Iter:10
Last Update:10
Tabu:0
Last Time0
5
9 6 8 14 1 4 20 |5 17 18 2 ||12 |7 16 10 |13 15 |3 |19 11 |
2914.11 21191.3
5 17 18 2 |6 8 14 1 4 20 ||15 13 |7 12 10 |3 16 |11 19 |9 
3144.1 20387.8
6 8 14 1 4 20 |5 17 18 2 ||12 13 15 |10 |7 |3 16 |9 |19 11 
3172.65 20123.7
5 17 18 2 |6 8 14 1 4 20 ||12 13 |7 10 |15 |3 16 11 19 |9 
4782.04 20098.7
5 17 18 2 |6 8 14 1 4 20 ||12 |7 10 |13 15 |3 16 11 19 |9 
5060.05 19790.1

Time:0
Last Iter:10
Last Update:10
Tabu:0
Last Time0
5
9 6 8 14 1 4 20 |5 17 18 2 ||12 |7 16 10 |13 15 |3 |19 11 |
2914.11 21191.3
5 17 18 2 |6 8 14 1 4 20 ||15 13 |7 12 10 |3 16 |11 19 |9 
3144.1 20387.8
6 8 14 1 4 20 |5 17 18 2 ||12 13 15 |10 |7 |3 16 |9 |19 11 
3172.65 20123.7
5 17 18 2 |6 8 14 1 4 20 ||12 13 |7 10 |15 |3 16 11 19 |9 
4782.04 20098.7
5 17 18 2 |6 8 14 1 4 20 ||12 |7 10 |13 15 |3 16 11 19 |9 
5060.05 19790.1

Time:0
Last Iter:10
Last Update:10
Tabu:0
Last Time0
5
9 6 8 14 1 4 20 |5 17 18 2 ||12 |7 16 10 |13 15 |3 |19 11 |
2914.11 21191.3
5 17 18 2 |6 8 14 1 4 20 ||15 13 |7 12 10 |3 16 |11 19 |9 
3144.1 20387.8
6 8 14 1 4 20 |5 17 18 2 ||12 13 15 |10 |7 |3 16 |9 |19 11 
3172.65 20123.7
5 17 18 2 |6 8 14 1 4 20 ||12 13 |7 10 |15 |3 16 11 19 |9 
4782.04 20098.7
5 17 18 2 |6 8 14 1 4 20 ||12 |7 10 |13 15 |3 16 11 19 |9 
5060.05 19790.1

Time:0
Last Iter:10
Last Update:10
Tabu:0
Last Time0
5
9 6 8 14 1 4 20 |5 17 18 2 ||12 |7 16 10 |13 15 |3 |19 11 |
2914.11 21191.3
5 17 18 2 |6 8 14 1 4 20 ||15 13 |7 12 10 |3 16 |11 19 |9 
3144.1 20387.8
6 8 14 1 4 20 |5 17 18 2 ||12 13 15 |10 |7 |3 16 |9 |19 11 
3172.65 20123.7
5 17 18 2 |6 8 14 1 4 20 ||12 13 |7 10 |15 |3 16 11 19 |9 
4782.04 20098.7
5 17 18 2 |6 8 14 1 4 20 ||12 |7 10 |13 15 |3 16 11 19 |9 
5060.05 19790.1

Time:0
Last Iter:10
Last Update:10
Tabu:0
Last Time0
5
9 6 8 14 1 4 20 |5 17 18 2 ||12 |7 16 10 |13 15 |3 |19 11 |
2914.11 21191.3
5 17 18 2 |6 8 14 1 4 20 ||15 13 |7 12 10 |3 16 |11 19 |9 
3144.1 20387.8
6 8 14 1 4 20 |5 17 18 2 ||12 13 15 |10 |7 |3 16 |9 |19 11 
3172.65 20123.7
5 17 18 2 |6 8 14 1 4 20 ||12 13 |7 10 |15 |3 16 11 19 |9 
4782.04 20098.7
5 17 18 2 |6 8 14 1 4 20 ||12 |7 10 |13 15 |3 16 11 19 |9 
5060.05 19790.1

Time:1
Last Iter:10
Last Update:10
Tabu:0
Last Time1
5
9 6 8 14 1 4 20 |5 17 18 2 ||12 |7 16 10 |13 15 |3 |19 11 |
2914.11 21191.3
5 17 18 2 |6 8 14 1 4 20 ||15 13 |7 12 10 |3 16 |11 19 |9 
3144.1 20387.8
6 8 14 1 4 20 |5 17 18 2 ||12 13 15 |10 |7 |3 16 |9 |19 11 
3172.65 20123.7
5 17 18 2 |6 8 14 1 4 20 ||12 13 |7 10 |15 |3 16 11 19 |9 
4782.04 20098.7
5 17 18 2 |6 8 14 1 4 20 ||12 |7 10 |13 15 |3 16 11 19 |9 
5060.05 19790.1

Time:0
Last Iter:10
Last Update:10
Tabu:0
Last Time0
6
2 5 17 12 18 |6 8 14 1 4 20 ||3 16 19 |10 |9 |15 13 11 |7 
3033.16 21869.3
5 17 18 |2 6 8 14 1 4 20 ||3 16 19 10 |9 |15 13 |12 7 11 
3038.89 21569
2 5 17 12 18 |6 8 14 1 4 20 ||3 16 19 |10 |9 |15 13 |7 |11 
3084.98 20772.2
17 18 2 |5 6 8 14 1 4 20 ||16 3 11 19 |9 |13 15 |10 |7 12 
3254.45 20347.8
5 17 18 2 |6 8 14 1 4 20 ||16 3 11 19 |9 |12 10 |13 15 |7 
3545.95 20051.6
5 17 18 2 |6 8 14 1 4 20 ||3 16 19 |9 |13 15 |10 |11 |7 12 
3895.75 20027.9

Time:0
Last Iter:10
Last Update:10
Tabu:0
Last Time0
6
2 5 17 12 18 |6 8 14 1 4 20 ||3 16 19 |10 |9 |15 13 11 |7 
3033.16 21869.3
5 17 18 |2 6 8 14 1 4 20 ||3 16 19 10 |9 |15 13 |12 7 11 
3038.89 21569
2 5 17 12 18 |6 8 14 1 4 20 ||3 16 19 |10 |9 |15 13 |7 |11 
3084.98 20772.2
17 18 2 |5 6 8 14 1 4 20 ||16 3 11 19 |9 |13 15 |10 |7 12 
3254.45 20347.8
5 17 18 2 |6 8 14 1 4 20 ||16 3 11 19 |9 |12 10 |13 15 |7 
3545.95 20051.6
5 17 18 2 |6 8 14 1 4 20 ||3 16 19 |9 |13 15 |10 |11 |7 12 
3895.75 20027.9

Execution time: 0.349 seconds
