Time:0
Last Iter:10
Last Update:8
Tabu:0
Last Time0
3
2 18 7 4 20 11 3 |8 1 12 9 17 19 5 6 14 ||16 |13 |15 10 
3799.78 35992
3 11 20 16 4 7 18 2 |8 5 12 9 17 1 19 6 14 ||13 10 |15 
3917.69 33464.6
19 12 9 17 1 5 6 14 |3 11 20 4 7 18 2 8 ||10 13 |15 |16 
3969.31 27548.8

Time:0
Last Iter:10
Last Update:8
Tabu:0
Last Time0
3
2 18 7 4 20 11 3 |8 1 12 9 17 19 5 6 14 ||16 |13 |15 10 
3799.78 35992
3 11 20 16 4 7 18 2 |8 5 12 9 17 1 19 6 14 ||13 10 |15 
3917.69 33464.6
19 12 9 17 1 5 6 14 |3 11 20 4 7 18 2 8 ||10 13 |15 |16 
3969.31 27548.8

Time:0
Last Iter:10
Last Update:8
Tabu:0
Last Time0
3
2 18 7 4 20 11 3 |8 1 12 9 17 19 5 6 14 ||16 |13 |15 10 
3799.78 35992
3 11 20 16 4 7 18 2 |8 5 12 9 17 1 19 6 14 ||13 10 |15 
3917.69 33464.6
19 12 9 17 1 5 6 14 |3 11 20 4 7 18 2 8 ||10 13 |15 |16 
3969.31 27548.8

Time:0
Last Iter:10
Last Update:8
Tabu:0
Last Time0
3
2 18 7 4 20 11 3 |8 1 12 9 17 19 5 6 14 ||16 |13 |15 10 
3799.78 35992
3 11 20 16 4 7 18 2 |8 5 12 9 17 1 19 6 14 ||13 10 |15 
3917.69 33464.6
19 12 9 17 1 5 6 14 |3 11 20 4 7 18 2 8 ||10 13 |15 |16 
3969.31 27548.8

Time:0
Last Iter:10
Last Update:8
Tabu:0
Last Time0
3
2 18 7 4 20 11 3 |8 1 12 9 17 19 5 6 14 ||16 |13 |15 10 
3799.78 35992
3 11 20 16 4 7 18 2 |8 5 12 9 17 1 19 6 14 ||13 10 |15 
3917.69 33464.6
19 12 9 17 1 5 6 14 |3 11 20 4 7 18 2 8 ||10 13 |15 |16 
3969.31 27548.8

Time:0
Last Iter:10
Last Update:8
Tabu:0
Last Time0
3
2 18 7 4 20 11 3 |8 1 12 9 17 19 5 6 14 ||16 |13 |15 10 
3799.78 35992
3 11 20 16 4 7 18 2 |8 5 12 9 17 1 19 6 14 ||13 10 |15 
3917.69 33464.6
19 12 9 17 1 5 6 14 |3 11 20 4 7 18 2 8 ||10 13 |15 |16 
3969.31 27548.8

Time:0
Last Iter:10
Last Update:8
Tabu:0
Last Time0
3
2 18 7 4 20 11 3 |8 1 12 9 17 19 5 6 14 ||16 |13 |15 10 
3799.78 35992
3 11 20 16 4 7 18 2 |8 5 12 9 17 1 19 6 14 ||13 10 |15 
3917.69 33464.6
19 12 9 17 1 5 6 14 |3 11 20 4 7 18 2 8 ||10 13 |15 |16 
3969.31 27548.8

Time:0
Last Iter:10
Last Update:8
Tabu:0
Last Time0
3
2 18 7 4 20 11 3 |8 1 12 9 17 19 5 6 14 ||16 |13 |15 10 
3799.78 35992
3 11 20 16 4 7 18 2 |8 5 12 9 17 1 19 6 14 ||13 10 |15 
3917.69 33464.6
19 12 9 17 1 5 6 14 |3 11 20 4 7 18 2 8 ||10 13 |15 |16 
3969.31 27548.8

Time:0
Last Iter:10
Last Update:8
Tabu:0
Last Time0
3
2 18 7 4 20 11 3 |8 1 12 9 17 19 5 6 14 ||16 |13 |15 10 
3799.78 35992
3 11 20 16 4 7 18 2 |8 5 12 9 17 1 19 6 14 ||13 10 |15 
3917.69 33464.6
19 12 9 17 1 5 6 14 |3 11 20 4 7 18 2 8 ||10 13 |15 |16 
3969.31 27548.8

Time:0
Last Iter:10
Last Update:8
Tabu:0
Last Time0
3
2 18 7 4 20 11 3 |8 1 12 9 17 19 5 6 14 ||16 |13 |15 10 
3799.78 35992
3 11 20 16 4 7 18 2 |8 5 12 9 17 1 19 6 14 ||13 10 |15 
3917.69 33464.6
19 12 9 17 1 5 6 14 |3 11 20 4 7 18 2 8 ||10 13 |15 |16 
3969.31 27548.8

Execution time: 0.442 seconds
