Time:0
Last Iter:10
Last Update:10
Tabu:0
Last Time0
2
17 3 20 8 14 |10 15 5 11 13 7 ||19 |18 9 |16 4 1 2 6 12 
3436.22 26510.6
10 15 5 11 13 |17 3 20 8 14 7 ||16 4 |6 |19 1 |18 12 |2 |9 
3497.07 21426.8

Time:0
Last Iter:10
Last Update:10
Tabu:0
Last Time0
2
17 3 20 8 14 |10 15 5 11 13 7 ||19 |18 9 |16 4 1 2 6 12 
3436.22 26510.6
10 15 5 11 13 |17 3 20 8 14 7 ||16 4 |6 |19 1 |18 12 |2 |9 
3497.07 21426.8

Time:0
Last Iter:10
Last Update:10
Tabu:0
Last Time0
2
17 3 20 8 14 |10 15 5 11 13 7 ||19 |18 9 |16 4 1 2 6 12 
3436.22 26510.6
10 15 5 11 13 |17 3 20 8 14 7 ||16 4 |6 |19 1 |18 12 |2 |9 
3497.07 21426.8

Time:1
Last Iter:10
Last Update:10
Tabu:0
Last Time1
2
17 3 20 8 14 |10 15 5 11 13 7 ||19 |18 9 |16 4 1 2 6 12 
3436.22 26510.6
10 15 5 11 13 |17 3 20 8 14 7 ||16 4 |6 |19 1 |18 12 |2 |9 
3497.07 21426.8

Time:0
Last Iter:10
Last Update:9
Tabu:0
Last Time0
1
10 15 5 11 13 |17 3 20 8 14 7 ||16 4 |9 2 |6 |19 1 |18 |12 
3497.07 21714.8

Time:0
Last Iter:10
Last Update:9
Tabu:0
Last Time0
1
10 15 5 11 13 |17 3 20 8 14 7 ||16 4 |9 2 |6 |19 1 |18 |12 
3497.07 21714.8

Time:0
Last Iter:10
Last Update:9
Tabu:0
Last Time0
1
10 15 5 11 13 |17 3 20 8 14 7 ||16 4 |9 2 |6 |19 1 |18 |12 
3497.07 21714.8

Time:0
Last Iter:10
Last Update:9
Tabu:0
Last Time0
1
10 15 5 11 13 |17 3 20 8 14 7 ||16 4 |9 2 |6 |19 1 |18 |12 
3497.07 21714.8

Time:0
Last Iter:10
Last Update:9
Tabu:0
Last Time0
1
10 15 5 11 13 |17 3 20 8 14 7 ||16 4 |9 2 |6 |19 1 |18 |12 
3497.07 21714.8

Time:0
Last Iter:10
Last Update:9
Tabu:0
Last Time0
1
10 15 5 11 13 |17 3 20 8 14 7 ||16 4 |9 2 |6 |19 1 |18 |12 
3497.07 21714.8

Execution time: 0.369 seconds
