Time:0
Last Iter:10
Last Update:10
Tabu:0
Last Time0
19
15 4 12 10 17 3 20 |19 9 11 13 1 ||18 6 7 |16 2 5 14 |8 |
3450.73 29099.8
9 12 4 |3 17 10 20 ||19 7 14 18 1 |15 8 |6 16 2 5 |13 11 |
3511.08 22100.3
11 20 17 10 6 4 |9 3 12 ||2 |19 15 13 |7 |18 14 5 16 1 |8 
3564.28 20475
20 8 18 4 |9 10 17 3 12 ||5 |16 6 2 |7 19 |1 15 |14 |13 11 
3584.95 19495
14 12 3 17 10 16 4 |9 11 20 ||6 |19 |15 13 |7 |2 |18 5 1 8 
3704.42 19287.2
9 20 |14 10 17 3 12 4 ||11 15 |1 13 |2 16 6 |8 |18 19 7 |5 
3859.48 15844.9
9 20 |12 3 17 10 4 ||8 |6 |2 16 |15 1 |7 19 14 18 |13 11 |5 
4184.31 15414.6
12 3 17 10 4 |9 20 ||8 |13 |6 |16 |7 19 |18 14 5 |2 1 11 15 
4272.16 15110.1
9 20 |12 3 17 10 4 ||6 |2 |19 7 |13 8 15 |18 14 5 16 |1 |11 
4312.28 14479.8
9 12 4 |20 17 10 3 ||6 |19 13 15 |16 2 |7 |18 14 |11 1 |5 |8 
4689.59 14435.8
9 20 |10 17 3 12 4 ||19 |16 |13 8 |7 15 |6 |18 14 5 |2 1 |11 
4755.79 14309.8
12 3 17 10 4 |9 20 ||11 15 |6 |16 2 |7 19 |1 |14 8 |18 5 |13 
4801.9 14266.3
12 3 17 10 4 |9 20 ||11 15 |1 13 |2 16 6 |14 |8 |18 19 7 |5 |
4887.64 14034.8
9 20 |10 17 3 12 4 ||19 |16 |13 8 |6 2 |15 |11 |7 |18 14 |5 |1 
4989.47 13693
9 20 |12 3 17 10 4 ||6 |2 |7 15 |13 8 |19 |18 14 |5 |16 1 |11 
5163.81 13593.6
12 3 17 10 4 |9 20 ||11 15 |8 |13 |6 |16 |19 7 |2 1 |14 |18 5 
5425.76 13205.9
9 20 |12 3 17 10 4 ||6 |19 |15 13 |7 |2 |8 |14 18 |11 1 |16 |5 
5439.35 13200.3
9 20 |10 17 3 12 4 ||11 15 |16 |13 |6 |8 1 |19 7 |2 |14 |18 5 
5515.67 13155.5
9 20 |12 3 17 10 4 ||11 15 |13 |6 |7 |2 |8 |14 |19 |18 |5 16 |1 
5690.14 12751.6

Time:0
Last Iter:10
Last Update:10
Tabu:0
Last Time0
19
15 4 12 10 17 3 20 |19 9 11 13 1 ||18 6 7 |16 2 5 14 |8 |
3450.73 29099.8
9 12 4 |3 17 10 20 ||19 7 14 18 1 |15 8 |6 16 2 5 |13 11 |
3511.08 22100.3
11 20 17 10 6 4 |9 3 12 ||2 |19 15 13 |7 |18 14 5 16 1 |8 
3564.28 20475
20 8 18 4 |9 10 17 3 12 ||5 |16 6 2 |7 19 |1 15 |14 |13 11 
3584.95 19495
14 12 3 17 10 16 4 |9 11 20 ||6 |19 |15 13 |7 |2 |18 5 1 8 
3704.42 19287.2
9 20 |14 10 17 3 12 4 ||11 15 |1 13 |2 16 6 |8 |18 19 7 |5 
3859.48 15844.9
9 20 |12 3 17 10 4 ||8 |6 |2 16 |15 1 |7 19 14 18 |13 11 |5 
4184.31 15414.6
12 3 17 10 4 |9 20 ||8 |13 |6 |16 |7 19 |18 14 5 |2 1 11 15 
4272.16 15110.1
9 20 |12 3 17 10 4 ||6 |2 |19 7 |13 8 15 |18 14 5 16 |1 |11 
4312.28 14479.8
9 12 4 |20 17 10 3 ||6 |19 13 15 |16 2 |7 |18 14 |11 1 |5 |8 
4689.59 14435.8
9 20 |10 17 3 12 4 ||19 |16 |13 8 |7 15 |6 |18 14 5 |2 1 |11 
4755.79 14309.8
12 3 17 10 4 |9 20 ||11 15 |6 |16 2 |7 19 |1 |14 8 |18 5 |13 
4801.9 14266.3
12 3 17 10 4 |9 20 ||11 15 |1 13 |2 16 6 |14 |8 |18 19 7 |5 |
4887.64 14034.8
9 20 |10 17 3 12 4 ||19 |16 |13 8 |6 2 |15 |11 |7 |18 14 |5 |1 
4989.47 13693
9 20 |12 3 17 10 4 ||6 |2 |7 15 |13 8 |19 |18 14 |5 |16 1 |11 
5163.81 13593.6
12 3 17 10 4 |9 20 ||11 15 |8 |13 |6 |16 |19 7 |2 1 |14 |18 5 
5425.76 13205.9
9 20 |12 3 17 10 4 ||6 |19 |15 13 |7 |2 |8 |14 18 |11 1 |16 |5 
5439.35 13200.3
9 20 |10 17 3 12 4 ||11 15 |16 |13 |6 |8 1 |19 7 |2 |14 |18 5 
5515.67 13155.5
9 20 |12 3 17 10 4 ||11 15 |13 |6 |7 |2 |8 |14 |19 |18 |5 16 |1 
5690.14 12751.6

Time:0
Last Iter:10
Last Update:10
Tabu:0
Last Time0
19
15 4 12 10 17 3 20 |19 9 11 13 1 ||18 6 7 |16 2 5 14 |8 |
3450.73 29099.8
9 12 4 |3 17 10 20 ||19 7 14 18 1 |15 8 |6 16 2 5 |13 11 |
3511.08 22100.3
11 20 17 10 6 4 |9 3 12 ||2 |19 15 13 |7 |18 14 5 16 1 |8 
3564.28 20475
20 8 18 4 |9 10 17 3 12 ||5 |16 6 2 |7 19 |1 15 |14 |13 11 
3584.95 19495
14 12 3 17 10 16 4 |9 11 20 ||6 |19 |15 13 |7 |2 |18 5 1 8 
3704.42 19287.2
9 20 |14 10 17 3 12 4 ||11 15 |1 13 |2 16 6 |8 |18 19 7 |5 
3859.48 15844.9
9 20 |12 3 17 10 4 ||8 |6 |2 16 |15 1 |7 19 14 18 |13 11 |5 
4184.31 15414.6
12 3 17 10 4 |9 20 ||8 |13 |6 |16 |7 19 |18 14 5 |2 1 11 15 
4272.16 15110.1
9 20 |12 3 17 10 4 ||6 |2 |19 7 |13 8 15 |18 14 5 16 |1 |11 
4312.28 14479.8
9 12 4 |20 17 10 3 ||6 |19 13 15 |16 2 |7 |18 14 |11 1 |5 |8 
4689.59 14435.8
9 20 |10 17 3 12 4 ||19 |16 |13 8 |7 15 |6 |18 14 5 |2 1 |11 
4755.79 14309.8
12 3 17 10 4 |9 20 ||11 15 |6 |16 2 |7 19 |1 |14 8 |18 5 |13 
4801.9 14266.3
12 3 17 10 4 |9 20 ||11 15 |1 13 |2 16 6 |14 |8 |18 19 7 |5 |
4887.64 14034.8
9 20 |10 17 3 12 4 ||19 |16 |13 8 |6 2 |15 |11 |7 |18 14 |5 |1 
4989.47 13693
9 20 |12 3 17 10 4 ||6 |2 |7 15 |13 8 |19 |18 14 |5 |16 1 |11 
5163.81 13593.6
12 3 17 10 4 |9 20 ||11 15 |8 |13 |6 |16 |19 7 |2 1 |14 |18 5 
5425.76 13205.9
9 20 |12 3 17 10 4 ||6 |19 |15 13 |7 |2 |8 |14 18 |11 1 |16 |5 
5439.35 13200.3
9 20 |10 17 3 12 4 ||11 15 |16 |13 |6 |8 1 |19 7 |2 |14 |18 5 
5515.67 13155.5
9 20 |12 3 17 10 4 ||11 15 |13 |6 |7 |2 |8 |14 |19 |18 |5 16 |1 
5690.14 12751.6

Time:0
Last Iter:10
Last Update:10
Tabu:0
Last Time0
19
15 4 12 10 17 3 20 |19 9 11 13 1 ||18 6 7 |16 2 5 14 |8 |
3450.73 29099.8
9 12 4 |3 17 10 20 ||19 7 14 18 1 |15 8 |6 16 2 5 |13 11 |
3511.08 22100.3
11 20 17 10 6 4 |9 3 12 ||2 |19 15 13 |7 |18 14 5 16 1 |8 
3564.28 20475
20 8 18 4 |9 10 17 3 12 ||5 |16 6 2 |7 19 |1 15 |14 |13 11 
3584.95 19495
14 12 3 17 10 16 4 |9 11 20 ||6 |19 |15 13 |7 |2 |18 5 1 8 
3704.42 19287.2
9 20 |14 10 17 3 12 4 ||11 15 |1 13 |2 16 6 |8 |18 19 7 |5 
3859.48 15844.9
9 20 |12 3 17 10 4 ||8 |6 |2 16 |15 1 |7 19 14 18 |13 11 |5 
4184.31 15414.6
12 3 17 10 4 |9 20 ||8 |13 |6 |16 |7 19 |18 14 5 |2 1 11 15 
4272.16 15110.1
9 20 |12 3 17 10 4 ||6 |2 |19 7 |13 8 15 |18 14 5 16 |1 |11 
4312.28 14479.8
9 12 4 |20 17 10 3 ||6 |19 13 15 |16 2 |7 |18 14 |11 1 |5 |8 
4689.59 14435.8
9 20 |10 17 3 12 4 ||19 |16 |13 8 |7 15 |6 |18 14 5 |2 1 |11 
4755.79 14309.8
12 3 17 10 4 |9 20 ||11 15 |6 |16 2 |7 19 |1 |14 8 |18 5 |13 
4801.9 14266.3
12 3 17 10 4 |9 20 ||11 15 |1 13 |2 16 6 |14 |8 |18 19 7 |5 |
4887.64 14034.8
9 20 |10 17 3 12 4 ||19 |16 |13 8 |6 2 |15 |11 |7 |18 14 |5 |1 
4989.47 13693
9 20 |12 3 17 10 4 ||6 |2 |7 15 |13 8 |19 |18 14 |5 |16 1 |11 
5163.81 13593.6
12 3 17 10 4 |9 20 ||11 15 |8 |13 |6 |16 |19 7 |2 1 |14 |18 5 
5425.76 13205.9
9 20 |12 3 17 10 4 ||6 |19 |15 13 |7 |2 |8 |14 18 |11 1 |16 |5 
5439.35 13200.3
9 20 |10 17 3 12 4 ||11 15 |16 |13 |6 |8 1 |19 7 |2 |14 |18 5 
5515.67 13155.5
9 20 |12 3 17 10 4 ||11 15 |13 |6 |7 |2 |8 |14 |19 |18 |5 16 |1 
5690.14 12751.6

Time:1
Last Iter:10
Last Update:10
Tabu:0
Last Time1
19
15 4 12 10 17 3 20 |19 9 11 13 1 ||18 6 7 |16 2 5 14 |8 |
3450.73 29099.8
9 12 4 |3 17 10 20 ||19 7 14 18 1 |15 8 |6 16 2 5 |13 11 |
3511.08 22100.3
11 20 17 10 6 4 |9 3 12 ||2 |19 15 13 |7 |18 14 5 16 1 |8 
3564.28 20475
20 8 18 4 |9 10 17 3 12 ||5 |16 6 2 |7 19 |1 15 |14 |13 11 
3584.95 19495
14 12 3 17 10 16 4 |9 11 20 ||6 |19 |15 13 |7 |2 |18 5 1 8 
3704.42 19287.2
9 20 |14 10 17 3 12 4 ||11 15 |1 13 |2 16 6 |8 |18 19 7 |5 
3859.48 15844.9
9 20 |12 3 17 10 4 ||8 |6 |2 16 |15 1 |7 19 14 18 |13 11 |5 
4184.31 15414.6
12 3 17 10 4 |9 20 ||8 |13 |6 |16 |7 19 |18 14 5 |2 1 11 15 
4272.16 15110.1
9 20 |12 3 17 10 4 ||6 |2 |19 7 |13 8 15 |18 14 5 16 |1 |11 
4312.28 14479.8
9 12 4 |20 17 10 3 ||6 |19 13 15 |16 2 |7 |18 14 |11 1 |5 |8 
4689.59 14435.8
9 20 |10 17 3 12 4 ||19 |16 |13 8 |7 15 |6 |18 14 5 |2 1 |11 
4755.79 14309.8
12 3 17 10 4 |9 20 ||11 15 |6 |16 2 |7 19 |1 |14 8 |18 5 |13 
4801.9 14266.3
12 3 17 10 4 |9 20 ||11 15 |1 13 |2 16 6 |14 |8 |18 19 7 |5 |
4887.64 14034.8
9 20 |10 17 3 12 4 ||19 |16 |13 8 |6 2 |15 |11 |7 |18 14 |5 |1 
4989.47 13693
9 20 |12 3 17 10 4 ||6 |2 |7 15 |13 8 |19 |18 14 |5 |16 1 |11 
5163.81 13593.6
12 3 17 10 4 |9 20 ||11 15 |8 |13 |6 |16 |19 7 |2 1 |14 |18 5 
5425.76 13205.9
9 20 |12 3 17 10 4 ||6 |19 |15 13 |7 |2 |8 |14 18 |11 1 |16 |5 
5439.35 13200.3
9 20 |10 17 3 12 4 ||11 15 |16 |13 |6 |8 1 |19 7 |2 |14 |18 5 
5515.67 13155.5
9 20 |12 3 17 10 4 ||11 15 |13 |6 |7 |2 |8 |14 |19 |18 |5 16 |1 
5690.14 12751.6

Time:0
Last Iter:10
Last Update:10
Tabu:0
Last Time0
15
1 13 20 17 10 12 |16 3 6 4 9 ||11 19 18 14 5 |15 8 2 7 |
3255.97 31945.9
9 12 10 4 |3 17 20 ||15 13 11 |1 8 16 2 |6 |19 7 5 14 18 |
3284.35 21587.2
19 7 9 13 |20 17 10 3 12 4 ||11 |5 16 |1 |18 14 |15 8 2 6 |
3331.05 19906.7
20 9 19 |10 17 3 12 4 ||2 6 16 |11 |13 15 |8 1 |7 5 18 14 |
3430.05 16400.7
9 20 |10 17 3 12 4 ||2 |6 16 |11 13 15 |8 1 |5 18 14 19 7 |
3459.07 15342.5
9 20 |10 17 3 12 4 ||2 |6 16 |11 |15 |8 1 |5 18 14 19 7 |13 
3934.91 15147.3
9 17 12 4 |20 3 10 ||5 |6 16 2 |11 13 15 |8 1 |7 |19 |18 14 |
4129.51 14758.9
3 17 10 12 4 |9 20 ||6 16 2 |11 13 15 |8 1 |7 |19 |18 14 |5 |
4202.17 14060.7
9 20 |12 3 17 10 4 ||2 |6 16 |11 13 |8 |15 1 |7 |19 |18 14 5 
4339.97 13717
9 20 |3 17 10 12 4 ||6 2 |16 |11 13 15 |8 1 |7 |19 |18 14 |5 |
4380.49 13449
17 3 10 12 4 |9 20 ||5 |6 16 |11 13 15 |8 1 |7 |19 |2 |18 14 
4414.17 13255.3
12 3 17 10 4 |9 20 15 ||2 |6 16 |11 13 |8 1 |7 |19 |5 |18 14 |
4429.88 13146.8
12 3 17 10 4 |9 20 ||2 |6 16 |11 13 15 |8 1 |7 |19 |5 |18 14 |
4479.18 12986.3
12 3 17 10 4 |9 20 ||2 |6 16 |11 13 15 |8 |1 |7 |19 |5 |14 18 
4982.26 12882.6
12 3 17 10 4 |9 20 ||2 |16 |13 1 |5 6 |11 |7 |8 |19 |15 |18 14 |
5084.54 12770.8

Time:0
Last Iter:10
Last Update:10
Tabu:0
Last Time0
15
1 13 20 17 10 12 |16 3 6 4 9 ||11 19 18 14 5 |15 8 2 7 |
3255.97 31945.9
9 12 10 4 |3 17 20 ||15 13 11 |1 8 16 2 |6 |19 7 5 14 18 |
3284.35 21587.2
19 7 9 13 |20 17 10 3 12 4 ||11 |5 16 |1 |18 14 |15 8 2 6 |
3331.05 19906.7
20 9 19 |10 17 3 12 4 ||2 6 16 |11 |13 15 |8 1 |7 5 18 14 |
3430.05 16400.7
9 20 |10 17 3 12 4 ||2 |6 16 |11 13 15 |8 1 |5 18 14 19 7 |
3459.07 15342.5
9 20 |10 17 3 12 4 ||2 |6 16 |11 |15 |8 1 |5 18 14 19 7 |13 
3934.91 15147.3
9 17 12 4 |20 3 10 ||5 |6 16 2 |11 13 15 |8 1 |7 |19 |18 14 |
4129.51 14758.9
3 17 10 12 4 |9 20 ||6 16 2 |11 13 15 |8 1 |7 |19 |18 14 |5 |
4202.17 14060.7
9 20 |12 3 17 10 4 ||2 |6 16 |11 13 |8 |15 1 |7 |19 |18 14 5 
4339.97 13717
9 20 |3 17 10 12 4 ||6 2 |16 |11 13 15 |8 1 |7 |19 |18 14 |5 |
4380.49 13449
17 3 10 12 4 |9 20 ||5 |6 16 |11 13 15 |8 1 |7 |19 |2 |18 14 
4414.17 13255.3
12 3 17 10 4 |9 20 15 ||2 |6 16 |11 13 |8 1 |7 |19 |5 |18 14 |
4429.88 13146.8
12 3 17 10 4 |9 20 ||2 |6 16 |11 13 15 |8 1 |7 |19 |5 |18 14 |
4479.18 12986.3
12 3 17 10 4 |9 20 ||2 |6 16 |11 13 15 |8 |1 |7 |19 |5 |14 18 
4982.26 12882.6
12 3 17 10 4 |9 20 ||2 |16 |13 1 |5 6 |11 |7 |8 |19 |15 |18 14 |
5084.54 12770.8

Time:0
Last Iter:10
Last Update:10
Tabu:0
Last Time0
15
1 13 20 17 10 12 |16 3 6 4 9 ||11 19 18 14 5 |15 8 2 7 |
3255.97 31945.9
9 12 10 4 |3 17 20 ||15 13 11 |1 8 16 2 |6 |19 7 5 14 18 |
3284.35 21587.2
19 7 9 13 |20 17 10 3 12 4 ||11 |5 16 |1 |18 14 |15 8 2 6 |
3331.05 19906.7
20 9 19 |10 17 3 12 4 ||2 6 16 |11 |13 15 |8 1 |7 5 18 14 |
3430.05 16400.7
9 20 |10 17 3 12 4 ||2 |6 16 |11 13 15 |8 1 |5 18 14 19 7 |
3459.07 15342.5
9 20 |10 17 3 12 4 ||2 |6 16 |11 |15 |8 1 |5 18 14 19 7 |13 
3934.91 15147.3
9 17 12 4 |20 3 10 ||5 |6 16 2 |11 13 15 |8 1 |7 |19 |18 14 |
4129.51 14758.9
3 17 10 12 4 |9 20 ||6 16 2 |11 13 15 |8 1 |7 |19 |18 14 |5 |
4202.17 14060.7
9 20 |12 3 17 10 4 ||2 |6 16 |11 13 |8 |15 1 |7 |19 |18 14 5 
4339.97 13717
9 20 |3 17 10 12 4 ||6 2 |16 |11 13 15 |8 1 |7 |19 |18 14 |5 |
4380.49 13449
17 3 10 12 4 |9 20 ||5 |6 16 |11 13 15 |8 1 |7 |19 |2 |18 14 
4414.17 13255.3
12 3 17 10 4 |9 20 15 ||2 |6 16 |11 13 |8 1 |7 |19 |5 |18 14 |
4429.88 13146.8
12 3 17 10 4 |9 20 ||2 |6 16 |11 13 15 |8 1 |7 |19 |5 |18 14 |
4479.18 12986.3
12 3 17 10 4 |9 20 ||2 |6 16 |11 13 15 |8 |1 |7 |19 |5 |14 18 
4982.26 12882.6
12 3 17 10 4 |9 20 ||2 |16 |13 1 |5 6 |11 |7 |8 |19 |15 |18 14 |
5084.54 12770.8

Time:0
Last Iter:10
Last Update:10
Tabu:0
Last Time0
15
1 13 20 17 10 12 |16 3 6 4 9 ||11 19 18 14 5 |15 8 2 7 |
3255.97 31945.9
9 12 10 4 |3 17 20 ||15 13 11 |1 8 16 2 |6 |19 7 5 14 18 |
3284.35 21587.2
19 7 9 13 |20 17 10 3 12 4 ||11 |5 16 |1 |18 14 |15 8 2 6 |
3331.05 19906.7
20 9 19 |10 17 3 12 4 ||2 6 16 |11 |13 15 |8 1 |7 5 18 14 |
3430.05 16400.7
9 20 |10 17 3 12 4 ||2 |6 16 |11 13 15 |8 1 |5 18 14 19 7 |
3459.07 15342.5
9 20 |10 17 3 12 4 ||2 |6 16 |11 |15 |8 1 |5 18 14 19 7 |13 
3934.91 15147.3
9 17 12 4 |20 3 10 ||5 |6 16 2 |11 13 15 |8 1 |7 |19 |18 14 |
4129.51 14758.9
3 17 10 12 4 |9 20 ||6 16 2 |11 13 15 |8 1 |7 |19 |18 14 |5 |
4202.17 14060.7
9 20 |12 3 17 10 4 ||2 |6 16 |11 13 |8 |15 1 |7 |19 |18 14 5 
4339.97 13717
9 20 |3 17 10 12 4 ||6 2 |16 |11 13 15 |8 1 |7 |19 |18 14 |5 |
4380.49 13449
17 3 10 12 4 |9 20 ||5 |6 16 |11 13 15 |8 1 |7 |19 |2 |18 14 
4414.17 13255.3
12 3 17 10 4 |9 20 15 ||2 |6 16 |11 13 |8 1 |7 |19 |5 |18 14 |
4429.88 13146.8
12 3 17 10 4 |9 20 ||2 |6 16 |11 13 15 |8 1 |7 |19 |5 |18 14 |
4479.18 12986.3
12 3 17 10 4 |9 20 ||2 |6 16 |11 13 15 |8 |1 |7 |19 |5 |14 18 
4982.26 12882.6
12 3 17 10 4 |9 20 ||2 |16 |13 1 |5 6 |11 |7 |8 |19 |15 |18 14 |
5084.54 12770.8

Time:0
Last Iter:10
Last Update:10
Tabu:0
Last Time0
15
1 13 20 17 10 12 |16 3 6 4 9 ||11 19 18 14 5 |15 8 2 7 |
3255.97 31945.9
9 12 10 4 |3 17 20 ||15 13 11 |1 8 16 2 |6 |19 7 5 14 18 |
3284.35 21587.2
19 7 9 13 |20 17 10 3 12 4 ||11 |5 16 |1 |18 14 |15 8 2 6 |
3331.05 19906.7
20 9 19 |10 17 3 12 4 ||2 6 16 |11 |13 15 |8 1 |7 5 18 14 |
3430.05 16400.7
9 20 |10 17 3 12 4 ||2 |6 16 |11 13 15 |8 1 |5 18 14 19 7 |
3459.07 15342.5
9 20 |10 17 3 12 4 ||2 |6 16 |11 |15 |8 1 |5 18 14 19 7 |13 
3934.91 15147.3
9 17 12 4 |20 3 10 ||5 |6 16 2 |11 13 15 |8 1 |7 |19 |18 14 |
4129.51 14758.9
3 17 10 12 4 |9 20 ||6 16 2 |11 13 15 |8 1 |7 |19 |18 14 |5 |
4202.17 14060.7
9 20 |12 3 17 10 4 ||2 |6 16 |11 13 |8 |15 1 |7 |19 |18 14 5 
4339.97 13717
9 20 |3 17 10 12 4 ||6 2 |16 |11 13 15 |8 1 |7 |19 |18 14 |5 |
4380.49 13449
17 3 10 12 4 |9 20 ||5 |6 16 |11 13 15 |8 1 |7 |19 |2 |18 14 
4414.17 13255.3
12 3 17 10 4 |9 20 15 ||2 |6 16 |11 13 |8 1 |7 |19 |5 |18 14 |
4429.88 13146.8
12 3 17 10 4 |9 20 ||2 |6 16 |11 13 15 |8 1 |7 |19 |5 |18 14 |
4479.18 12986.3
12 3 17 10 4 |9 20 ||2 |6 16 |11 13 15 |8 |1 |7 |19 |5 |14 18 
4982.26 12882.6
12 3 17 10 4 |9 20 ||2 |16 |13 1 |5 6 |11 |7 |8 |19 |15 |18 14 |
5084.54 12770.8

Time:0
Last Iter:10
Last Update:10
Tabu:0
Last Time0
15
1 13 20 17 10 12 |16 3 6 4 9 ||11 19 18 14 5 |15 8 2 7 |
3255.97 31945.9
9 12 10 4 |3 17 20 ||15 13 11 |1 8 16 2 |6 |19 7 5 14 18 |
3284.35 21587.2
19 7 9 13 |20 17 10 3 12 4 ||11 |5 16 |1 |18 14 |15 8 2 6 |
3331.05 19906.7
20 9 19 |10 17 3 12 4 ||2 6 16 |11 |13 15 |8 1 |7 5 18 14 |
3430.05 16400.7
9 20 |10 17 3 12 4 ||2 |6 16 |11 13 15 |8 1 |5 18 14 19 7 |
3459.07 15342.5
9 20 |10 17 3 12 4 ||2 |6 16 |11 |15 |8 1 |5 18 14 19 7 |13 
3934.91 15147.3
9 17 12 4 |20 3 10 ||5 |6 16 2 |11 13 15 |8 1 |7 |19 |18 14 |
4129.51 14758.9
3 17 10 12 4 |9 20 ||6 16 2 |11 13 15 |8 1 |7 |19 |18 14 |5 |
4202.17 14060.7
9 20 |12 3 17 10 4 ||2 |6 16 |11 13 |8 |15 1 |7 |19 |18 14 5 
4339.97 13717
9 20 |3 17 10 12 4 ||6 2 |16 |11 13 15 |8 1 |7 |19 |18 14 |5 |
4380.49 13449
17 3 10 12 4 |9 20 ||5 |6 16 |11 13 15 |8 1 |7 |19 |2 |18 14 
4414.17 13255.3
12 3 17 10 4 |9 20 15 ||2 |6 16 |11 13 |8 1 |7 |19 |5 |18 14 |
4429.88 13146.8
12 3 17 10 4 |9 20 ||2 |6 16 |11 13 15 |8 1 |7 |19 |5 |18 14 |
4479.18 12986.3
12 3 17 10 4 |9 20 ||2 |6 16 |11 13 15 |8 |1 |7 |19 |5 |14 18 
4982.26 12882.6
12 3 17 10 4 |9 20 ||2 |16 |13 1 |5 6 |11 |7 |8 |19 |15 |18 14 |
5084.54 12770.8

