Time:0
Last Iter:10
Last Update:10
Tabu:0
Last Time0
7
10 15 13 4 |11 14 1 19 ||3 18 |16 5 |8 |6 |9 2 |17 7 12 20 ||
6294.5 40778.5
14 11 2 1 19 |10 15 13 ||3 18 |16 5 |8 20 ||9 |12 7 17 4 |6 
6601.61 40074.5
14 11 2 1 19 |10 15 13 ||8 |9 |20 17 12 |16 18 5 |3 7 4 |6 
6730.26 39768.3
14 11 1 19 |10 15 13 ||17 20 8 9 |4 |18 5 |6 |3 2 |16 |7 12 
6790.18 38257.8
14 11 1 19 |10 15 13 ||17 |16 |8 20 12 |18 5 |3 7 9 |2 4 |6 
6907.08 38191.9
14 11 1 19 |10 15 13 ||17 |16 |20 12 8 |18 5 |3 7 9 |2 4 |6 
6928.51 37690.2
14 11 1 19 |10 15 13 ||17 |20 12 8 |18 5 |3 7 9 |16 2 4 |6 
7893.61 37130.2

Time:0
Last Iter:10
Last Update:10
Tabu:0
Last Time0
7
10 15 13 4 |11 14 1 19 ||3 18 |16 5 |8 |6 |9 2 |17 7 12 20 ||
6294.5 40778.5
14 11 2 1 19 |10 15 13 ||3 18 |16 5 |8 20 ||9 |12 7 17 4 |6 
6601.61 40074.5
14 11 2 1 19 |10 15 13 ||8 |9 |20 17 12 |16 18 5 |3 7 4 |6 
6730.26 39768.3
14 11 1 19 |10 15 13 ||17 20 8 9 |4 |18 5 |6 |3 2 |16 |7 12 
6790.18 38257.8
14 11 1 19 |10 15 13 ||17 |16 |8 20 12 |18 5 |3 7 9 |2 4 |6 
6907.08 38191.9
14 11 1 19 |10 15 13 ||17 |16 |20 12 8 |18 5 |3 7 9 |2 4 |6 
6928.51 37690.2
14 11 1 19 |10 15 13 ||17 |20 12 8 |18 5 |3 7 9 |16 2 4 |6 
7893.61 37130.2

Time:0
Last Iter:10
Last Update:10
Tabu:0
Last Time0
7
10 15 13 4 |11 14 1 19 ||3 18 |16 5 |8 |6 |9 2 |17 7 12 20 ||
6294.5 40778.5
14 11 2 1 19 |10 15 13 ||3 18 |16 5 |8 20 ||9 |12 7 17 4 |6 
6601.61 40074.5
14 11 2 1 19 |10 15 13 ||8 |9 |20 17 12 |16 18 5 |3 7 4 |6 
6730.26 39768.3
14 11 1 19 |10 15 13 ||17 20 8 9 |4 |18 5 |6 |3 2 |16 |7 12 
6790.18 38257.8
14 11 1 19 |10 15 13 ||17 |16 |8 20 12 |18 5 |3 7 9 |2 4 |6 
6907.08 38191.9
14 11 1 19 |10 15 13 ||17 |16 |20 12 8 |18 5 |3 7 9 |2 4 |6 
6928.51 37690.2
14 11 1 19 |10 15 13 ||17 |20 12 8 |18 5 |3 7 9 |16 2 4 |6 
7893.61 37130.2

Time:0
Last Iter:10
Last Update:10
Tabu:0
Last Time0
7
10 15 13 4 |11 14 1 19 ||3 18 |16 5 |8 |6 |9 2 |17 7 12 20 ||
6294.5 40778.5
14 11 2 1 19 |10 15 13 ||3 18 |16 5 |8 20 ||9 |12 7 17 4 |6 
6601.61 40074.5
14 11 2 1 19 |10 15 13 ||8 |9 |20 17 12 |16 18 5 |3 7 4 |6 
6730.26 39768.3
14 11 1 19 |10 15 13 ||17 20 8 9 |4 |18 5 |6 |3 2 |16 |7 12 
6790.18 38257.8
14 11 1 19 |10 15 13 ||17 |16 |8 20 12 |18 5 |3 7 9 |2 4 |6 
6907.08 38191.9
14 11 1 19 |10 15 13 ||17 |16 |20 12 8 |18 5 |3 7 9 |2 4 |6 
6928.51 37690.2
14 11 1 19 |10 15 13 ||17 |20 12 8 |18 5 |3 7 9 |16 2 4 |6 
7893.61 37130.2

Time:0
Last Iter:10
Last Update:10
Tabu:0
Last Time0
7
10 15 13 4 |11 14 1 19 ||3 18 |16 5 |8 |6 |9 2 |17 7 12 20 ||
6294.5 40778.5
14 11 2 1 19 |10 15 13 ||3 18 |16 5 |8 20 ||9 |12 7 17 4 |6 
6601.61 40074.5
14 11 2 1 19 |10 15 13 ||8 |9 |20 17 12 |16 18 5 |3 7 4 |6 
6730.26 39768.3
14 11 1 19 |10 15 13 ||17 20 8 9 |4 |18 5 |6 |3 2 |16 |7 12 
6790.18 38257.8
14 11 1 19 |10 15 13 ||17 |16 |8 20 12 |18 5 |3 7 9 |2 4 |6 
6907.08 38191.9
14 11 1 19 |10 15 13 ||17 |16 |20 12 8 |18 5 |3 7 9 |2 4 |6 
6928.51 37690.2
14 11 1 19 |10 15 13 ||17 |20 12 8 |18 5 |3 7 9 |16 2 4 |6 
7893.61 37130.2

Time:0
Last Iter:10
Last Update:10
Tabu:0
Last Time0
7
10 15 13 4 |11 14 1 19 ||3 18 |16 5 |8 |6 |9 2 |17 7 12 20 ||
6294.5 40778.5
14 11 2 1 19 |10 15 13 ||3 18 |16 5 |8 20 ||9 |12 7 17 4 |6 
6601.61 40074.5
14 11 2 1 19 |10 15 13 ||8 |9 |20 17 12 |16 18 5 |3 7 4 |6 
6730.26 39768.3
14 11 1 19 |10 15 13 ||17 20 8 9 |4 |18 5 |6 |3 2 |16 |7 12 
6790.18 38257.8
14 11 1 19 |10 15 13 ||17 |16 |8 20 12 |18 5 |3 7 9 |2 4 |6 
6907.08 38191.9
14 11 1 19 |10 15 13 ||17 |16 |20 12 8 |18 5 |3 7 9 |2 4 |6 
6928.51 37690.2
14 11 1 19 |10 15 13 ||17 |20 12 8 |18 5 |3 7 9 |16 2 4 |6 
7893.61 37130.2

Time:0
Last Iter:10
Last Update:10
Tabu:0
Last Time0
7
10 15 13 4 |11 14 1 19 ||3 18 |16 5 |8 |6 |9 2 |17 7 12 20 ||
6294.5 40778.5
14 11 2 1 19 |10 15 13 ||3 18 |16 5 |8 20 ||9 |12 7 17 4 |6 
6601.61 40074.5
14 11 2 1 19 |10 15 13 ||8 |9 |20 17 12 |16 18 5 |3 7 4 |6 
6730.26 39768.3
14 11 1 19 |10 15 13 ||17 20 8 9 |4 |18 5 |6 |3 2 |16 |7 12 
6790.18 38257.8
14 11 1 19 |10 15 13 ||17 |16 |8 20 12 |18 5 |3 7 9 |2 4 |6 
6907.08 38191.9
14 11 1 19 |10 15 13 ||17 |16 |20 12 8 |18 5 |3 7 9 |2 4 |6 
6928.51 37690.2
14 11 1 19 |10 15 13 ||17 |20 12 8 |18 5 |3 7 9 |16 2 4 |6 
7893.61 37130.2

Time:0
Last Iter:10
Last Update:10
Tabu:0
Last Time0
7
10 15 13 4 |11 14 1 19 ||3 18 |16 5 |8 |6 |9 2 |17 7 12 20 ||
6294.5 40778.5
14 11 2 1 19 |10 15 13 ||3 18 |16 5 |8 20 ||9 |12 7 17 4 |6 
6601.61 40074.5
14 11 2 1 19 |10 15 13 ||8 |9 |20 17 12 |16 18 5 |3 7 4 |6 
6730.26 39768.3
14 11 1 19 |10 15 13 ||17 20 8 9 |4 |18 5 |6 |3 2 |16 |7 12 
6790.18 38257.8
14 11 1 19 |10 15 13 ||17 |16 |8 20 12 |18 5 |3 7 9 |2 4 |6 
6907.08 38191.9
14 11 1 19 |10 15 13 ||17 |16 |20 12 8 |18 5 |3 7 9 |2 4 |6 
6928.51 37690.2
14 11 1 19 |10 15 13 ||17 |20 12 8 |18 5 |3 7 9 |16 2 4 |6 
7893.61 37130.2

Time:0
Last Iter:10
Last Update:10
Tabu:0
Last Time0
7
10 15 13 4 |11 14 1 19 ||3 18 |16 5 |8 |6 |9 2 |17 7 12 20 ||
6294.5 40778.5
14 11 2 1 19 |10 15 13 ||3 18 |16 5 |8 20 ||9 |12 7 17 4 |6 
6601.61 40074.5
14 11 2 1 19 |10 15 13 ||8 |9 |20 17 12 |16 18 5 |3 7 4 |6 
6730.26 39768.3
14 11 1 19 |10 15 13 ||17 20 8 9 |4 |18 5 |6 |3 2 |16 |7 12 
6790.18 38257.8
14 11 1 19 |10 15 13 ||17 |16 |8 20 12 |18 5 |3 7 9 |2 4 |6 
6907.08 38191.9
14 11 1 19 |10 15 13 ||17 |16 |20 12 8 |18 5 |3 7 9 |2 4 |6 
6928.51 37690.2
14 11 1 19 |10 15 13 ||17 |20 12 8 |18 5 |3 7 9 |16 2 4 |6 
7893.61 37130.2

Time:0
Last Iter:10
Last Update:10
Tabu:0
Last Time0
7
10 15 13 4 |11 14 1 19 ||3 18 |16 5 |8 |6 |9 2 |17 7 12 20 ||
6294.5 40778.5
14 11 2 1 19 |10 15 13 ||3 18 |16 5 |8 20 ||9 |12 7 17 4 |6 
6601.61 40074.5
14 11 2 1 19 |10 15 13 ||8 |9 |20 17 12 |16 18 5 |3 7 4 |6 
6730.26 39768.3
14 11 1 19 |10 15 13 ||17 20 8 9 |4 |18 5 |6 |3 2 |16 |7 12 
6790.18 38257.8
14 11 1 19 |10 15 13 ||17 |16 |8 20 12 |18 5 |3 7 9 |2 4 |6 
6907.08 38191.9
14 11 1 19 |10 15 13 ||17 |16 |20 12 8 |18 5 |3 7 9 |2 4 |6 
6928.51 37690.2
14 11 1 19 |10 15 13 ||17 |20 12 8 |18 5 |3 7 9 |16 2 4 |6 
7893.61 37130.2

Execution time: 0.335 seconds
