Time:1
Last Iter:10
Last Update:10
Tabu:0
Last Time1
6
10 2 17 |8 3 9 14 6 ||16 20 ||11 13 5 18 |12 |7 4 1 |15 19 |
6790.56 48818.8
8 3 9 14 6 |10 2 17 ||16 20 ||5 13 18 |4 |15 12 1 |19 |7 |11 |
6922.69 48614
8 3 9 14 6 |10 2 17 ||16 20 ||13 5 11 |4 19 |12 15 18 |1 7 |
7116.61 48461
8 3 9 14 6 |10 2 17 ||16 20 ||11 13 5 18 |12 |1 |19 4 7 |15 
7207.5 47952.9
2 17 |8 3 9 14 6 ||16 20 ||13 5 7 18 |4 19 |12 15 |10 11 |1 
7220.63 47642.5
8 3 9 14 6 |10 2 17 ||16 20 ||11 13 5 18 |4 19 |12 15 1 |7 |
7245.57 47047.1

Time:0
Last Iter:10
Last Update:10
Tabu:0
Last Time0
6
10 2 17 |8 3 9 14 6 ||16 20 ||1 15 12 |11 |18 7 19 |5 13 |4 
6624.2 50831.4
10 2 17 |8 3 9 14 6 ||16 20 ||1 |15 12 |11 |18 7 19 |5 13 |4 
7245.6 50229
8 3 9 14 6 |2 17 ||10 11 |12 15 19 |13 18 |1 |16 20 ||7 |4 5 
7464 49613.8
2 17 |8 3 9 14 6 ||15 19 7 18 |10 |4 13 |12 |1 |16 20 ||5 11 
8107.7 49565.5
2 17 |8 3 9 14 6 ||16 20 ||5 10 11 |13 4 |18 |19 7 |12 15 |1 |
8539.8 49416.5
2 17 |8 3 9 14 6 ||15 19 7 18 |10 11 5 |12 1 |16 |13 4 |20 |
9012.31 49057.2

Time:0
Last Iter:10
Last Update:10
Tabu:0
Last Time0
6
10 2 17 |8 3 9 14 6 ||16 20 ||1 15 12 |11 |18 7 19 |5 13 |4 
6624.2 50831.4
10 2 17 |8 3 9 14 6 ||16 20 ||1 |15 12 |11 |18 7 19 |5 13 |4 
7245.6 50229
8 3 9 14 6 |2 17 ||10 11 |12 15 19 |13 18 |1 |16 20 ||7 |4 5 
7464 49613.8
2 17 |8 3 9 14 6 ||15 19 7 18 |10 |4 13 |12 |1 |16 20 ||5 11 
8107.7 49565.5
2 17 |8 3 9 14 6 ||16 20 ||5 10 11 |13 4 |18 |19 7 |12 15 |1 |
8539.8 49416.5
2 17 |8 3 9 14 6 ||15 19 7 18 |10 11 5 |12 1 |16 |13 4 |20 |
9012.31 49057.2

Time:0
Last Iter:10
Last Update:10
Tabu:0
Last Time0
6
10 2 17 |8 3 9 14 6 ||16 20 ||1 15 12 |11 |18 7 19 |5 13 |4 
6624.2 50831.4
10 2 17 |8 3 9 14 6 ||16 20 ||1 |15 12 |11 |18 7 19 |5 13 |4 
7245.6 50229
8 3 9 14 6 |2 17 ||10 11 |12 15 19 |13 18 |1 |16 20 ||7 |4 5 
7464 49613.8
2 17 |8 3 9 14 6 ||15 19 7 18 |10 |4 13 |12 |1 |16 20 ||5 11 
8107.7 49565.5
2 17 |8 3 9 14 6 ||16 20 ||5 10 11 |13 4 |18 |19 7 |12 15 |1 |
8539.8 49416.5
2 17 |8 3 9 14 6 ||15 19 7 18 |10 11 5 |12 1 |16 |13 4 |20 |
9012.31 49057.2

Time:0
Last Iter:10
Last Update:10
Tabu:0
Last Time0
6
10 2 17 |8 3 9 14 6 ||16 20 ||1 15 12 |11 |18 7 19 |5 13 |4 
6624.2 50831.4
10 2 17 |8 3 9 14 6 ||16 20 ||1 |15 12 |11 |18 7 19 |5 13 |4 
7245.6 50229
8 3 9 14 6 |2 17 ||10 11 |12 15 19 |13 18 |1 |16 20 ||7 |4 5 
7464 49613.8
2 17 |8 3 9 14 6 ||15 19 7 18 |10 |4 13 |12 |1 |16 20 ||5 11 
8107.7 49565.5
2 17 |8 3 9 14 6 ||16 20 ||5 10 11 |13 4 |18 |19 7 |12 15 |1 |
8539.8 49416.5
2 17 |8 3 9 14 6 ||15 19 7 18 |10 11 5 |12 1 |16 |13 4 |20 |
9012.31 49057.2

Time:0
Last Iter:10
Last Update:10
Tabu:0
Last Time0
6
10 2 17 |8 3 9 14 6 ||16 20 ||1 15 12 |11 |18 7 19 |5 13 |4 
6624.2 50831.4
10 2 17 |8 3 9 14 6 ||16 20 ||1 |15 12 |11 |18 7 19 |5 13 |4 
7245.6 50229
8 3 9 14 6 |2 17 ||10 11 |12 15 19 |13 18 |1 |16 20 ||7 |4 5 
7464 49613.8
2 17 |8 3 9 14 6 ||15 19 7 18 |10 |4 13 |12 |1 |16 20 ||5 11 
8107.7 49565.5
2 17 |8 3 9 14 6 ||16 20 ||5 10 11 |13 4 |18 |19 7 |12 15 |1 |
8539.8 49416.5
2 17 |8 3 9 14 6 ||15 19 7 18 |10 11 5 |12 1 |16 |13 4 |20 |
9012.31 49057.2

Time:0
Last Iter:10
Last Update:10
Tabu:0
Last Time0
6
10 2 17 |8 3 9 14 6 ||16 20 ||1 15 12 |11 |18 7 19 |5 13 |4 
6624.2 50831.4
10 2 17 |8 3 9 14 6 ||16 20 ||1 |15 12 |11 |18 7 19 |5 13 |4 
7245.6 50229
8 3 9 14 6 |2 17 ||10 11 |12 15 19 |13 18 |1 |16 20 ||7 |4 5 
7464 49613.8
2 17 |8 3 9 14 6 ||15 19 7 18 |10 |4 13 |12 |1 |16 20 ||5 11 
8107.7 49565.5
2 17 |8 3 9 14 6 ||16 20 ||5 10 11 |13 4 |18 |19 7 |12 15 |1 |
8539.8 49416.5
2 17 |8 3 9 14 6 ||15 19 7 18 |10 11 5 |12 1 |16 |13 4 |20 |
9012.31 49057.2

Time:0
Last Iter:10
Last Update:10
Tabu:0
Last Time0
6
10 2 17 |8 3 9 14 6 ||16 20 ||1 15 12 |11 |18 7 19 |5 13 |4 
6624.2 50831.4
10 2 17 |8 3 9 14 6 ||16 20 ||1 |15 12 |11 |18 7 19 |5 13 |4 
7245.6 50229
8 3 9 14 6 |2 17 ||10 11 |12 15 19 |13 18 |1 |16 20 ||7 |4 5 
7464 49613.8
2 17 |8 3 9 14 6 ||15 19 7 18 |10 |4 13 |12 |1 |16 20 ||5 11 
8107.7 49565.5
2 17 |8 3 9 14 6 ||16 20 ||5 10 11 |13 4 |18 |19 7 |12 15 |1 |
8539.8 49416.5
2 17 |8 3 9 14 6 ||15 19 7 18 |10 11 5 |12 1 |16 |13 4 |20 |
9012.31 49057.2

Time:0
Last Iter:10
Last Update:10
Tabu:0
Last Time0
6
10 2 17 |8 3 9 14 6 ||16 20 ||1 15 12 |11 |18 7 19 |5 13 |4 
6624.2 50831.4
10 2 17 |8 3 9 14 6 ||16 20 ||1 |15 12 |11 |18 7 19 |5 13 |4 
7245.6 50229
8 3 9 14 6 |2 17 ||10 11 |12 15 19 |13 18 |1 |16 20 ||7 |4 5 
7464 49613.8
2 17 |8 3 9 14 6 ||15 19 7 18 |10 |4 13 |12 |1 |16 20 ||5 11 
8107.7 49565.5
2 17 |8 3 9 14 6 ||16 20 ||5 10 11 |13 4 |18 |19 7 |12 15 |1 |
8539.8 49416.5
2 17 |8 3 9 14 6 ||15 19 7 18 |10 11 5 |12 1 |16 |13 4 |20 |
9012.31 49057.2

Time:0
Last Iter:10
Last Update:10
Tabu:0
Last Time0
6
10 2 17 |8 3 9 14 6 ||16 20 ||1 15 12 |11 |18 7 19 |5 13 |4 
6624.2 50831.4
10 2 17 |8 3 9 14 6 ||16 20 ||1 |15 12 |11 |18 7 19 |5 13 |4 
7245.6 50229
8 3 9 14 6 |2 17 ||10 11 |12 15 19 |13 18 |1 |16 20 ||7 |4 5 
7464 49613.8
2 17 |8 3 9 14 6 ||15 19 7 18 |10 |4 13 |12 |1 |16 20 ||5 11 
8107.7 49565.5
2 17 |8 3 9 14 6 ||16 20 ||5 10 11 |13 4 |18 |19 7 |12 15 |1 |
8539.8 49416.5
2 17 |8 3 9 14 6 ||15 19 7 18 |10 11 5 |12 1 |16 |13 4 |20 |
9012.31 49057.2

Execution time: 0.364 seconds
