Time:0
Last Iter:10
Last Update:10
Tabu:0
Last Time0
4
17 16 4 3 7 9 |5 18 13 20 15 ||19 |14 |6 |8 12 |11 |1 |2 10 
8256.44 45481.7
5 18 13 20 15 |17 3 4 16 7 9 ||19 |10 |8 14 |12 |1 |6 11 |2 
8674.88 43450.7
5 18 13 20 15 |17 3 4 16 7 9 ||6 |10 |19 |14 8 |12 |11 |1 |2 
8751.37 43406.2
5 18 13 20 15 |17 4 3 16 7 9 ||6 |8 |10 |14 |12 |11 |1 |19 |2 
8840.67 42539

Time:0
Last Iter:10
Last Update:10
Tabu:0
Last Time0
4
17 16 4 3 7 9 |5 18 13 20 15 ||19 |14 |6 |8 12 |11 |1 |2 10 
8256.44 45481.7
5 18 13 20 15 |17 3 4 16 7 9 ||19 |10 |8 14 |12 |1 |6 11 |2 
8674.88 43450.7
5 18 13 20 15 |17 3 4 16 7 9 ||6 |10 |19 |14 8 |12 |11 |1 |2 
8751.37 43406.2
5 18 13 20 15 |17 4 3 16 7 9 ||6 |8 |10 |14 |12 |11 |1 |19 |2 
8840.67 42539

Time:1
Last Iter:10
Last Update:10
Tabu:0
Last Time1
4
17 16 4 3 7 9 |5 18 13 20 15 ||19 |14 |6 |8 12 |11 |1 |2 10 
8256.44 45481.7
5 18 13 20 15 |17 3 4 16 7 9 ||19 |10 |8 14 |12 |1 |6 11 |2 
8674.88 43450.7
5 18 13 20 15 |17 3 4 16 7 9 ||6 |10 |19 |14 8 |12 |11 |1 |2 
8751.37 43406.2
5 18 13 20 15 |17 4 3 16 7 9 ||6 |8 |10 |14 |12 |11 |1 |19 |2 
8840.67 42539

Time:0
Last Iter:10
Last Update:10
Tabu:0
Last Time0
4
17 16 4 3 7 9 |5 18 13 20 15 ||14 12 |11 6 |8 |10 1 |2 |19 
8256.44 44242.9
5 18 13 20 15 |17 3 4 16 7 9 ||12 |6 |11 |1 |8 14 |10 |2 |19 
8674.88 43184.8
5 18 13 20 15 |17 4 3 16 7 9 ||12 |14 |11 |6 |8 |10 1 |19 |2 
8840.67 42593.8
5 18 13 20 15 |17 4 3 16 7 9 ||6 |12 |14 |11 |1 |8 |10 |2 |19 
9425.46 42539

Time:0
Last Iter:10
Last Update:10
Tabu:0
Last Time0
4
17 16 4 3 7 9 |5 18 13 20 15 ||14 12 |11 6 |8 |10 1 |2 |19 
8256.44 44242.9
5 18 13 20 15 |17 3 4 16 7 9 ||12 |6 |11 |1 |8 14 |10 |2 |19 
8674.88 43184.8
5 18 13 20 15 |17 4 3 16 7 9 ||12 |14 |11 |6 |8 |10 1 |19 |2 
8840.67 42593.8
5 18 13 20 15 |17 4 3 16 7 9 ||6 |12 |14 |11 |1 |8 |10 |2 |19 
9425.46 42539

Time:0
Last Iter:10
Last Update:10
Tabu:0
Last Time0
4
17 16 4 3 7 9 |5 18 13 20 15 ||14 12 |11 6 |8 |10 1 |2 |19 
8256.44 44242.9
5 18 13 20 15 |17 3 4 16 7 9 ||12 |6 |11 |1 |8 14 |10 |2 |19 
8674.88 43184.8
5 18 13 20 15 |17 4 3 16 7 9 ||12 |14 |11 |6 |8 |10 1 |19 |2 
8840.67 42593.8
5 18 13 20 15 |17 4 3 16 7 9 ||6 |12 |14 |11 |1 |8 |10 |2 |19 
9425.46 42539

Time:0
Last Iter:10
Last Update:10
Tabu:0
Last Time0
4
17 16 4 3 7 9 |5 18 13 20 15 ||14 12 |11 6 |8 |10 1 |2 |19 
8256.44 44242.9
5 18 13 20 15 |17 3 4 16 7 9 ||12 |6 |11 |1 |8 14 |10 |2 |19 
8674.88 43184.8
5 18 13 20 15 |17 4 3 16 7 9 ||12 |14 |11 |6 |8 |10 1 |19 |2 
8840.67 42593.8
5 18 13 20 15 |17 4 3 16 7 9 ||6 |12 |14 |11 |1 |8 |10 |2 |19 
9425.46 42539

Time:1
Last Iter:10
Last Update:10
Tabu:0
Last Time1
4
17 16 4 3 7 9 |5 18 13 20 15 ||14 12 |11 6 |8 |10 1 |2 |19 
8256.44 44242.9
5 18 13 20 15 |17 3 4 16 7 9 ||12 |6 |11 |1 |8 14 |10 |2 |19 
8674.88 43184.8
5 18 13 20 15 |17 4 3 16 7 9 ||12 |14 |11 |6 |8 |10 1 |19 |2 
8840.67 42593.8
5 18 13 20 15 |17 4 3 16 7 9 ||6 |12 |14 |11 |1 |8 |10 |2 |19 
9425.46 42539

Time:0
Last Iter:10
Last Update:10
Tabu:0
Last Time0
4
17 16 4 3 7 9 |5 18 13 20 15 ||14 |12 |8 |1 10 |6 |19 |11 |2 
8256.44 44722.5
17 3 4 16 7 9 |5 18 13 20 15 ||1 |8 14 |12 |11 |2 |6 |19 |10 
8674.88 43184.8
17 4 3 16 7 9 |5 18 13 20 15 ||2 |11 |12 |14 |10 1 |6 |8 |19 
8840.67 42593.8
17 4 3 16 7 9 |5 18 13 20 15 ||10 |14 |12 |11 |6 |1 |8 |19 |2 
9376.88 42539

Time:0
Last Iter:10
Last Update:10
Tabu:0
Last Time0
4
17 16 4 3 7 9 |5 18 13 20 15 ||14 |12 |8 |1 10 |6 |19 |11 |2 
8256.44 44722.5
17 3 4 16 7 9 |5 18 13 20 15 ||1 |8 14 |12 |11 |2 |6 |19 |10 
8674.88 43184.8
17 4 3 16 7 9 |5 18 13 20 15 ||2 |11 |12 |14 |10 1 |6 |8 |19 
8840.67 42593.8
17 4 3 16 7 9 |5 18 13 20 15 ||10 |14 |12 |11 |6 |1 |8 |19 |2 
9376.88 42539

Time:0
Last Iter:10
Last Update:10
Tabu:0
Last Time0
4
17 16 4 3 7 9 |5 18 13 20 15 ||14 |12 |8 |1 10 |6 |19 |11 |2 
8256.44 44722.5
17 3 4 16 7 9 |5 18 13 20 15 ||1 |8 14 |12 |11 |2 |6 |19 |10 
8674.88 43184.8
17 4 3 16 7 9 |5 18 13 20 15 ||2 |11 |12 |14 |10 1 |6 |8 |19 
8840.67 42593.8
17 4 3 16 7 9 |5 18 13 20 15 ||10 |14 |12 |11 |6 |1 |8 |19 |2 
9376.88 42539

