Time:0
Last Iter:10
Last Update:10
Tabu:0
Last Time0
5
17 2 14 |12 19 15 8 4 18 ||16 10 13 |9 6 |3 7 |11 20 ||5 |1 
8150.22 41397.2
15 8 17 4 |19 14 2 12 18 ||9 |1 |11 |5 |16 |3 7 13 |20 ||6 10 |
8170.19 37969.9
17 8 4 18 |15 19 12 2 14 ||16 |11 |1 |9 7 13 |5 3 |6 |20 ||10 
8234.73 34706.2
15 19 2 14 12 |17 8 4 18 ||9 13 |11 1 |7 |16 10 |5 |20 ||6 |3 
8603.12 33881.8
17 8 4 18 |15 19 14 2 12 ||9 |1 |13 |11 |7 |16 10 |5 |20 ||6 |3 
8695.57 32805.8

Time:1
Last Iter:10
Last Update:10
Tabu:0
Last Time1
5
17 2 14 |12 19 15 8 4 18 ||16 10 13 |9 6 |3 7 |11 20 ||5 |1 
8150.22 41397.2
15 8 17 4 |19 14 2 12 18 ||9 |1 |11 |5 |16 |3 7 13 |20 ||6 10 |
8170.19 37969.9
17 8 4 18 |15 19 12 2 14 ||16 |11 |1 |9 7 13 |5 3 |6 |20 ||10 
8234.73 34706.2
15 19 2 14 12 |17 8 4 18 ||9 13 |11 1 |7 |16 10 |5 |20 ||6 |3 
8603.12 33881.8
17 8 4 18 |15 19 14 2 12 ||9 |1 |13 |11 |7 |16 10 |5 |20 ||6 |3 
8695.57 32805.8

Time:0
Last Iter:10
Last Update:10
Tabu:0
Last Time0
6
15 19 2 14 |12 17 8 4 18 ||16 |9 7 5 10 |1 11 |13 20 3 |6 |
8101.13 44432.8
17 8 15 |19 2 14 12 4 18 ||6 |9 |5 20 ||7 |13 10 1 |3 |11 |16 
8101.61 42428.6
17 8 4 18 |15 19 12 2 14 ||13 |1 |20 ||5 |7 9 |6 3 10 |11 |16 
8234.73 34480.6
19 15 8 4 18 |17 14 2 12 ||13 |7 |10 |20 ||1 |5 |3 9 |6 |11 |16 
8278.93 34223.1
15 19 2 14 12 |17 8 4 18 ||13 |7 |10 |20 ||1 |9 |5 |6 3 |11 |16 
8603.12 33332.2
17 8 4 18 |15 19 14 2 12 ||13 |7 |10 |20 ||1 |9 |5 |6 3 |16 |11 
8695.57 32796.3

Time:0
Last Iter:10
Last Update:10
Tabu:0
Last Time0
6
15 19 2 14 |12 17 8 4 18 ||16 |9 7 5 10 |1 11 |13 20 3 |6 |
8101.13 44432.8
17 8 15 |19 2 14 12 4 18 ||6 |9 |5 20 ||7 |13 10 1 |3 |11 |16 
8101.61 42428.6
17 8 4 18 |15 19 12 2 14 ||13 |1 |20 ||5 |7 9 |6 3 10 |11 |16 
8234.73 34480.6
19 15 8 4 18 |17 14 2 12 ||13 |7 |10 |20 ||1 |5 |3 9 |6 |11 |16 
8278.93 34223.1
15 19 2 14 12 |17 8 4 18 ||13 |7 |10 |20 ||1 |9 |5 |6 3 |11 |16 
8603.12 33332.2
17 8 4 18 |15 19 14 2 12 ||13 |7 |10 |20 ||1 |9 |5 |6 3 |16 |11 
8695.57 32796.3

Time:0
Last Iter:10
Last Update:10
Tabu:0
Last Time0
6
15 19 2 14 |12 17 8 4 18 ||16 |9 7 5 10 |1 11 |13 20 3 |6 |
8101.13 44432.8
17 8 15 |19 2 14 12 4 18 ||6 |9 |5 20 ||7 |13 10 1 |3 |11 |16 
8101.61 42428.6
17 8 4 18 |15 19 12 2 14 ||13 |1 |20 ||5 |7 9 |6 3 10 |11 |16 
8234.73 34480.6
19 15 8 4 18 |17 14 2 12 ||13 |7 |10 |20 ||1 |5 |3 9 |6 |11 |16 
8278.93 34223.1
15 19 2 14 12 |17 8 4 18 ||13 |7 |10 |20 ||1 |9 |5 |6 3 |11 |16 
8603.12 33332.2
17 8 4 18 |15 19 14 2 12 ||13 |7 |10 |20 ||1 |9 |5 |6 3 |16 |11 
8695.57 32796.3

Time:0
Last Iter:10
Last Update:10
Tabu:0
Last Time0
6
15 19 2 14 |12 17 8 4 18 ||16 |9 7 5 10 |1 11 |13 20 3 |6 |
8101.13 44432.8
17 8 15 |19 2 14 12 4 18 ||6 |9 |5 20 ||7 |13 10 1 |3 |11 |16 
8101.61 42428.6
17 8 4 18 |15 19 12 2 14 ||13 |1 |20 ||5 |7 9 |6 3 10 |11 |16 
8234.73 34480.6
19 15 8 4 18 |17 14 2 12 ||13 |7 |10 |20 ||1 |5 |3 9 |6 |11 |16 
8278.93 34223.1
15 19 2 14 12 |17 8 4 18 ||13 |7 |10 |20 ||1 |9 |5 |6 3 |11 |16 
8603.12 33332.2
17 8 4 18 |15 19 14 2 12 ||13 |7 |10 |20 ||1 |9 |5 |6 3 |16 |11 
8695.57 32796.3

Time:0
Last Iter:10
Last Update:10
Tabu:0
Last Time0
6
15 19 2 14 |12 17 8 4 18 ||16 |9 7 5 10 |1 11 |13 20 3 |6 |
8101.13 44432.8
17 8 15 |19 2 14 12 4 18 ||6 |9 |5 20 ||7 |13 10 1 |3 |11 |16 
8101.61 42428.6
17 8 4 18 |15 19 12 2 14 ||13 |1 |20 ||5 |7 9 |6 3 10 |11 |16 
8234.73 34480.6
19 15 8 4 18 |17 14 2 12 ||13 |7 |10 |20 ||1 |5 |3 9 |6 |11 |16 
8278.93 34223.1
15 19 2 14 12 |17 8 4 18 ||13 |7 |10 |20 ||1 |9 |5 |6 3 |11 |16 
8603.12 33332.2
17 8 4 18 |15 19 14 2 12 ||13 |7 |10 |20 ||1 |9 |5 |6 3 |16 |11 
8695.57 32796.3

Time:1
Last Iter:10
Last Update:10
Tabu:0
Last Time1
6
15 19 2 14 |12 17 8 4 18 ||16 |9 7 5 10 |1 11 |13 20 3 |6 |
8101.13 44432.8
17 8 15 |19 2 14 12 4 18 ||6 |9 |5 20 ||7 |13 10 1 |3 |11 |16 
8101.61 42428.6
17 8 4 18 |15 19 12 2 14 ||13 |1 |20 ||5 |7 9 |6 3 10 |11 |16 
8234.73 34480.6
19 15 8 4 18 |17 14 2 12 ||13 |7 |10 |20 ||1 |5 |3 9 |6 |11 |16 
8278.93 34223.1
15 19 2 14 12 |17 8 4 18 ||13 |7 |10 |20 ||1 |9 |5 |6 3 |11 |16 
8603.12 33332.2
17 8 4 18 |15 19 14 2 12 ||13 |7 |10 |20 ||1 |9 |5 |6 3 |16 |11 
8695.57 32796.3

Time:0
Last Iter:10
Last Update:10
Tabu:0
Last Time0
5
2 14 17 4 18 |8 15 19 12 10 ||3 16 |7 6 9 13 |11 20 ||5 |1 
8169.78 43467.8
19 15 8 4 18 |17 14 2 12 ||10 |5 |6 7 13 |3 9 |11 1 |20 ||16 
8278.93 35240.5
17 14 2 12 |19 15 8 4 18 ||7 9 |20 13 |11 |6 10 |16 |1 |5 |3 
8371.41 34652
15 19 2 14 12 |17 8 4 18 ||3 |7 |9 |6 13 |20 ||11 |10 |1 |5 |16 
8603.12 33382.5
17 8 4 18 |15 19 14 2 12 ||10 |7 |3 9 |6 |20 ||11 |13 |1 |5 |16 
8695.57 32777.2

Time:0
Last Iter:10
Last Update:10
Tabu:0
Last Time0
5
2 14 17 4 18 |8 15 19 12 10 ||3 16 |7 6 9 13 |11 20 ||5 |1 
8169.78 43467.8
19 15 8 4 18 |17 14 2 12 ||10 |5 |6 7 13 |3 9 |11 1 |20 ||16 
8278.93 35240.5
17 14 2 12 |19 15 8 4 18 ||7 9 |20 13 |11 |6 10 |16 |1 |5 |3 
8371.41 34652
15 19 2 14 12 |17 8 4 18 ||3 |7 |9 |6 13 |20 ||11 |10 |1 |5 |16 
8603.12 33382.5
17 8 4 18 |15 19 14 2 12 ||10 |7 |3 9 |6 |20 ||11 |13 |1 |5 |16 
8695.57 32777.2

Time:0
Last Iter:10
Last Update:10
Tabu:0
Last Time0
5
2 14 17 4 18 |8 15 19 12 10 ||3 16 |7 6 9 13 |11 20 ||5 |1 
8169.78 43467.8
19 15 8 4 18 |17 14 2 12 ||10 |5 |6 7 13 |3 9 |11 1 |20 ||16 
8278.93 35240.5
17 14 2 12 |19 15 8 4 18 ||7 9 |20 13 |11 |6 10 |16 |1 |5 |3 
8371.41 34652
15 19 2 14 12 |17 8 4 18 ||3 |7 |9 |6 13 |20 ||11 |10 |1 |5 |16 
8603.12 33382.5
17 8 4 18 |15 19 14 2 12 ||10 |7 |3 9 |6 |20 ||11 |13 |1 |5 |16 
8695.57 32777.2

