Time:0
Last Iter:10
Last Update:10
Tabu:0
Last Time0
6
9 14 6 |5 4 17 7 16 ||2 8 13 20 12 |11 18 |1 10 3 19 15 |
1719.07 15915.5
9 5 7 |14 6 17 4 ||2 8 13 20 ||18 12 11 |1 10 15 16 |3 19 
1772.75 12869.4
6 14 9 |17 4 5 7 ||8 13 20 ||12 18 11 |19 16 |3 2 |1 10 15 |
1922.36 12617.7
9 5 7 |14 6 17 4 ||2 8 13 20 ||12 |11 18 |1 10 |15 16 |3 19 
1976.72 12355.1
9 5 7 |14 6 17 4 ||8 13 20 ||12 18 11 |19 16 |1 10 |3 2 |15 
2009.1 12329.1
6 14 9 |17 4 5 7 ||2 |8 13 20 ||12 |18 11 |1 10 |15 16 |3 19 
2228.86 12257.6

Time:0
Last Iter:10
Last Update:10
Tabu:0
Last Time0
6
9 14 6 |5 4 17 7 16 ||2 8 13 20 12 |11 18 |1 10 3 19 15 |
1719.07 15915.5
9 5 7 |14 6 17 4 ||2 8 13 20 ||18 12 11 |1 10 15 16 |3 19 
1772.75 12869.4
6 14 9 |17 4 5 7 ||8 13 20 ||12 18 11 |19 16 |3 2 |1 10 15 |
1922.36 12617.7
9 5 7 |14 6 17 4 ||2 8 13 20 ||12 |11 18 |1 10 |15 16 |3 19 
1976.72 12355.1
9 5 7 |14 6 17 4 ||8 13 20 ||12 18 11 |19 16 |1 10 |3 2 |15 
2009.1 12329.1
6 14 9 |17 4 5 7 ||2 |8 13 20 ||12 |18 11 |1 10 |15 16 |3 19 
2228.86 12257.6

Time:0
Last Iter:10
Last Update:10
Tabu:0
Last Time0
6
9 14 6 |5 4 17 7 16 ||2 8 13 20 12 |11 18 |1 10 3 19 15 |
1719.07 15915.5
9 5 7 |14 6 17 4 ||2 8 13 20 ||18 12 11 |1 10 15 16 |3 19 
1772.75 12869.4
6 14 9 |17 4 5 7 ||8 13 20 ||12 18 11 |19 16 |3 2 |1 10 15 |
1922.36 12617.7
9 5 7 |14 6 17 4 ||2 8 13 20 ||12 |11 18 |1 10 |15 16 |3 19 
1976.72 12355.1
9 5 7 |14 6 17 4 ||8 13 20 ||12 18 11 |19 16 |1 10 |3 2 |15 
2009.1 12329.1
6 14 9 |17 4 5 7 ||2 |8 13 20 ||12 |18 11 |1 10 |15 16 |3 19 
2228.86 12257.6

Time:0
Last Iter:10
Last Update:10
Tabu:0
Last Time0
6
9 14 6 |5 4 17 7 16 ||2 8 13 20 12 |11 18 |1 10 3 19 15 |
1719.07 15915.5
9 5 7 |14 6 17 4 ||2 8 13 20 ||18 12 11 |1 10 15 16 |3 19 
1772.75 12869.4
6 14 9 |17 4 5 7 ||8 13 20 ||12 18 11 |19 16 |3 2 |1 10 15 |
1922.36 12617.7
9 5 7 |14 6 17 4 ||2 8 13 20 ||12 |11 18 |1 10 |15 16 |3 19 
1976.72 12355.1
9 5 7 |14 6 17 4 ||8 13 20 ||12 18 11 |19 16 |1 10 |3 2 |15 
2009.1 12329.1
6 14 9 |17 4 5 7 ||2 |8 13 20 ||12 |18 11 |1 10 |15 16 |3 19 
2228.86 12257.6

Time:0
Last Iter:10
Last Update:10
Tabu:0
Last Time0
6
9 14 6 |5 4 17 7 16 ||2 8 13 20 12 |11 18 |1 10 3 19 15 |
1719.07 15915.5
9 5 7 |14 6 17 4 ||2 8 13 20 ||18 12 11 |1 10 15 16 |3 19 
1772.75 12869.4
6 14 9 |17 4 5 7 ||8 13 20 ||12 18 11 |19 16 |3 2 |1 10 15 |
1922.36 12617.7
9 5 7 |14 6 17 4 ||2 8 13 20 ||12 |11 18 |1 10 |15 16 |3 19 
1976.72 12355.1
9 5 7 |14 6 17 4 ||8 13 20 ||12 18 11 |19 16 |1 10 |3 2 |15 
2009.1 12329.1
6 14 9 |17 4 5 7 ||2 |8 13 20 ||12 |18 11 |1 10 |15 16 |3 19 
2228.86 12257.6

Time:0
Last Iter:10
Last Update:10
Tabu:0
Last Time0
6
9 14 6 |5 4 17 7 16 ||2 8 13 20 12 |11 18 |1 10 3 19 15 |
1719.07 15915.5
9 5 7 |14 6 17 4 ||2 8 13 20 ||18 12 11 |1 10 15 16 |3 19 
1772.75 12869.4
6 14 9 |17 4 5 7 ||8 13 20 ||12 18 11 |19 16 |3 2 |1 10 15 |
1922.36 12617.7
9 5 7 |14 6 17 4 ||2 8 13 20 ||12 |11 18 |1 10 |15 16 |3 19 
1976.72 12355.1
9 5 7 |14 6 17 4 ||8 13 20 ||12 18 11 |19 16 |1 10 |3 2 |15 
2009.1 12329.1
6 14 9 |17 4 5 7 ||2 |8 13 20 ||12 |18 11 |1 10 |15 16 |3 19 
2228.86 12257.6

Time:0
Last Iter:10
Last Update:10
Tabu:0
Last Time0
6
9 14 6 |5 4 17 7 16 ||2 8 13 20 12 |11 18 |1 10 3 19 15 |
1719.07 15915.5
9 5 7 |14 6 17 4 ||2 8 13 20 ||18 12 11 |1 10 15 16 |3 19 
1772.75 12869.4
6 14 9 |17 4 5 7 ||8 13 20 ||12 18 11 |19 16 |3 2 |1 10 15 |
1922.36 12617.7
9 5 7 |14 6 17 4 ||2 8 13 20 ||12 |11 18 |1 10 |15 16 |3 19 
1976.72 12355.1
9 5 7 |14 6 17 4 ||8 13 20 ||12 18 11 |19 16 |1 10 |3 2 |15 
2009.1 12329.1
6 14 9 |17 4 5 7 ||2 |8 13 20 ||12 |18 11 |1 10 |15 16 |3 19 
2228.86 12257.6

Time:1
Last Iter:10
Last Update:10
Tabu:0
Last Time1
6
9 14 6 |5 4 17 7 16 ||2 8 13 20 12 |11 18 |1 10 3 19 15 |
1719.07 15915.5
9 5 7 |14 6 17 4 ||2 8 13 20 ||18 12 11 |1 10 15 16 |3 19 
1772.75 12869.4
6 14 9 |17 4 5 7 ||8 13 20 ||12 18 11 |19 16 |3 2 |1 10 15 |
1922.36 12617.7
9 5 7 |14 6 17 4 ||2 8 13 20 ||12 |11 18 |1 10 |15 16 |3 19 
1976.72 12355.1
9 5 7 |14 6 17 4 ||8 13 20 ||12 18 11 |19 16 |1 10 |3 2 |15 
2009.1 12329.1
6 14 9 |17 4 5 7 ||2 |8 13 20 ||12 |18 11 |1 10 |15 16 |3 19 
2228.86 12257.6

Time:0
Last Iter:10
Last Update:10
Tabu:0
Last Time0
9
3 5 7 4 6 |9 14 8 17 ||20 13 10 18 15 16 19 |12 11 1 2 |
1784.38 18718.6
2 8 14 9 |6 17 4 5 7 ||13 20 ||19 16 11 12 10 |3 |15 18 1 
1804.44 15165.8
18 9 1 |14 6 17 4 5 7 ||13 20 ||19 16 11 10 12 |15 |3 |8 2 |
1885.43 14206.5
9 14 6 |3 5 7 4 17 ||2 20 ||19 16 |8 |11 18 10 12 |13 |15 1 
2044.59 13791.6
5 6 17 4 7 |14 9 ||8 13 |20 1 10 12 |18 |3 2 |15 11 |19 16 
2098.25 13203.4
6 17 4 5 7 |14 9 ||20 13 |8 1 10 12 |18 |3 2 |15 11 |19 16 
2099.87 13028
4 5 7 |9 14 6 17 ||20 13 |19 16 |11 10 12 |15 |3 |8 2 |18 1 
2172.81 12573.9
14 6 17 4 |9 5 7 ||20 13 |19 16 |10 11 12 |15 |3 |8 2 |1 18 
2222.46 12555.8
14 6 17 4 |9 5 7 ||8 20 13 |19 16 |11 10 12 |15 |3 |1 18 |2 
2310.99 12533.8

Time:0
Last Iter:10
Last Update:10
Tabu:0
Last Time0
9
3 5 7 4 6 |9 14 8 17 ||20 13 10 18 15 16 19 |12 11 1 2 |
1784.38 18718.6
2 8 14 9 |6 17 4 5 7 ||13 20 ||19 16 11 12 10 |3 |15 18 1 
1804.44 15165.8
18 9 1 |14 6 17 4 5 7 ||13 20 ||19 16 11 10 12 |15 |3 |8 2 |
1885.43 14206.5
9 14 6 |3 5 7 4 17 ||2 20 ||19 16 |8 |11 18 10 12 |13 |15 1 
2044.59 13791.6
5 6 17 4 7 |14 9 ||8 13 |20 1 10 12 |18 |3 2 |15 11 |19 16 
2098.25 13203.4
6 17 4 5 7 |14 9 ||20 13 |8 1 10 12 |18 |3 2 |15 11 |19 16 
2099.87 13028
4 5 7 |9 14 6 17 ||20 13 |19 16 |11 10 12 |15 |3 |8 2 |18 1 
2172.81 12573.9
14 6 17 4 |9 5 7 ||20 13 |19 16 |10 11 12 |15 |3 |8 2 |1 18 
2222.46 12555.8
14 6 17 4 |9 5 7 ||8 20 13 |19 16 |11 10 12 |15 |3 |1 18 |2 
2310.99 12533.8

Execution time: 0.323 seconds
