Time:0
Last Iter:10
Last Update:9
Tabu:0
Last Time0
5
6 17 20 11 |9 7 12 16 5 ||13 8 1 2 15 18 |10 19 14 3 4 |
1697.05 19542.5
11 10 18 16 12 |6 20 5 19 ||17 4 1 2 8 |7 13 9 15 3 14 |
1712.37 16816.6
15 13 7 16 12 |20 11 5 ||10 19 |14 18 3 |2 6 17 4 |9 8 1 
1745.71 12629
10 15 16 12 |20 11 5 ||19 |7 1 |14 18 3 |2 6 17 4 |9 8 13 
1782.57 11836
20 11 5 |15 16 12 ||10 19 |7 1 |14 18 3 |2 |6 17 4 |9 8 13 
2065.28 11313.7

Time:0
Last Iter:10
Last Update:9
Tabu:0
Last Time0
5
6 17 20 11 |9 7 12 16 5 ||13 8 1 2 15 18 |10 19 14 3 4 |
1697.05 19542.5
11 10 18 16 12 |6 20 5 19 ||17 4 1 2 8 |7 13 9 15 3 14 |
1712.37 16816.6
15 13 7 16 12 |20 11 5 ||10 19 |14 18 3 |2 6 17 4 |9 8 1 
1745.71 12629
10 15 16 12 |20 11 5 ||19 |7 1 |14 18 3 |2 6 17 4 |9 8 13 
1782.57 11836
20 11 5 |15 16 12 ||10 19 |7 1 |14 18 3 |2 |6 17 4 |9 8 13 
2065.28 11313.7

Time:0
Last Iter:10
Last Update:9
Tabu:0
Last Time0
5
6 17 20 11 |9 7 12 16 5 ||13 8 1 2 15 18 |10 19 14 3 4 |
1697.05 19542.5
11 10 18 16 12 |6 20 5 19 ||17 4 1 2 8 |7 13 9 15 3 14 |
1712.37 16816.6
15 13 7 16 12 |20 11 5 ||10 19 |14 18 3 |2 6 17 4 |9 8 1 
1745.71 12629
10 15 16 12 |20 11 5 ||19 |7 1 |14 18 3 |2 6 17 4 |9 8 13 
1782.57 11836
20 11 5 |15 16 12 ||10 19 |7 1 |14 18 3 |2 |6 17 4 |9 8 13 
2065.28 11313.7

Time:0
Last Iter:10
Last Update:9
Tabu:0
Last Time0
5
6 17 20 11 |9 7 12 16 5 ||13 8 1 2 15 18 |10 19 14 3 4 |
1697.05 19542.5
11 10 18 16 12 |6 20 5 19 ||17 4 1 2 8 |7 13 9 15 3 14 |
1712.37 16816.6
15 13 7 16 12 |20 11 5 ||10 19 |14 18 3 |2 6 17 4 |9 8 1 
1745.71 12629
10 15 16 12 |20 11 5 ||19 |7 1 |14 18 3 |2 6 17 4 |9 8 13 
1782.57 11836
20 11 5 |15 16 12 ||10 19 |7 1 |14 18 3 |2 |6 17 4 |9 8 13 
2065.28 11313.7

Time:0
Last Iter:10
Last Update:9
Tabu:0
Last Time0
5
6 17 20 11 |9 7 12 16 5 ||13 8 1 2 15 18 |10 19 14 3 4 |
1697.05 19542.5
11 10 18 16 12 |6 20 5 19 ||17 4 1 2 8 |7 13 9 15 3 14 |
1712.37 16816.6
15 13 7 16 12 |20 11 5 ||10 19 |14 18 3 |2 6 17 4 |9 8 1 
1745.71 12629
10 15 16 12 |20 11 5 ||19 |7 1 |14 18 3 |2 6 17 4 |9 8 13 
1782.57 11836
20 11 5 |15 16 12 ||10 19 |7 1 |14 18 3 |2 |6 17 4 |9 8 13 
2065.28 11313.7

Time:0
Last Iter:10
Last Update:9
Tabu:0
Last Time0
5
6 17 20 11 |9 7 12 16 5 ||13 8 1 2 15 18 |10 19 14 3 4 |
1697.05 19542.5
11 10 18 16 12 |6 20 5 19 ||17 4 1 2 8 |7 13 9 15 3 14 |
1712.37 16816.6
15 13 7 16 12 |20 11 5 ||10 19 |14 18 3 |2 6 17 4 |9 8 1 
1745.71 12629
10 15 16 12 |20 11 5 ||19 |7 1 |14 18 3 |2 6 17 4 |9 8 13 
1782.57 11836
20 11 5 |15 16 12 ||10 19 |7 1 |14 18 3 |2 |6 17 4 |9 8 13 
2065.28 11313.7

Time:0
Last Iter:10
Last Update:9
Tabu:0
Last Time0
5
6 17 20 11 |9 7 12 16 5 ||13 8 1 2 15 18 |10 19 14 3 4 |
1697.05 19542.5
11 10 18 16 12 |6 20 5 19 ||17 4 1 2 8 |7 13 9 15 3 14 |
1712.37 16816.6
15 13 7 16 12 |20 11 5 ||10 19 |14 18 3 |2 6 17 4 |9 8 1 
1745.71 12629
10 15 16 12 |20 11 5 ||19 |7 1 |14 18 3 |2 6 17 4 |9 8 13 
1782.57 11836
20 11 5 |15 16 12 ||10 19 |7 1 |14 18 3 |2 |6 17 4 |9 8 13 
2065.28 11313.7

Time:0
Last Iter:10
Last Update:9
Tabu:0
Last Time0
5
6 17 20 11 |9 7 12 16 5 ||13 8 1 2 15 18 |10 19 14 3 4 |
1697.05 19542.5
11 10 18 16 12 |6 20 5 19 ||17 4 1 2 8 |7 13 9 15 3 14 |
1712.37 16816.6
15 13 7 16 12 |20 11 5 ||10 19 |14 18 3 |2 6 17 4 |9 8 1 
1745.71 12629
10 15 16 12 |20 11 5 ||19 |7 1 |14 18 3 |2 6 17 4 |9 8 13 
1782.57 11836
20 11 5 |15 16 12 ||10 19 |7 1 |14 18 3 |2 |6 17 4 |9 8 13 
2065.28 11313.7

Time:0
Last Iter:10
Last Update:9
Tabu:0
Last Time0
5
6 17 20 11 |9 7 12 16 5 ||13 8 1 2 15 18 |10 19 14 3 4 |
1697.05 19542.5
11 10 18 16 12 |6 20 5 19 ||17 4 1 2 8 |7 13 9 15 3 14 |
1712.37 16816.6
15 13 7 16 12 |20 11 5 ||10 19 |14 18 3 |2 6 17 4 |9 8 1 
1745.71 12629
10 15 16 12 |20 11 5 ||19 |7 1 |14 18 3 |2 6 17 4 |9 8 13 
1782.57 11836
20 11 5 |15 16 12 ||10 19 |7 1 |14 18 3 |2 |6 17 4 |9 8 13 
2065.28 11313.7

Time:0
Last Iter:10
Last Update:9
Tabu:0
Last Time0
5
6 17 20 11 |9 7 12 16 5 ||13 8 1 2 15 18 |10 19 14 3 4 |
1697.05 19542.5
11 10 18 16 12 |6 20 5 19 ||17 4 1 2 8 |7 13 9 15 3 14 |
1712.37 16816.6
15 13 7 16 12 |20 11 5 ||10 19 |14 18 3 |2 6 17 4 |9 8 1 
1745.71 12629
10 15 16 12 |20 11 5 ||19 |7 1 |14 18 3 |2 6 17 4 |9 8 13 
1782.57 11836
20 11 5 |15 16 12 ||10 19 |7 1 |14 18 3 |2 |6 17 4 |9 8 13 
2065.28 11313.7

Execution time: 0.3 seconds
