Time:0
Last Iter:10
Last Update:6
Tabu:0
Last Time0
2
5 1 18 3 10 17 8 |16 11 19 9 4 14 15 ||6 |13 12 |20 ||2 7 
1602.21 12608.8
3 5 1 18 10 17 8 |16 11 19 9 4 14 15 ||6 |12 |13 20 ||7 2 
1803.34 12510.3

Time:0
Last Iter:10
Last Update:6
Tabu:0
Last Time0
2
5 1 18 3 10 17 8 |16 11 19 9 4 14 15 ||6 |13 12 |20 ||2 7 
1602.21 12608.8
3 5 1 18 10 17 8 |16 11 19 9 4 14 15 ||6 |12 |13 20 ||7 2 
1803.34 12510.3

Time:0
Last Iter:10
Last Update:6
Tabu:0
Last Time0
2
5 1 18 3 10 17 8 |16 11 19 9 4 14 15 ||6 |13 12 |20 ||2 7 
1602.21 12608.8
3 5 1 18 10 17 8 |16 11 19 9 4 14 15 ||6 |12 |13 20 ||7 2 
1803.34 12510.3

Time:0
Last Iter:10
Last Update:6
Tabu:0
Last Time0
2
5 1 18 3 10 17 8 |16 11 19 9 4 14 15 ||6 |13 12 |20 ||2 7 
1602.21 12608.8
3 5 1 18 10 17 8 |16 11 19 9 4 14 15 ||6 |12 |13 20 ||7 2 
1803.34 12510.3

Time:0
Last Iter:10
Last Update:6
Tabu:0
Last Time0
2
5 1 18 3 10 17 8 |16 11 19 9 4 14 15 ||6 |13 12 |20 ||2 7 
1602.21 12608.8
3 5 1 18 10 17 8 |16 11 19 9 4 14 15 ||6 |12 |13 20 ||7 2 
1803.34 12510.3

Time:0
Last Iter:10
Last Update:6
Tabu:0
Last Time0
2
5 1 18 3 10 17 8 |16 11 19 9 4 14 15 ||6 |13 12 |20 ||2 7 
1602.21 12608.8
3 5 1 18 10 17 8 |16 11 19 9 4 14 15 ||6 |12 |13 20 ||7 2 
1803.34 12510.3

Time:0
Last Iter:10
Last Update:6
Tabu:0
Last Time0
2
5 1 18 3 10 17 8 |16 11 19 9 4 14 15 ||6 |13 12 |20 ||2 7 
1602.21 12608.8
3 5 1 18 10 17 8 |16 11 19 9 4 14 15 ||6 |12 |13 20 ||7 2 
1803.34 12510.3

Time:0
Last Iter:10
Last Update:6
Tabu:0
Last Time0
2
5 1 18 3 10 17 8 |16 11 19 9 4 14 15 ||6 |13 12 |20 ||2 7 
1602.21 12608.8
3 5 1 18 10 17 8 |16 11 19 9 4 14 15 ||6 |12 |13 20 ||7 2 
1803.34 12510.3

Time:0
Last Iter:10
Last Update:10
Tabu:0
Last Time0
2
16 11 19 9 4 14 15 |5 1 18 3 10 17 8 ||6 |7 2 |12 |13 20 
1602.21 12701
16 11 19 9 4 14 15 |3 5 1 18 10 17 8 ||6 |2 7 |13 12 |20 
1803.34 12418.1

Time:0
Last Iter:10
Last Update:10
Tabu:0
Last Time0
2
16 11 19 9 4 14 15 |5 1 18 3 10 17 8 ||6 |7 2 |12 |13 20 
1602.21 12701
16 11 19 9 4 14 15 |3 5 1 18 10 17 8 ||6 |2 7 |13 12 |20 
1803.34 12418.1

Execution time: 0.384 seconds
