Time:0
Last Iter:10
Last Update:10
Tabu:0
Last Time0
2
8 5 2 19 |14 16 12 4 1 18 ||17 7 |9 3 15 |10 11 6 |13 20 ||
1521.28 11770.2
8 5 2 14 19 |16 12 4 1 18 ||17 7 |9 3 15 |13 10 11 6 |20 ||
1722.33 11687.5

Time:0
Last Iter:10
Last Update:10
Tabu:0
Last Time0
2
8 5 2 19 |14 16 12 4 1 18 ||17 7 |9 3 15 |10 11 6 |13 20 ||
1521.28 11770.2
8 5 2 14 19 |16 12 4 1 18 ||17 7 |9 3 15 |13 10 11 6 |20 ||
1722.33 11687.5

Time:0
Last Iter:10
Last Update:10
Tabu:0
Last Time0
2
8 5 2 19 |14 16 12 4 1 18 ||17 7 |9 3 15 |10 11 6 |13 20 ||
1521.28 11770.2
8 5 2 14 19 |16 12 4 1 18 ||17 7 |9 3 15 |13 10 11 6 |20 ||
1722.33 11687.5

Time:0
Last Iter:10
Last Update:10
Tabu:0
Last Time0
2
8 5 2 19 |14 16 12 4 1 18 ||17 7 |9 3 15 |10 11 6 |13 20 ||
1521.28 11770.2
8 5 2 14 19 |16 12 4 1 18 ||17 7 |9 3 15 |13 10 11 6 |20 ||
1722.33 11687.5

Time:0
Last Iter:10
Last Update:10
Tabu:0
Last Time0
2
8 5 2 19 |14 16 12 4 1 18 ||17 7 |9 3 15 |10 11 6 |13 20 ||
1521.28 11770.2
8 5 2 14 19 |16 12 4 1 18 ||17 7 |9 3 15 |13 10 11 6 |20 ||
1722.33 11687.5

Time:0
Last Iter:10
Last Update:10
Tabu:0
Last Time0
2
8 5 2 19 |14 16 12 4 1 18 ||17 7 |9 3 15 |10 11 6 |13 20 ||
1521.28 11770.2
8 5 2 14 19 |16 12 4 1 18 ||17 7 |9 3 15 |13 10 11 6 |20 ||
1722.33 11687.5

Time:0
Last Iter:10
Last Update:10
Tabu:0
Last Time0
2
8 5 2 19 |14 16 12 4 1 18 ||17 7 |9 3 15 |10 11 6 |13 20 ||
1521.28 11770.2
8 5 2 14 19 |16 12 4 1 18 ||17 7 |9 3 15 |13 10 11 6 |20 ||
1722.33 11687.5

Time:0
Last Iter:10
Last Update:10
Tabu:0
Last Time0
2
8 5 2 19 |14 16 12 4 1 18 ||17 7 |9 3 15 |10 11 6 |13 20 ||
1521.28 11770.2
8 5 2 14 19 |16 12 4 1 18 ||17 7 |9 3 15 |13 10 11 6 |20 ||
1722.33 11687.5

Time:0
Last Iter:10
Last Update:10
Tabu:0
Last Time0
2
8 5 2 19 |14 16 12 4 1 18 ||17 7 |9 3 15 |10 11 6 |13 20 ||
1521.28 11770.2
8 5 2 14 19 |16 12 4 1 18 ||17 7 |9 3 15 |13 10 11 6 |20 ||
1722.33 11687.5

Time:0
Last Iter:10
Last Update:10
Tabu:0
Last Time0
2
8 5 2 19 |14 16 12 4 1 18 ||17 7 |9 3 15 |10 11 6 |13 20 ||
1521.28 11770.2
8 5 2 14 19 |16 12 4 1 18 ||17 7 |9 3 15 |13 10 11 6 |20 ||
1722.33 11687.5

Execution time: 0.349 seconds
