Time:65
Last Iter:10
Last Update:8
Tabu:0
Last Time52
5
17 134 13 140 110 192 119 193 138 34 184 196 127 8 135 |116 97 49 103 40 74 183 33 22 32 7 171 104 132 75 |27 200 99 198 111 131 199 170 174 16 190 20 59 180 24 161 |108 172 36 136 95 179 29 118 45 106 25 10 93 70 88 128 |100 139 84 39 186 81 162 82 92 101 165 181 73 60 168 160 122 94 50 53 |146 58 5 76 98 133 185 65 195 178 109 21 166 37 61 56 1 188 142 23 |72 15 69 96 141 38 147 30 121 68 90 167 31 |102 129 78 112 117 55 85 163 157 89 124 173 48 137 26 125 87 80 3 |4 79 155 107 77 54 12 9 115 187 182 154 123 156 47 145 35 164 67 151 83 |126 143 41 51 169 91 6 197 177 14 114 43 42 158 18 191 149 ||194 |176 144 |153 |11 28 |105 |86 175 189 |152 |52 |113 44 |62 |71 63 |64 |46 |19 |159 150 |57 |120 |148 |130 |2 |66 
20727.4 876036
129 54 145 78 17 139 81 186 39 84 72 27 35 164 67 191 149 152 |33 200 99 92 181 73 60 168 134 111 199 131 170 174 122 148 190 20 59 180 |48 22 108 14 177 197 51 6 91 169 7 32 10 25 106 45 142 93 70 88 23 128 |13 97 85 140 165 101 119 192 110 193 138 137 34 184 196 26 127 8 87 80 3 |117 114 47 112 157 163 173 124 4 89 82 126 125 153 162 135 |183 160 71 30 58 147 68 90 121 65 195 178 185 46 75 |146 38 36 95 172 5 76 109 21 166 2 133 167 31 |55 107 79 102 12 43 9 115 42 158 182 187 156 154 123 18 151 83 |136 77 155 143 74 41 40 103 118 29 179 49 98 37 61 56 188 104 |15 141 100 69 116 96 16 130 198 94 50 24 ||1 |63 132 |113 44 |62 |19 194 |53 120 52 |189 86 |150 159 |64 |171 57 |11 |105 |28 |176 144 |66 161 |175 
20854.1 836865
136 41 108 12 102 79 187 182 158 115 177 14 114 43 42 11 97 149 28 |15 172 40 179 49 98 118 103 45 106 25 93 142 188 104 |199 95 5 30 147 38 141 68 90 176 198 31 |107 191 9 32 22 33 183 74 143 155 51 197 91 6 169 7 10 70 88 23 128 |54 55 157 89 112 78 139 17 81 186 39 84 72 27 35 47 156 123 154 18 67 164 151 83 |77 129 162 82 196 184 193 138 34 137 26 126 125 87 |146 100 73 181 165 140 8 135 80 3 |29 117 124 163 4 85 173 48 13 110 192 119 101 92 50 24 |145 200 116 96 170 131 134 99 60 168 160 122 111 174 16 94 20 59 180 |36 69 58 121 167 133 185 65 195 178 76 109 21 166 2 37 61 56 75 ||53 63 |64 |171 86 |189 |1 |46 |159 |127 161 |150 |105 |66 113 |194 |62 |153 |190 |144 44 71 |19 |132 152 |175 |52 |130 |57 |120 148 
20863.1 821410
129 118 174 170 96 141 147 58 30 121 68 90 194 31 |40 116 73 15 200 100 131 199 111 134 99 60 168 160 122 148 94 59 20 198 180 |16 103 36 172 5 133 167 185 65 195 178 76 109 21 166 2 37 98 61 56 188 104 75 |38 162 135 181 192 119 101 140 165 92 50 53 24 |136 34 146 108 12 115 9 14 177 197 74 183 33 22 32 106 25 142 66 |69 29 137 8 13 110 193 138 184 196 26 82 126 125 64 87 80 3 |55 49 77 107 54 155 143 51 91 6 169 7 10 93 70 88 23 128 |179 117 78 124 48 173 85 157 163 4 89 81 139 186 39 84 72 18 191 |95 112 79 123 156 154 158 42 43 114 97 149 |41 17 102 182 187 47 145 27 35 164 67 151 83 ||153 |11 |120 144 |190 |62 |52 |1 46 |127 |132 113 28 |63 |159 |71 19 |161 86 152 |176 |150 |175 |44 171 |57 |45 |130 |105 |189 |
22907 816008
95 116 99 168 73 181 119 101 165 140 8 87 80 3 |55 79 85 81 186 39 84 72 27 35 145 47 156 154 42 43 114 97 149 128 |112 60 13 193 137 34 138 184 196 92 20 198 59 180 24 |17 36 118 98 172 5 109 178 195 65 121 58 30 68 90 63 |29 139 77 102 146 12 115 187 182 158 18 123 164 67 191 152 |129 100 134 69 96 170 174 131 199 111 160 122 16 148 94 50 |107 15 141 38 147 185 76 21 166 37 56 61 133 167 31 |78 136 179 40 155 143 74 183 33 22 32 25 106 103 45 142 188 104 75 |192 49 41 54 108 9 14 177 197 51 91 6 169 7 10 93 70 88 23 |200 117 110 89 157 163 4 48 173 124 82 26 126 125 162 135 151 83 ||11 |1 |176 |190 |159 |189 |194 |86 28 |52 144 |66 |71 |130 44 |132 113 171 |105 |120 53 |19 |127 175 |64 |161 57 |46 |153 |150 |2 |62 |
24793.5 813987

Time:63
Last Iter:10
Last Update:9
Tabu:0
Last Time57
5
107 26 181 73 168 99 134 170 174 111 160 122 94 52 50 80 3 |200 36 65 121 58 30 147 38 68 90 195 178 185 133 46 167 |190 164 54 77 108 102 79 18 154 123 156 47 145 35 27 17 139 72 84 39 186 81 162 135 |146 78 93 10 32 7 169 91 6 197 177 14 43 9 12 115 187 182 158 42 11 88 23 128 |141 41 179 172 5 76 109 21 166 2 142 188 104 |95 15 60 199 131 100 69 116 96 16 198 20 59 180 31 |155 117 163 137 196 184 34 138 13 110 193 192 119 101 165 92 24 |51 140 129 55 48 173 85 4 157 112 89 124 82 126 125 8 87 151 83 |114 67 161 175 86 191 97 149 |136 70 49 40 143 74 183 33 22 25 106 103 29 118 98 37 61 56 75 ||105 |159 |63 194 |113 |53 144 |57 171 |120 |148 |132 |1 66 |28 |153 |189 |130 |45 |150 44 |152 62 |64 |176 |19 71 |127 
20267.3 865646
15 38 5 49 118 98 37 56 188 104 88 128 |137 147 179 29 41 40 103 106 25 32 22 33 183 7 10 93 70 142 23 |74 90 36 136 95 172 30 121 65 195 178 185 109 21 166 61 133 167 75 |58 125 50 175 26 196 184 34 138 119 165 140 150 8 87 80 3 |76 77 108 54 155 143 169 6 91 51 197 177 14 9 43 114 97 149 28 |100 110 193 126 82 162 105 84 72 158 187 182 154 18 |200 192 92 181 73 111 170 174 16 130 198 31 |13 42 115 12 146 102 79 156 123 47 145 27 35 164 67 191 |101 68 141 116 96 69 131 199 134 99 60 168 160 122 190 94 20 59 180 24 |107 157 129 55 117 48 173 124 85 163 4 89 112 78 17 139 81 186 39 135 151 83 ||11 |161 144 66 |120 189 |1 |71 44 |86 |62 |45 |2 |176 |19 |194 |57 |53 148 |113 |46 |152 171 |52 |127 |132 63 |159 |64 153 
20689.1 844701
102 157 82 126 26 165 101 119 127 8 125 87 80 |77 179 10 115 158 182 187 79 145 27 35 47 156 154 18 123 164 67 149 97 88 23 128 |15 141 100 69 116 16 190 94 20 59 180 24 |5 55 48 173 124 85 4 89 112 78 81 139 17 72 84 39 186 162 135 151 83 |155 117 192 13 110 193 138 137 34 184 196 140 3 |107 136 133 185 30 58 147 38 68 90 198 31 |146 99 200 96 174 170 131 199 134 111 122 160 168 60 73 181 92 50 |108 95 36 172 76 49 98 37 61 56 188 142 93 70 104 |129 54 9 169 7 32 22 33 183 74 143 51 197 91 6 177 14 114 43 42 191 86 152 |163 12 40 41 25 106 103 29 118 166 21 109 178 195 65 121 194 167 75 ||52 |62 |176 |46 |2 |1 |175 53 |19 |44 66 |150 144 |71 |130 |57 |64 153 |45 |148 |105 |161 159 |11 28 |113 |189 120 |63 132 |171 
20769.3 835322
99 140 116 200 100 131 199 134 111 122 160 168 73 181 101 165 92 50 53 144 |179 17 79 182 102 146 12 9 43 42 191 149 57 97 171 |114 119 129 55 117 157 85 4 124 82 139 72 84 186 162 135 83 |15 141 38 96 69 170 174 16 94 120 20 198 59 180 24 |60 163 78 81 39 27 35 145 47 156 123 154 18 67 164 151 |118 158 107 77 54 155 143 51 197 6 91 169 74 183 33 22 10 93 142 128 |108 49 90 68 147 58 30 121 65 195 178 185 133 167 31 |187 36 136 95 172 5 76 109 21 166 98 37 61 56 188 104 75 |14 192 112 173 48 13 110 193 138 34 184 196 137 26 126 125 8 87 80 3 |89 115 177 41 40 29 103 106 25 32 7 70 88 23 ||1 66 |28 |153 |189 |130 |45 |62 |11 |190 |113 46 |194 71 |161 |86 |64 |63 |127 175 |176 |52 |159 |2 |152 44 132 |19 |150 |105 |148 
21565.5 817864
36 69 116 16 198 31 167 37 61 56 188 104 113 |200 179 146 12 77 107 54 51 91 6 197 177 14 114 9 43 42 11 97 149 191 |95 108 145 79 102 115 187 182 158 154 18 123 156 35 27 164 67 151 |47 98 41 40 29 118 103 106 25 7 169 74 183 33 22 32 10 70 93 142 88 23 128 |172 55 117 85 4 89 112 78 81 139 17 72 84 39 186 162 135 83 |143 58 122 160 140 193 13 110 138 137 34 184 196 26 8 80 |49 96 192 119 101 165 92 50 94 20 59 180 24 |5 15 100 170 131 199 111 134 99 60 168 73 181 3 |155 129 157 163 48 173 124 82 126 125 64 87 144 |136 174 141 147 38 68 90 30 121 65 195 185 178 76 109 21 166 46 133 75 ||176 |44 |150 |2 |130 |159 |120 |1 |45 |190 |132 53 175 |153 |105 |28 57 |19 |127 |189 52 |152 86 |66 |194 |148 |171 62 |161 63 71 
22656.1 810339

Time:71
Last Iter:10
Last Update:8
Tabu:0
Last Time56
8
112 179 40 33 183 143 54 77 108 12 102 187 182 158 18 |107 147 38 69 116 96 174 170 131 199 111 122 160 168 60 73 181 119 101 165 92 50 24 |117 155 42 197 51 6 169 7 22 32 10 70 93 142 188 104 75 |134 41 146 115 9 177 14 43 114 97 191 |100 91 98 37 56 61 133 167 130 16 94 20 198 59 180 44 |55 79 87 8 125 72 27 35 145 47 156 154 123 164 67 28 23 128 |15 136 95 36 172 5 76 109 21 166 185 178 195 65 121 58 30 68 90 176 31 |200 13 192 110 129 48 173 124 157 163 4 89 186 84 39 105 162 135 |126 99 26 196 140 193 138 34 184 137 85 82 78 17 139 81 80 3 144 |141 74 29 49 118 103 106 25 88 149 151 83 ||113 66 |189 53 132 |127 |153 |1 46 |159 161 |120 |64 |45 |2 |63 |148 190 |62 |71 194 |171 57 |86 |19 |52 |152 175 |150 |11 
20832.3 890749
200 117 48 89 157 163 85 82 81 186 39 84 139 72 164 67 123 156 154 18 151 83 |15 153 87 73 60 100 69 170 174 111 160 122 120 94 20 198 59 180 |12 36 141 90 68 58 30 121 185 65 195 178 76 109 21 166 61 56 75 |108 80 40 29 41 74 183 33 22 32 25 106 45 188 104 |173 38 136 95 172 5 49 98 37 2 133 46 167 |146 124 112 78 162 135 17 27 35 145 47 79 187 182 158 42 97 149 191 |118 4 34 8 125 126 26 137 196 184 138 193 110 13 192 119 101 165 181 92 52 50 24 |129 115 179 103 169 7 93 10 70 142 88 23 128 |55 3 140 168 99 134 199 131 116 96 16 176 19 194 31 |147 107 102 77 54 155 143 51 91 6 197 177 14 9 43 114 ||189 144 |63 |57 |150 |1 113 |105 |171 |161 71 |64 |159 |127 |11 |175 53 |132 152 86 28 |130 44 |148 190 |62 |66 
20918.4 862934
15 198 81 117 55 173 157 85 124 82 126 125 8 87 80 |107 36 68 121 95 172 76 109 65 195 178 185 133 46 167 194 31 |163 78 25 106 103 21 166 37 61 56 188 104 75 |179 30 98 49 118 29 41 40 22 32 93 97 149 191 152 |100 89 102 77 54 155 143 74 183 33 51 169 7 10 70 142 23 |136 17 182 42 187 146 108 12 115 9 43 114 91 6 197 14 177 171 88 128 |129 90 147 38 141 116 160 122 199 131 111 170 174 16 94 120 50 59 180 |58 139 4 48 13 110 137 26 196 184 34 138 193 192 119 140 3 |200 162 20 96 69 134 99 168 60 73 181 101 165 92 24 |5 112 158 79 27 35 145 47 156 123 154 18 67 164 72 84 39 186 135 151 83 ||105 86 |52 |176 |132 62 |127 |148 |45 |11 |2 |159 |190 |161 |71 |44 144 |130 |19 |113 1 |64 |63 |175 |66 |153 |28 57 |189 150 53 
21656.7 836472
121 98 185 109 76 21 166 37 118 45 56 61 133 167 75 |172 134 60 168 73 181 165 101 140 92 50 |107 95 178 65 58 30 147 38 68 90 130 198 31 180 |15 195 141 200 100 116 96 170 174 199 131 111 160 122 16 190 94 20 59 |54 112 17 156 79 187 182 115 12 77 108 9 43 114 10 70 93 142 88 23 128 |102 136 49 7 169 143 155 51 91 6 197 177 14 158 42 97 149 191 151 |35 36 5 179 29 103 40 41 74 183 33 22 32 106 25 188 104 |157 47 4 78 27 145 18 154 123 67 164 72 139 84 39 186 81 162 135 83 |99 146 89 129 55 117 48 173 163 85 124 82 126 125 8 87 80 |69 26 119 192 13 110 193 137 34 138 184 196 3 24 ||46 |161 |175 |1 |120 |127 |153 |159 150 |148 |144 132 |52 44 |57 |189 63 71 |19 |2 |105 |176 |64 |11 |86 |62 |152 |53 113 |194 |66 28 |171 |
21660.4 826058
129 15 94 58 30 121 185 178 195 76 109 166 61 56 142 66 104 |157 107 41 40 25 106 103 29 118 45 188 |48 12 42 14 177 155 143 74 183 33 22 32 10 93 70 23 128 |173 77 139 17 27 35 47 156 154 18 123 67 164 72 84 105 39 186 81 162 135 151 83 |112 145 54 51 197 6 91 169 7 88 |100 78 108 146 102 79 187 182 158 115 9 43 114 97 149 191 |55 21 16 96 116 141 38 147 68 90 167 31 198 20 59 180 24 |69 179 65 136 36 172 5 49 98 37 133 75 |163 200 168 160 122 111 174 170 131 199 134 99 60 73 181 192 119 101 140 165 92 50 |95 117 89 85 4 124 137 13 110 193 138 34 184 196 26 126 82 153 125 8 87 80 3 ||132 171 |120 148 |1 |62 |159 |64 |46 |127 |52 |71 |176 |130 |11 |161 189 |194 63 144 |175 152 86 |19 |190 53 |113 44 28 |2 |57 |150 
22236.9 818377
172 81 122 160 134 60 168 73 181 165 92 50 24 |5 55 163 112 139 27 35 145 47 79 187 182 158 42 11 28 |109 108 40 41 74 143 155 51 197 6 91 169 88 23 128 |173 166 157 85 124 82 137 110 193 138 34 184 196 26 126 125 162 135 151 83 |95 15 99 192 119 101 140 8 87 80 3 |117 49 141 116 200 100 69 199 131 170 174 111 16 94 59 20 198 31 180 |129 17 115 12 107 77 54 177 14 9 43 114 97 149 |146 13 48 4 89 78 186 39 84 72 18 154 156 123 164 67 191 |102 136 76 21 61 56 37 98 118 179 29 103 106 25 32 22 183 33 7 10 93 70 142 188 104 |36 96 38 147 58 30 68 90 121 65 195 178 185 133 167 75 ||45 |105 |194 |64 |2 |159 |127 |190 |171 |161 132 113 |62 |189 175 |176 |1 46 |150 53 |66 |71 19 |148 63 |144 44 120 |130 |52 |153 |152 |57 86 
23263.5 816238
107 95 58 30 147 38 68 130 198 31 180 |15 141 200 100 170 174 199 131 111 160 122 16 190 94 20 59 |54 112 17 156 79 187 182 115 12 77 108 9 43 114 10 70 93 142 88 23 128 |102 136 49 7 169 143 155 51 91 6 197 177 14 158 42 97 149 191 151 |35 36 5 179 29 103 40 41 74 183 33 22 32 106 25 188 104 |157 47 4 78 27 145 18 154 123 67 164 72 139 84 39 186 81 162 135 83 |146 89 55 117 48 173 163 85 124 82 126 125 8 87 80 |69 26 119 192 13 110 193 137 34 138 184 196 3 24 |129 118 116 90 121 65 185 195 178 76 109 21 166 98 37 56 61 133 46 167 75 |172 99 96 134 168 60 73 181 101 140 165 92 50 161 ||175 |1 |120 |127 |153 |159 150 |148 |144 132 |52 44 |57 |189 63 71 |19 |2 |105 |176 |11 |64 |86 171 |53 113 |66 28 |194 |45 |152 62 
23796.5 812307
4 68 141 116 96 69 100 199 131 170 174 111 160 122 120 94 20 198 59 180 24 |200 124 50 92 73 181 165 140 101 119 192 13 110 193 138 34 184 196 137 26 126 125 8 87 80 175 3 |48 81 107 54 74 143 51 91 6 169 7 23 |112 155 79 187 182 158 18 123 67 164 72 84 39 186 162 135 151 83 |55 146 12 115 9 33 41 40 103 106 25 142 |99 78 77 108 42 43 114 14 177 197 183 22 32 10 93 70 |163 95 49 179 29 118 98 37 61 56 188 104 |15 82 60 16 90 38 147 58 30 121 65 195 178 185 167 71 31 |102 134 117 173 157 85 89 139 17 27 35 145 47 156 154 191 149 97 171 88 128 |129 168 136 36 172 5 76 109 21 166 2 133 75 ||52 |130 |62 |105 |28 86 |113 |66 |194 19 |159 144 |132 1 |148 190 |11 |176 |127 |64 |150 |63 161 |46 |153 |189 |45 |57 152 44 |53 
23907.3 806684

Time:65
Last Iter:10
Last Update:10
Tabu:0
Last Time65
4
55 168 73 140 196 137 184 34 138 110 193 192 119 101 165 181 92 159 50 3 |95 200 96 116 69 100 134 122 160 111 199 131 170 174 16 130 20 59 |15 80 141 30 58 147 38 68 90 176 198 180 24 |136 108 14 177 197 6 91 51 155 143 74 183 33 22 41 40 118 98 37 61 56 188 104 132 |172 60 94 19 185 121 65 195 178 76 109 21 166 133 167 31 |99 117 87 8 48 173 85 4 163 157 112 78 81 162 153 135 151 83 |13 169 79 17 139 72 84 39 186 105 164 67 97 149 |107 26 126 125 82 124 89 47 145 27 35 123 156 154 18 191 |77 36 5 49 179 29 103 106 25 32 7 10 93 88 23 128 |129 54 146 102 12 9 115 187 182 158 42 43 114 70 142 66 75 ||86 152 161 |53 |64 |127 |11 |52 |71 63 |120 |57 |2 |190 |171 62 |175 150 |113 |45 |194 |46 1 |148 |144 44 28 |189 
19603 848658
146 141 36 136 95 5 49 76 109 21 166 98 37 61 56 188 104 75 |117 192 181 134 99 73 60 168 160 122 94 120 53 |77 106 103 29 118 133 147 38 68 90 176 31 |200 85 78 35 145 47 67 164 72 17 139 81 186 84 39 105 162 135 151 83 |102 178 41 40 25 114 177 197 143 155 51 91 6 169 7 74 183 33 22 32 10 70 93 142 88 23 128 |163 54 27 79 108 12 115 187 182 154 156 123 18 158 42 97 149 191 |179 14 89 157 129 55 48 173 4 124 82 126 125 8 87 80 3 |9 112 26 137 13 110 193 138 34 184 196 119 101 140 165 92 50 24 |172 15 100 69 116 96 199 131 170 174 111 16 59 |107 43 58 30 121 65 195 185 167 198 20 180 ||130 |66 28 |148 |71 |1 |11 |57 |194 46 |44 63 |64 175 |171 62 |189 159 |150 |127 |190 |2 |152 86 |113 |52 161 |132 |19 |153 |45 |144 
22140 812993
182 36 49 98 37 166 167 133 61 56 188 104 75 |146 5 31 185 21 76 109 178 195 65 121 58 30 68 90 52 50 161 |129 136 143 41 40 103 106 25 32 22 33 183 74 51 197 6 91 169 7 10 93 70 88 23 128 |95 141 192 73 60 99 134 199 131 170 174 111 160 122 94 148 20 180 |48 147 38 15 200 100 69 116 96 16 198 59 24 |55 142 79 12 108 115 9 177 14 114 43 158 42 97 149 |179 13 117 85 157 163 112 78 17 139 81 162 135 151 |29 89 168 181 92 165 140 101 119 193 110 138 34 184 196 137 26 126 125 8 87 80 3 |4 172 155 107 54 77 102 187 47 145 35 27 72 84 39 186 83 |118 173 124 82 164 67 156 154 123 18 191 ||53 |105 |113 |64 |171 62 |176 |11 |1 |152 |63 132 |159 |130 |2 |45 |28 |190 |46 |175 189 144 |71 194 |66 |19 |150 |120 |127 |153 |86 57 44 
23960.1 805087
129 136 143 41 40 103 106 25 32 22 33 183 74 51 197 6 91 169 7 10 93 70 88 28 |141 192 73 60 99 134 199 131 170 174 111 160 122 94 148 20 180 |48 200 100 69 116 96 16 130 198 59 24 |55 142 79 12 108 115 9 177 14 114 43 158 42 97 149 |179 13 117 85 157 163 112 78 17 139 81 162 135 151 |29 89 168 181 92 165 140 101 119 193 110 138 34 184 196 137 26 126 125 8 87 80 3 |4 155 107 54 77 102 187 47 145 35 27 72 84 39 186 83 |118 173 124 82 164 67 156 154 123 18 191 |146 36 90 68 38 147 58 30 121 65 195 178 185 133 167 31 50 53 |15 182 95 172 5 76 109 21 166 49 98 37 61 56 188 104 75 23 128 ||105 |113 |159 |64 |171 62 |176 |11 |1 |152 |63 |45 132 |190 |46 |19 |2 |153 |189 144 |66 |175 |150 |120 |127 |71 194 |86 57 44 |52 161 
24160.6 800110

Time:66
Last Iter:10
Last Update:10
Tabu:0
Last Time66
4
129 184 78 17 139 39 84 72 47 145 27 35 164 123 156 154 18 191 |163 96 99 119 192 13 110 193 138 137 34 196 26 8 87 80 |36 69 30 147 38 141 16 94 198 20 59 180 3 |116 29 136 95 172 5 166 21 109 76 49 118 98 37 61 56 188 88 23 128 |77 81 67 79 187 182 158 115 9 43 177 14 114 97 149 |90 146 54 197 143 74 183 33 32 22 41 40 103 106 25 142 |55 200 100 122 111 174 170 131 199 134 168 60 73 181 165 101 140 159 92 50 24 |15 160 44 133 68 58 121 65 195 178 185 167 63 31 |179 102 12 108 107 155 51 91 6 169 7 10 93 70 113 104 75 |117 42 186 112 89 48 173 85 157 4 124 82 126 125 153 162 135 151 83 ||57 |127 |45 |190 |86 |105 |46 194 |132 |53 150 |71 19 |148 |130 |64 |11 |1 |66 161 |120 |2 144 |52 189 |175 |171 62 28 |152 |176 
19858.2 823638
38 179 95 49 98 37 166 21 133 61 56 188 104 75 |138 136 36 172 76 109 185 178 195 65 121 30 68 90 176 167 31 |102 58 5 118 29 103 40 41 74 183 33 22 32 106 25 93 142 |200 184 187 182 158 91 177 14 9 43 114 42 97 149 |55 107 115 12 146 108 77 54 155 143 51 197 6 169 7 10 70 88 23 128 |141 192 47 35 27 17 39 84 72 164 67 123 156 154 18 191 |147 110 129 48 173 163 89 78 162 82 126 125 26 8 87 80 3 |117 145 193 196 34 137 124 4 85 157 112 139 81 186 135 151 83 |79 100 131 69 116 96 170 174 111 160 122 16 94 20 198 59 50 180 24 |15 13 199 134 99 60 168 73 181 119 101 140 165 159 92 ||53 |127 |62 57 |64 |11 28 |132 1 |86 |120 |190 |130 |105 |52 |66 |148 63 |194 |46 71 |161 44 |171 |2 |45 |113 152 |150 |19 |153 |144 175 189 
20047.5 817732
146 200 160 38 65 185 178 109 21 166 98 37 56 61 133 167 31 |124 15 134 168 60 73 181 192 119 101 165 140 92 3 |78 74 115 79 145 35 47 156 123 154 18 191 |95 112 143 54 77 108 12 102 187 182 158 9 43 114 97 149 |36 99 82 89 157 163 4 173 48 137 13 110 193 138 34 184 196 26 126 125 8 87 80 175 161 |85 49 42 67 164 72 17 139 81 186 84 39 105 162 135 151 83 |117 147 172 5 195 121 58 30 68 90 198 20 50 53 24 |136 107 40 179 29 118 103 106 25 183 33 22 32 10 93 142 88 23 128 |129 27 41 7 169 155 51 197 91 6 177 14 62 70 188 104 75 |55 76 100 141 116 96 69 199 131 170 174 111 122 16 148 94 59 180 ||19 |11 |132 66 152 |2 44 |64 |190 |171 |28 |189 159 |63 71 |113 86 |57 |150 |52 120 |45 |127 |1 |194 |153 |130 |46 144 |176 |
23216.2 810887
117 92 13 138 119 73 168 60 134 199 131 170 174 111 160 122 94 50 161 |15 155 143 7 169 51 197 91 6 177 14 114 152 86 191 28 |141 77 25 118 37 98 49 76 109 21 166 167 71 198 31 |129 102 163 48 157 173 85 4 89 112 78 17 139 72 84 39 186 135 |192 54 108 146 12 115 79 47 145 27 35 156 154 123 18 151 83 |36 9 106 179 29 103 40 41 74 183 33 22 32 10 93 70 142 88 23 128 |107 124 162 81 164 67 187 182 158 42 43 11 97 149 |136 38 140 181 165 101 193 110 137 34 184 196 26 126 125 8 87 80 3 |55 95 5 172 58 147 68 90 30 121 65 195 178 185 133 61 56 188 104 75 |82 99 200 100 69 116 96 16 20 59 180 24 ||132 |46 |19 |175 |130 |148 |171 |159 |105 |66 44 |127 |144 53 |153 |189 |113 |2 |62 |63 |176 |57 |150 |52 120 |194 |64 |45 |190 |1 
23366.4 804695

Time:69
Last Iter:10
Last Update:9
Tabu:0
Last Time63
5
25 15 111 160 122 94 59 20 198 180 |40 30 200 199 134 99 60 168 73 181 119 101 165 140 150 92 50 53 24 |155 5 142 93 10 32 22 143 74 183 33 169 197 91 6 7 97 149 28 171 70 23 |65 102 51 42 187 182 158 18 154 156 123 186 81 139 39 84 72 164 67 191 152 |163 192 162 27 17 78 112 89 85 4 124 82 126 125 64 135 151 83 |41 13 55 157 129 117 173 48 137 193 138 34 184 196 26 127 8 87 80 3 |121 145 35 47 79 115 12 146 77 108 54 177 14 9 43 114 62 88 128 |103 110 16 131 174 170 69 96 116 141 38 147 68 90 31 |107 58 136 49 179 118 56 188 104 75 |100 106 29 95 36 172 195 185 178 76 109 21 166 98 37 61 133 167 ||176 |46 |190 |66 144 |11 |57 |189 |113 132 |2 |130 44 |52 161 |148 63 |1 |19 194 |120 |153 |105 86 |45 |71 |175 |159 |
20330.2 872440
117 169 32 56 61 98 37 166 21 109 76 49 118 29 103 106 25 188 104 |5 192 92 181 165 101 119 13 110 193 196 184 138 34 26 |36 73 16 96 116 141 68 90 71 198 20 59 180 24 |102 140 164 47 145 27 17 126 125 64 8 87 80 3 |41 35 7 54 146 108 12 9 115 187 182 154 156 123 18 158 42 97 149 191 |107 172 179 40 22 33 183 74 143 155 51 91 6 197 177 14 43 114 62 10 70 93 142 88 23 128 |129 67 112 89 78 139 81 186 72 84 39 151 83 |79 137 48 55 173 157 163 85 4 124 82 162 135 |15 136 95 38 147 58 30 121 65 195 178 185 133 167 31 75 |77 200 168 60 99 134 100 69 199 131 170 174 111 160 122 94 50 ||113 132 |2 |130 44 |52 161 |148 190 |150 |45 |144 175 189 |86 |176 |105 |63 |194 |120 |127 |57 |19 |1 |11 |53 152 |46 |159 |28 171 |66 |153 |
20931.5 825141
5 192 92 181 165 101 119 13 110 193 196 184 138 34 26 |36 73 16 96 116 141 68 90 71 198 20 59 180 24 |102 140 164 47 145 27 17 126 125 64 8 87 80 3 |41 35 7 54 146 108 12 9 115 187 182 154 156 123 18 158 42 97 149 191 |107 172 179 40 22 33 183 74 143 51 91 6 197 177 14 43 114 62 10 70 93 142 88 23 128 |129 67 112 89 78 139 81 186 72 84 39 151 83 |79 137 48 55 173 157 163 85 4 124 82 162 135 |15 136 95 38 147 58 30 121 65 195 178 185 133 167 31 75 |77 200 168 60 99 134 100 69 199 131 170 174 111 160 122 94 52 50 |117 155 169 32 25 106 103 29 118 49 76 109 21 166 98 37 61 56 188 104 113 132 ||189 |144 |176 |175 |63 |86 |150 |105 |148 190 |2 |194 |120 |127 |57 |19 |1 |11 |53 152 161 |46 44 |159 |130 |28 171 |66 |45 |153 |
21116.4 818473
136 173 79 47 102 146 12 115 9 14 177 197 6 91 169 7 93 142 188 104 |112 40 182 107 77 108 54 51 155 143 74 183 33 22 32 10 70 88 23 128 |15 172 61 65 121 30 58 147 38 68 90 176 198 31 |36 41 95 5 49 118 98 37 166 21 109 76 195 178 185 46 133 167 75 44 |200 29 69 141 170 174 73 60 168 134 199 131 111 160 122 16 148 94 20 59 180 24 |100 89 145 35 27 17 139 81 39 186 162 159 92 50 |99 179 56 103 106 114 43 42 158 187 156 154 18 164 67 191 97 149 |96 25 84 129 55 117 48 157 163 85 4 124 82 126 125 87 135 151 83 |116 123 78 13 110 193 138 137 34 184 196 26 8 80 |72 192 181 119 101 165 140 3 ||175 189 |194 144 |130 |11 |66 |45 |57 86 |52 |120 161 |71 |153 |19 63 |1 |2 |190 |105 |150 53 |28 171 |113 132 152 |64 |127 |62 |
24434.1 814903
77 142 54 74 7 177 14 197 6 91 51 155 143 33 22 32 106 25 10 93 70 88 23 |90 163 112 89 124 82 126 125 162 81 186 139 72 84 39 135 151 83 |103 116 141 68 38 147 58 30 121 65 195 178 185 167 75 |95 169 41 40 179 76 109 21 166 133 31 198 |117 17 108 79 145 27 35 47 156 154 18 123 164 67 191 |100 55 78 157 173 48 13 110 193 138 34 184 196 137 26 8 87 80 3 |129 15 200 69 96 16 134 199 131 170 174 111 160 122 94 20 59 180 24 |4 107 102 146 12 115 187 182 158 9 43 114 42 97 149 |136 183 36 172 5 49 29 118 98 37 61 56 188 104 |85 192 99 60 168 73 181 119 101 165 140 92 50 128 ||153 |176 |45 |171 |127 |130 |64 |66 |19 194 |175 159 |62 |2 |190 |63 |1 |57 28 |113 46 |161 86 144 |105 |71 189 |148 53 |150 |120 52 |152 |132 |11 |44 
26842.1 797414

Time:67
Last Iter:10
Last Update:9
Tabu:0
Last Time58
4
107 145 126 82 124 55 117 48 173 85 4 163 157 112 89 78 139 81 186 84 39 135 151 83 |192 17 193 196 184 138 34 137 26 125 8 50 31 63 130 198 20 59 180 |13 47 40 177 14 43 42 158 182 187 154 18 35 164 67 191 128 |129 27 9 79 102 115 12 108 77 54 51 197 91 6 114 97 149 |123 49 136 36 5 65 195 178 76 109 21 166 2 61 56 |95 15 141 38 147 58 121 68 90 185 46 133 167 75 |179 30 41 22 32 25 106 45 103 29 118 98 37 188 104 23 |110 172 88 155 143 74 183 33 169 7 10 70 93 142 113 132 |156 200 100 134 99 73 60 168 160 122 111 199 131 174 170 69 116 96 16 190 94 24 |146 72 162 87 189 92 181 119 101 165 140 159 80 3 ||153 |57 |62 |11 |144 |53 |127 |66 |194 19 |44 120 |64 |52 |171 |105 |150 |161 |71 |152 86 28 |175 |148 |1 |176 
20364 893444
16 102 14 103 118 98 37 61 56 188 104 75 |172 79 17 78 112 126 26 137 196 184 34 138 13 110 193 140 165 92 50 24 |200 147 36 95 179 29 41 40 106 25 93 142 113 |15 141 134 192 119 101 181 73 168 60 99 199 131 170 174 111 160 122 148 94 20 198 59 180 |69 136 49 167 133 2 166 21 76 109 185 178 195 65 121 58 30 68 90 19 31 |38 55 157 89 162 186 81 139 39 84 72 35 145 47 156 154 18 123 164 67 151 83 |5 27 129 117 48 173 85 163 4 124 82 153 125 8 87 135 80 3 |116 107 77 146 12 115 9 43 114 42 97 149 191 |100 108 54 177 197 51 91 6 169 7 88 128 |96 187 182 158 155 143 74 183 33 22 32 10 70 23 ||161 |1 |130 |190 |171 |71 |105 |176 |45 |53 189 |57 86 |132 |120 |11 |127 |28 |159 |52 |66 |194 |62 |64 |144 175 152 |63 46 44 |150 
20545.7 813128
89 68 36 136 95 172 5 49 179 29 118 103 106 25 93 142 188 104 |41 134 90 30 121 65 185 178 195 76 109 21 166 2 98 37 56 61 133 167 75 144 |163 192 99 60 168 92 50 31 198 20 180 53 24 |157 15 73 181 13 110 193 137 26 196 184 34 138 119 165 101 140 127 8 87 80 3 |124 100 147 38 141 16 96 116 69 170 174 131 199 111 160 122 94 59 |58 107 146 91 169 7 74 183 33 22 32 10 70 88 23 |117 102 78 129 48 173 4 82 126 125 81 17 139 72 84 39 186 162 135 |200 85 35 54 108 12 9 115 187 182 158 42 97 149 191 |55 79 43 27 145 47 156 123 154 18 67 164 151 83 |112 40 77 155 143 51 6 197 177 14 114 128 ||176 |130 44 |11 |71 113 |105 86 |28 152 |63 194 |57 |153 |1 |45 |190 148 |150 |52 |66 161 |175 159 |171 |46 |62 |64 |19 |132 189 |120 |
25434.4 812535
89 68 36 136 95 172 5 49 179 29 118 103 106 25 93 142 188 104 |41 134 90 30 121 65 185 178 195 76 109 21 166 2 98 37 56 61 133 167 75 144 |163 192 99 60 168 92 50 31 198 20 180 53 24 |157 15 73 181 13 110 193 137 26 196 184 34 138 119 165 101 140 |112 8 87 80 3 |124 100 147 38 141 16 96 116 69 170 174 131 199 111 160 122 94 59 |58 107 146 155 143 51 197 91 6 169 7 74 183 33 22 32 10 70 88 23 128 |117 102 78 129 48 173 4 82 126 125 81 17 139 72 84 39 186 162 135 |200 85 35 114 14 177 54 77 108 12 9 115 187 182 158 42 97 149 191 |55 40 79 43 27 145 47 156 123 154 18 67 164 151 83 ||176 |130 44 |11 |71 113 |105 86 |28 152 |63 194 |57 |153 |1 |45 |190 148 |150 |120 |66 161 |175 159 |189 |46 |62 |64 |19 |132 |127 |171 |52 
25740.6 811570

Time:72
Last Iter:10
Last Update:9
Tabu:0
Last Time65
4
112 160 168 60 73 24 |29 15 200 116 96 69 100 99 134 199 131 170 174 111 122 190 94 59 180 |49 77 177 7 6 91 169 74 41 40 183 33 22 32 10 70 93 142 66 |155 13 48 55 129 157 163 85 4 89 82 126 125 8 87 80 3 |27 103 143 51 197 54 107 108 146 12 115 9 43 114 11 97 149 88 23 128 |110 139 140 26 196 184 34 138 193 192 119 101 165 92 50 |117 181 137 173 124 78 17 81 72 84 39 186 162 135 151 83 |65 14 106 42 158 182 187 102 79 145 35 47 156 154 18 123 164 67 191 |179 90 118 136 95 172 5 178 185 195 76 109 21 166 37 98 61 56 188 104 |36 25 167 133 121 58 30 68 147 38 141 16 20 198 63 31 75 44 144 ||120 |57 |175 |161 28 |53 52 |105 |86 113 |153 64 |150 |148 |176 |45 |71 19 |2 |194 |130 |171 |159 |152 |46 |62 |127 |1 132 |189 
19411 830244
25 141 38 68 58 30 121 133 167 132 75 24 |36 147 31 73 168 60 99 134 111 160 122 189 |29 15 200 116 96 69 100 199 131 170 174 16 190 94 20 198 59 180 |49 77 177 7 6 91 169 74 41 40 183 33 22 32 10 70 93 142 66 |155 13 48 55 129 157 163 85 4 89 82 126 125 8 87 80 3 |27 103 143 51 197 54 107 108 146 12 115 9 43 114 11 97 149 88 23 128 |110 139 140 26 196 184 34 138 193 192 119 101 165 92 50 |117 181 137 173 124 112 78 17 81 72 84 39 186 162 135 151 83 |65 14 106 42 158 182 187 102 79 145 35 47 156 154 18 123 164 67 191 |179 90 118 136 95 172 5 178 185 195 76 109 21 166 37 98 61 56 188 104 ||63 44 144 |120 |175 |161 |53 52 |86 113 |150 |176 |28 |57 |2 |148 |171 |153 64 |45 |105 |19 194 |130 71 |159 |152 |46 |62 |127 |1 
20159.3 825809
55 100 73 181 50 92 165 140 101 119 192 13 110 193 138 137 34 184 196 26 8 |118 174 68 90 98 37 166 21 76 109 133 167 75 |141 48 173 89 112 157 163 85 4 124 82 126 125 87 80 3 |69 136 49 179 29 103 41 40 106 25 45 61 56 188 104 |200 38 116 16 168 60 99 134 199 131 170 111 160 122 94 120 59 20 198 180 24 |15 36 95 5 172 58 30 121 65 195 178 185 194 71 31 |147 78 102 79 145 35 47 123 156 154 18 171 88 23 128 |129 43 162 27 17 139 81 186 39 84 72 164 67 135 151 83 |96 107 108 12 114 177 14 9 115 187 182 158 42 97 149 191 |117 197 146 77 54 155 143 51 91 6 169 7 74 183 33 22 32 10 70 93 142 ||130 |86 57 |105 |64 |150 |159 53 |62 28 |152 113 |63 46 44 |176 |153 |148 |127 175 |144 1 132 |19 |190 |11 |2 |161 189 52 |66 |
21622.8 794853
12 36 141 147 38 68 90 58 30 121 65 195 178 185 133 167 75 |200 77 115 145 158 182 187 79 27 35 47 156 123 154 18 191 |117 42 129 48 85 157 163 4 89 82 125 126 26 127 8 87 80 |173 107 146 143 155 51 91 6 197 177 14 9 43 114 62 97 149 128 |95 100 60 168 73 181 137 184 196 140 3 |108 55 34 138 13 110 193 119 101 165 92 50 24 |124 136 21 109 76 172 5 49 179 29 118 98 37 166 61 56 188 104 |192 54 7 25 106 103 40 41 74 183 33 22 32 10 70 93 142 88 23 |99 102 17 112 78 139 162 81 186 39 84 72 164 67 135 151 83 |169 15 134 16 96 116 69 170 174 131 199 111 160 122 94 59 20 198 63 31 180 ||44 |71 |1 |153 |130 |105 |45 |161 28 86 |46 144 |175 150 |120 |176 |53 132 |194 189 |2 |159 |66 171 |11 |148 190 |52 |113 |64 |19 |152 |57 
26422.5 789417

Time:67
Last Iter:10
Last Update:10
Tabu:0
Last Time67
4
134 118 102 108 54 51 7 169 91 6 197 177 14 43 114 88 128 |200 59 16 73 181 137 196 184 34 138 193 110 192 119 101 165 140 159 92 50 24 |100 117 48 112 78 17 139 72 84 39 186 81 162 153 87 135 151 83 |129 96 147 30 58 36 136 172 5 49 98 37 61 |69 195 180 94 160 111 199 131 170 174 122 20 198 31 142 188 104 75 |99 121 65 95 179 29 103 106 25 22 32 10 93 70 23 |60 40 41 33 183 74 143 155 107 77 146 12 115 187 182 42 97 191 |15 168 141 38 68 90 167 133 185 178 76 109 21 166 2 56 |55 27 9 158 79 145 35 47 156 123 154 18 57 149 |116 13 164 67 89 4 157 163 85 173 124 82 125 126 26 127 8 80 3 ||130 |64 |175 |194 |45 |144 |120 189 |62 132 |53 44 |148 |52 |66 171 |11 |161 |152 |150 |105 |176 |63 71 |113 1 |86 28 |190 |19 |46 
20489.1 860294
95 197 179 49 118 103 106 25 104 |200 94 174 147 30 65 185 195 178 76 109 21 166 98 37 61 56 75 |134 58 29 40 41 74 183 33 22 32 7 10 93 70 88 23 |136 15 100 69 170 199 111 122 160 168 60 73 181 192 119 101 165 140 159 92 3 |131 143 43 114 177 14 9 115 77 108 12 102 79 187 182 158 42 11 97 149 128 |5 146 145 156 67 164 72 84 139 81 186 39 162 135 151 83 |36 50 121 90 68 38 141 116 96 16 130 198 20 59 180 31 |172 129 124 137 13 110 193 138 34 184 196 26 126 125 153 8 87 80 |51 117 82 55 173 48 85 157 163 4 89 112 78 17 27 35 47 123 154 18 191 |99 107 54 155 91 6 169 142 188 133 167 24 ||144 132 28 |71 194 |148 |19 |105 |1 66 |113 46 |176 |86 |150 53 161 |2 |45 |189 120 |171 62 |175 |52 |57 |190 |63 44 |152 |64 |127 |
20601.5 831130
60 146 79 17 27 35 145 47 156 154 182 158 42 43 97 149 |36 77 197 12 115 9 10 7 169 91 6 177 14 114 62 88 23 128 |108 112 39 164 67 123 18 191 83 |161 172 55 26 137 196 184 34 138 13 110 193 192 119 101 140 165 92 50 24 |102 129 173 4 89 78 81 139 72 84 186 162 135 151 |136 181 117 48 157 163 85 124 82 126 125 64 8 87 80 3 |107 99 15 200 100 69 116 96 170 174 131 199 134 111 160 122 94 20 198 59 180 |5 168 16 141 90 68 38 147 58 30 121 65 195 178 185 133 167 31 |54 95 179 29 118 49 76 109 21 166 98 37 61 56 75 |73 187 103 40 41 51 155 143 74 183 33 22 32 106 25 93 70 142 188 104 ||105 |45 |66 |132 57 |171 |46 |150 53 |28 |130 |176 |2 |189 |190 |194 |1 |127 |153 |63 144 44 |71 113 |159 175 |52 120 |86 152 |11 |148 |19 
20732.6 796357
124 102 41 143 155 51 197 6 91 169 7 74 183 33 22 32 106 25 10 93 70 88 23 |15 90 141 38 147 58 30 121 65 195 178 185 194 31 |200 162 159 99 134 199 131 69 116 96 170 174 111 160 122 94 20 198 59 180 24 |129 77 158 187 145 27 35 164 67 156 123 154 18 191 |12 68 136 172 5 76 109 21 166 133 167 75 144 |47 100 168 60 73 181 140 101 165 92 50 80 3 |55 54 17 82 48 173 85 157 163 4 89 112 78 139 81 186 72 84 39 151 |117 16 119 192 13 110 193 138 196 184 34 137 26 126 125 8 87 135 83 |95 107 79 182 146 108 115 9 43 177 14 114 42 97 149 128 |36 142 179 40 103 29 118 49 98 37 61 56 188 104 ||62 |190 |66 171 |53 52 189 |148 |11 |132 161 |153 |113 |45 |120 |127 175 |44 |19 63 |150 |64 |1 46 |28 57 |105 |130 |2 |71 |176 |86 152 
22406.5 783448

Time:71
Last Iter:10
Last Update:2
Tabu:0
Last Time16
3
77 5 147 38 68 90 30 121 65 185 178 195 76 109 21 166 98 37 61 56 188 104 75 |172 134 99 181 73 60 168 111 16 198 31 |15 129 173 85 157 163 4 89 112 78 17 139 81 162 135 |55 108 114 14 9 43 42 187 158 18 154 156 123 72 84 39 186 105 151 83 |136 133 146 107 54 6 91 51 155 143 74 183 33 169 7 10 93 70 142 88 23 128 |200 48 124 82 125 126 26 137 196 184 34 138 110 193 119 101 140 8 87 |49 165 141 116 96 100 69 199 131 170 174 160 122 94 20 59 180 24 |179 167 197 177 115 12 102 79 182 47 145 27 35 164 67 |95 58 36 29 118 41 40 103 106 25 22 32 97 149 191 86 |117 13 192 92 50 3 80 175 ||153 |44 161 189 |64 |2 |171 |57 |130 |127 |190 120 |53 152 |66 |19 194 |113 1 |176 |11 28 |148 63 |45 132 |62 144 |150 |71 46 |159 |52 
20181.8 817833
170 155 42 79 47 145 35 27 72 164 67 86 191 |29 200 100 96 141 147 38 58 30 121 65 195 178 76 109 21 166 98 37 61 56 1 188 104 75 |136 11 16 68 90 185 133 167 31 59 50 24 |102 95 172 5 179 103 106 25 32 22 33 183 74 91 6 169 7 10 70 93 142 23 |116 49 40 41 143 51 197 177 14 9 43 114 88 128 |131 107 54 146 77 108 12 115 187 182 158 154 156 123 18 97 149 |69 192 173 112 78 17 139 81 84 39 186 162 135 151 83 |36 199 129 117 48 89 157 163 85 4 82 126 125 8 87 80 3 |118 15 134 99 92 140 119 101 165 181 73 60 168 111 160 122 120 94 20 198 180 |174 55 124 196 184 13 110 193 138 34 137 26 153 ||144 132 63 |171 |130 |176 |57 |127 |66 |113 |64 |150 |190 |46 |19 |161 53 |45 |44 |62 |105 |2 |159 |71 |52 |148 |194 |189 175 152 |28 
21301.4 812395
5 54 41 40 33 183 74 169 51 91 6 197 177 14 114 171 88 128 |48 199 119 140 137 13 110 193 138 34 184 196 26 127 8 87 80 3 |129 125 55 157 163 85 124 4 89 112 78 139 72 84 39 186 135 151 83 |95 116 99 134 160 168 60 73 181 101 165 92 50 24 |173 100 141 90 68 38 147 58 30 65 195 185 178 76 109 21 166 98 37 104 75 |17 121 179 29 118 103 106 25 22 32 7 10 93 70 142 23 |143 15 69 96 16 131 170 174 111 122 94 59 20 198 31 180 |192 155 77 108 146 12 102 79 187 182 158 115 9 43 42 97 149 |107 117 126 82 162 81 67 164 27 35 145 47 156 123 154 18 191 152 |200 136 36 172 49 167 133 61 56 188 113 ||45 |64 |132 |19 |159 |11 |144 46 |161 189 175 |190 120 |52 |1 66 |105 |71 194 |86 57 |150 |153 |148 |176 |130 |2 44 |63 53 |28 62 
24310.5 785970

Time:0
Last Iter:10
Last Update:10
Tabu:0
Last Time0
3
77 5 147 38 68 90 30 121 65 185 178 195 76 109 21 166 98 37 61 56 188 104 75 |172 134 99 181 73 60 168 111 16 198 31 |15 129 173 85 157 163 4 89 112 78 17 139 81 162 135 |55 108 114 14 9 43 42 187 158 18 154 156 123 72 84 39 186 105 151 83 |136 133 146 107 54 6 91 51 155 143 74 183 33 169 7 10 93 70 142 88 23 128 |200 48 124 82 125 126 26 137 196 184 34 138 110 193 119 101 140 8 87 |49 165 141 116 96 100 69 199 131 170 174 160 122 94 20 59 180 24 |179 167 197 177 115 12 102 79 182 47 145 27 35 164 67 |95 58 36 29 118 41 40 103 106 25 22 32 97 149 191 86 |117 13 192 92 50 3 80 175 ||153 |44 161 189 |64 |2 |171 |57 |130 |127 |190 120 |53 152 |66 |19 194 |113 1 |176 |11 28 |148 63 |45 132 |62 144 |150 |71 46 |159 |52 
20181.8 817833
170 155 42 79 47 145 35 27 72 164 67 86 191 |29 200 100 96 141 147 38 58 30 121 65 195 178 76 109 21 166 98 37 61 56 1 188 104 75 |136 11 16 68 90 185 133 167 31 59 50 24 |102 95 172 5 179 103 106 25 32 22 33 183 74 91 6 169 7 10 70 93 142 23 |116 49 40 41 143 51 197 177 14 9 43 114 88 128 |131 107 54 146 77 108 12 115 187 182 158 154 156 123 18 97 149 |69 192 173 112 78 17 139 81 84 39 186 162 135 151 83 |36 199 129 117 48 89 157 163 85 4 82 126 125 8 87 80 3 |118 15 134 99 92 140 119 101 165 181 73 60 168 111 160 122 120 94 20 198 180 |174 55 124 196 184 13 110 193 138 34 137 26 153 ||144 132 63 |171 |130 |176 |57 |127 |66 |113 |64 |150 |190 |46 |19 |161 53 |45 |44 |62 |105 |2 |159 |71 |52 |148 |194 |189 175 152 |28 
21301.4 812395
5 54 41 40 33 183 74 169 51 91 6 197 177 14 114 171 88 128 |48 199 119 140 137 13 110 193 138 34 184 196 26 127 8 87 80 3 |129 125 55 157 163 85 124 4 89 112 78 139 72 84 39 186 135 151 83 |95 116 99 134 160 168 60 73 181 101 165 92 50 24 |173 100 141 90 68 38 147 58 30 65 195 185 178 76 109 21 166 98 37 104 75 |17 121 179 29 118 103 106 25 22 32 7 10 93 70 142 23 |143 15 69 96 16 131 170 174 111 122 94 59 20 198 31 180 |192 155 77 108 146 12 102 79 187 182 158 115 9 43 42 97 149 |107 117 126 82 162 81 67 164 27 35 145 47 156 123 154 18 191 152 |200 136 36 172 49 167 133 61 56 188 113 ||45 |64 |132 |19 |159 |11 |144 46 |161 189 175 |190 120 |52 |1 66 |105 |71 194 |86 57 |150 |153 |148 |176 |130 |2 44 |63 53 |28 62 
24310.5 785970

