Time:1
Last Iter:1
Last Update:1
Tabu:0
Last Time1
12
164 1 128 160 53 157 196 31 194 110 144 188 44 86 79 172 159 65 |103 77 177 95 97 150 5 25 133 72 37 2 184 27 74 141 47 62 179 175 |42 126 88 81 20 152 90 56 |54 87 33 51 68 100 147 63 162 57 135 85 156 |58 59 181 167 186 21 12 14 120 46 38 |122 192 50 137 64 190 36 117 115 49 155 189 174 153 163 168 139 116 24 170 |28 15 180 106 176 182 7 23 22 154 198 130 43 173 149 8 171 69 70 |109 131 104 105 17 52 166 102 114 91 93 111 34 30 92 |80 29 35 41 199 10 66 113 132 45 61 200 134 71 108 18 169 |195 40 127 4 19 129 99 26 158 193 6 ||121 89 84 |107 11 |83 82 9 |140 187 |191 123 60 |197 32 125 138 |143 151 98 |118 |119 183 |146 |39 67 |3 101 165 124 |145 136 78 94 |73 48 75 |161 |142 185 |112 55 13 |96 |178 |16 148 76 |
15198.2 1.29815e+06
95 59 156 174 78 47 188 70 158 132 45 |27 93 163 130 11 42 159 68 169 64 20 166 160 35 164 133 181 |108 62 54 116 37 2 102 79 50 179 56 200 196 |103 177 194 195 57 25 24 144 33 120 44 |65 19 183 111 115 134 14 199 139 23 173 74 168 171 6 |84 135 131 21 53 5 97 140 176 15 155 198 184 |99 32 124 26 7 29 38 172 141 46 149 90 175 185 40 186 |106 180 143 153 92 8 128 72 60 85 80 126 |71 28 189 161 18 75 9 170 10 3 150 157 167 110 58 |86 22 88 192 122 81 191 123 96 101 121 69 76 104 152 61 87 117 151 43 162 63 ||154 119 82 73 |197 1 41 89 |114 |13 16 |98 |193 148 |67 31 39 4 107 |51 105 165 109 113 17 182 |147 |138 |66 112 |49 136 |125 83 48 137 |142 187 146 |12 |178 |77 145 30 190 |129 94 36 |52 91 |118 55 |100 127 34 |
15376.3 1.22244e+06
183 159 71 92 54 116 102 2 38 141 |163 74 94 117 115 19 161 162 129 33 120 188 128 69 170 8 |143 134 111 175 98 93 75 35 7 20 171 152 58 |150 16 76 131 193 158 24 191 126 97 |186 196 31 59 106 14 185 189 155 65 169 22 27 72 |39 77 110 200 156 195 57 10 6 144 87 149 47 198 28 63 |12 45 53 109 25 133 164 37 85 80 86 88 192 184 130 |67 178 194 187 180 100 90 153 151 43 108 119 50 122 79 41 166 99 104 5 132 70 |60 66 199 32 52 51 107 36 62 173 168 18 125 137 64 23 95 181 177 |160 89 135 121 157 145 56 179 172 46 82 44 139 81 ||55 1 123 |127 136 182 |96 29 |11 |91 |148 |114 197 26 140 |4 103 146 |165 21 118 17 |190 73 78 34 |42 |40 176 |3 113 101 84 |83 |142 |105 124 112 61 |147 |9 138 |30 15 154 |13 167 |68 49 174 |48 |
15675.3 1.21758e+06
102 137 138 141 130 11 43 42 90 120 33 164 104 171 196 58 |181 178 56 63 161 162 199 72 69 131 6 186 70 23 |184 114 122 80 79 54 116 170 57 106 185 175 |155 62 92 87 169 81 37 128 132 53 177 50 |44 139 89 158 105 51 112 187 159 49 108 126 173 168 |82 125 20 60 165 124 16 189 65 |95 152 61 200 14 174 68 93 46 22 27 91 9 83 86 133 |195 31 5 135 101 84 96 123 2 38 119 172 149 64 |166 7 24 99 182 144 188 36 117 47 151 179 147 136 77 103 59 194 97 160 85 |150 109 8 25 45 12 35 192 18 88 48 74 163 198 28 34 30 153 110 156 ||142 146 4 145 |107 3 21 |19 |148 113 10 |75 |180 111 |191 29 |55 71 |40 |183 15 |78 143 39 140 |17 1 76 121 118 |154 |157 167 67 |98 |73 115 134 100 |26 66 41 |127 13 |197 32 193 176 |190 52 94 |129 |
15783.3 1.21572e+06
166 191 81 35 60 101 158 6 45 53 5 25 87 149 173 130 86 50 18 |26 66 170 41 2 64 33 153 106 186 150 195 189 179 63 155 28 198 |104 128 70 22 147 56 177 194 |162 119 38 9 24 160 120 200 ||89 84 96 29 23 199 197 107 143 117 57 187 |152 167 67 39 14 15 151 65 164 171 69 |88 75 192 82 83 73 154 108 78 159 49 175 90 99 7 72 135 |196 157 181 59 110 146 185 4 183 43 47 169 188 79 139 20 123 131 132 85 184 27 |168 46 172 62 111 30 103 156 97 8 95 133 140 144 54 |34 71 115 42 98 100 127 58 16 10 124 116 37 102 80 44 74 141 126 92 ||134 180 161 |105 76 109 55 |94 93 137 |178 51 |165 121 21 193 |138 |190 68 163 48 |136 142 |36 61 |12 |40 |91 122 |112 174 |182 52 118 |148 113 32 |11 129 19 |17 1 125 |13 31 77 |176 145 3 |114 |
17698.1 1.21348e+06
115 130 11 68 149 92 153 57 150 45 132 69 70 177 58 194 156 |88 91 9 102 188 120 166 37 168 56 196 |169 54 199 170 21 8 67 110 195 28 117 141 18 27 38 175 |12 148 113 66 171 87 44 47 179 |200 103 4 176 52 23 122 22 42 160 158 |77 185 40 127 189 63 161 155 19 126 86 64 24 35 192 50 |159 65 198 94 154 191 116 197 124 72 84 29 95 181 |34 90 180 39 151 43 98 162 172 137 33 99 7 20 135 131 53 186 97 |183 173 48 80 81 101 121 25 133 164 51 144 14 152 |74 62 106 59 31 142 5 6 85 128 104 123 139 79 2 ||89 118 182 |36 100 |138 75 |184 |10 3 1 |60 193 |96 17 105 140 |109 134 |93 46 163 |49 147 |167 165 |41 |26 32 107 30 145 174 |16 13 61 |71 78 111 108 |136 |125 82 119 |129 |143 15 190 73 |76 55 157 |83 114 |178 187 |112 146 |
17698.8 1.18802e+06
174 200 157 45 69 128 104 99 33 169 44 22 18 74 173 |156 41 7 139 29 80 125 48 163 11 49 62 92 87 181 58 |150 95 194 117 47 50 102 23 160 |179 189 28 126 27 38 20 37 135 5 8 |175 177 42 30 120 54 190 199 24 166 60 70 158 2 57 186 152 |64 137 172 149 94 |151 6 108 88 191 116 25 97 13 59 110 106 195 35 81 |192 196 53 132 131 144 141 154 155 65 63 56 |187 55 164 105 72 188 168 198 161 159 90 85 |96 130 170 118 171 109 16 3 133 165 197 182 51 68 111 71 15 180 39 153 98 162 86 79 ||185 146 77 124 |43 183 93 |176 26 76 52 10 |83 91 119 |1 113 101 66 |14 145 100 134 |122 |178 |9 184 114 |140 17 89 84 121 |148 |143 147 19 |103 142 |136 127 34 |73 46 138 |123 |75 |115 129 |107 32 36 78 |193 12 21 112 |61 167 67 31 |4 40 |82 |
20134.3 1.05664e+06
179 65 155 28 90 |166 79 169 149 120 |18 162 91 81 199 144 33 92 173 74 175 5 53 85 158 72 |47 117 68 168 50 86 128 135 25 133 152 196 181 106 |9 186 102 137 172 62 78 71 164 7 139 171 8 6 |95 112 10 113 70 23 87 |49 38 19 42 198 125 138 192 1 104 160 97 57 194 |143 170 153 54 182 96 35 114 80 75 22 154 130 159 189 200 132 69 |156 126 140 124 99 52 64 44 83 2 29 37 84 165 150 31 195 100 141 88 27 |21 58 45 131 109 24 116 20 188 46 93 108 11 63 34 180 127 56 110 177 ||115 190 36 |77 145 111 |17 191 123 55 |73 151 183 43 |136 197 32 |178 59 |184 |98 |76 |12 101 89 51 |105 16 157 176 |161 15 174 134 |142 39 |40 |147 |48 |13 67 103 |26 3 121 |4 146 |41 |148 66 |122 |94 163 119 82 |107 14 185 187 30 |61 |60 193 118 |129 |167 |
22248.1 1.03337e+06
72 128 131 135 158 70 101 37 160 166 7 116 164 |63 175 65 155 130 117 62 |185 56 180 92 120 |179 189 111 159 28 90 153 |195 156 194 58 200 133 25 104 199 144 |85 23 79 192 38 80 102 2 81 35 139 20 24 99 54 |168 74 88 18 27 50 22 86 44 188 64 169 87 |69 186 196 181 177 110 106 |171 132 45 6 53 5 150 97 8 152 95 57 |170 162 198 126 141 172 47 173 149 33 ||78 119 |82 |113 109 3 66 |59 187 61 |83 134 143 |15 71 115 127 |176 51 52 1 29 105 |16 13 107 14 |129 190 |32 123 60 121 26 |154 48 93 163 |30 151 183 11 108 |103 34 39 |98 161 147 |193 148 89 |184 41 17 |67 157 112 |12 |137 |197 10 55 167 |100 146 |94 |40 140 |191 96 84 |142 |4 174 43 |31 178 |182 118 165 124 |21 36 |68 49 46 |75 9 125 |19 73 |138 114 |76 136 77 |42 |91 122 |145 
29443.4 501782
68 71 141 168 154 74 172 190 33 |134 115 155 65 161 159 28 90 153 120 |56 79 81 35 170 37 70 158 160 166 20 7 116 24 199 |186 150 53 5 171 25 133 |195 156 194 58 200 110 177 106 92 |181 196 97 8 152 95 57 |175 23 102 2 80 38 192 27 88 18 50 22 86 44 188 |198 130 117 62 64 169 54 87 |189 179 63 162 126 47 173 149 |85 139 135 6 45 132 131 69 128 72 104 164 99 144 ||76 |83 |93 191 |13 |96 101 |112 51 |94 46 197 182 |60 41 |36 1 137 |31 77 143 |113 121 10 3 140 |145 43 11 42 183 |82 48 |61 16 21 109 |29 9 |40 4 |98 49 |114 122 91 |118 84 |185 |193 148 |100 127 |125 75 119 |67 157 165 124 |138 176 |180 34 52 32 105 26 |89 12 55 |167 103 |184 73 |187 142 146 |178 39 |15 123 |111 108 163 |14 59 |66 |30 136 |19 147 |129 |151 78 174 |17 107 
29732.4 476183
35 156 31 196 97 152 8 95 57 |126 65 155 159 28 145 153 92 |7 139 81 102 2 114 80 79 23 188 87 |195 135 85 6 45 132 131 69 128 104 164 |175 56 179 189 90 130 62 117 149 33 |22 18 50 27 192 38 86 44 64 169 54 144 |72 170 37 70 158 160 166 20 24 116 99 199 |172 88 74 168 141 198 47 173 120 |181 194 58 200 110 177 106 |162 63 186 150 53 5 171 25 133 ||191 |100 |111 71 73 |174 163 |157 66 |15 151 161 98 |183 78 94 180 |46 49 190 |12 89 1 182 |112 55 77 4 |40 59 |61 167 76 197 |123 113 60 96 |9 125 82 |11 30 143 |187 142 146 |147 68 |101 84 |138 75 |93 42 |129 108 |36 51 32 105 3 |41 119 48 |67 176 26 |184 |21 148 |165 29 107 |39 14 103 140 |52 118 16 124 |83 154 137 |185 34 134 |43 115 |127 10 |109 121 193 |178 |136 |91 122 |19 |17 |13 
34398.8 471519
5 150 186 61 97 8 152 95 57 |35 56 195 156 194 58 200 196 181 177 110 106 92 120 |135 131 132 45 6 53 171 25 133 |70 37 170 166 20 24 164 |162 175 28 90 153 33 87 54 144 |192 27 88 18 50 22 86 44 188 64 169 |23 79 38 80 102 2 81 139 7 116 99 199 |69 85 158 160 128 72 104 |173 47 172 74 168 141 126 198 130 149 |189 179 63 65 155 159 117 62 ||19 115 |136 103 112 |125 163 93 |21 118 148 |94 190 182 41 191 |3 176 127 180 |46 48 52 124 |11 42 129 68 |30 4 185 146 145 107 |77 34 32 |137 154 36 |84 10 105 197 |108 183 71 134 143 |184 122 73 |31 167 55 16 |89 193 113 |178 13 |157 14 100 |98 111 151 |75 119 |39 187 |142 |91 29 |67 |147 161 |9 |60 |12 101 66 |165 96 |114 |43 78 174 |1 |51 76 |40 59 |140 26 83 82 |138 |17 123 |121 109 |15 49 
45196.2 447839

Time:1
Last Iter:1
Last Update:1
Tabu:0
Last Time1
17
37 170 60 160 89 128 1 41 23 27 155 189 179 110 177 195 8 |133 109 55 61 67 144 153 28 65 22 |87 64 99 164 66 131 135 101 96 91 18 141 173 62 |187 194 97 57 112 165 72 24 199 166 188 86 47 63 6 |150 196 156 185 90 92 93 168 46 122 102 2 35 158 |182 32 26 51 54 134 108 163 74 88 70 5 53 186 152 200 ||121 16 157 84 139 38 117 11 162 56 |44 169 137 79 123 113 132 45 13 25 197 149 198 159 |116 105 104 10 171 118 85 81 80 184 9 192 154 126 130 33 120 181 58 40 |106 39 127 100 30 19 183 161 175 172 119 138 50 114 29 7 20 69 95 ||174 71 36 73 |140 3 |147 |75 |21 |142 |4 136 143 15 176 |125 83 |111 98 34 107 |14 180 43 |76 148 |59 77 |151 |167 52 |49 129 |12 193 |31 145 190 |124 17 191 82 |48 94 |115 78 42 68 |103 146 |178 |
15629.2 1.25306e+06
93 141 172 73 130 28 42 56 200 167 8 132 69 24 |147 11 111 108 90 92 106 99 23 70 85 45 53 5 171 |96 29 81 80 20 84 57 173 65 175 63 |94 117 46 64 169 139 164 128 131 156 195 |163 198 78 179 98 129 188 166 160 158 6 186 152 133 25 |50 88 82 86 79 41 72 104 32 144 107 134 174 49 151 155 97 |194 110 77 185 4 13 150 193 37 116 199 44 22 192 74 126 |51 176 52 36 47 43 71 34 143 103 196 76 135 35 2 114 38 |33 190 87 54 120 153 145 100 189 115 18 27 83 137 7 89 170 121 165 16 55 181 177 58 |159 183 19 15 30 127 136 95 101 102 75 168 149 62 162 ||39 146 59 61 140 |26 10 148 |122 9 91 |154 119 |184 |105 1 125 |14 67 |40 |109 118 |31 |157 124 191 |68 180 |48 |161 |21 |138 |113 197 |142 187 |182 17 123 60 66 3 |112 12 |178 |
16046.2 1.2465e+06
175 189 34 134 153 198 18 27 133 132 85 186 196 156 |107 90 15 145 136 59 194 40 53 25 164 128 7 79 50 88 130 162 |76 99 116 20 182 13 110 178 179 173 74 158 |169 33 47 38 166 160 171 6 |150 5 12 135 148 170 199 120 149 11 43 161 57 181 102 |24 139 64 54 144 172 141 117 28 100 |155 65 63 159 174 36 46 22 188 23 81 35 45 8 97 177 200 ||56 106 142 112 109 55 10 32 89 37 70 118 80 86 |167 152 95 131 197 52 44 2 114 192 154 168 126 92 187 |14 4 61 157 58 195 124 104 66 72 1 191 87 190 62 93 69 ||17 105 26 3 16 176 51 |68 137 48 |67 31 |82 |21 121 |75 |84 |29 96 101 140 |98 42 143 |30 122 |78 94 163 |77 |147 71 115 183 111 |60 193 |138 9 |41 125 |151 49 19 129 |108 |73 119 |165 113 123 |180 127 39 103 146 |83 91 184 |185 |
16292.2 1.23517e+06
89 105 4 181 28 141 86 192 |178 103 179 175 168 23 102 33 120 95 8 |71 34 90 115 155 98 117 47 22 50 88 38 81 170 104 25 99 186 200 ||85 45 131 69 16 72 139 79 44 149 130 195 |147 49 46 119 27 190 144 116 7 164 128 37 158 5 |198 126 163 93 48 18 122 80 35 166 24 87 64 101 135 118 6 97 106 189 |162 63 15 62 183 11 172 74 169 54 57 152 150 31 110 156 |65 161 180 127 107 165 66 123 188 75 196 58 |151 78 153 92 136 167 53 132 12 160 84 29 2 82 |43 111 159 174 143 56 177 59 194 171 133 124 32 197 199 20 70 173 129 ||113 76 13 |40 |114 9 91 |137 |67 |36 184 |61 121 41 17 |51 109 55 157 |39 185 187 |21 |142 |100 145 77 182 |96 125 |154 |148 60 1 |3 94 |108 |191 52 140 112 10 |14 30 134 19 42 68 |73 83 138 |176 26 193 |146 |
16406.4 1.23461e+06
76 10 72 113 101 69 171 139 192 22 141 173 63 200 58 |29 116 133 8 181 194 90 189 43 172 38 158 |2 79 191 144 126 179 159 104 150 6 |162 155 28 33 99 23 114 74 57 177 110 |84 170 160 128 7 81 83 18 163 94 71 153 54 |182 17 66 89 37 80 86 169 62 180 95 186 178 |175 115 111 68 190 87 100 127 146 195 156 40 109 5 131 135 |44 137 52 32 24 118 25 121 132 45 53 59 185 56 49 42 11 198 117 168 65 |98 134 151 47 64 188 122 91 35 96 166 123 20 164 165 97 196 92 70 85 |106 152 199 41 102 75 27 50 88 119 149 15 34 130 120 ||157 21 26 |107 124 143 78 |93 |167 |183 108 |12 1 105 176 |4 39 103 67 |73 125 82 154 |9 184 |145 77 136 |193 |161 129 36 |51 3 112 55 13 61 |197 31 |174 |16 |138 |19 147 30 14 |140 60 |46 48 |148 |187 142 |
17817.3 1.22094e+06
101 193 13 44 45 152 128 137 125 148 123 24 |181 188 55 173 40 79 182 46 35 7 |172 130 |94 51 1 92 179 113 158 70 8 97 106 153 189 175 159 |14 4 100 103 185 187 98 117 120 25 116 166 81 168 |107 33 149 141 198 108 43 161 147 142 196 6 69 164 199 99 133 23 |37 28 135 85 53 150 109 3 26 72 87 64 91 65 162 156 |174 183 129 163 50 27 82 169 16 95 58 194 195 |61 139 167 31 177 110 143 90 34 71 49 155 11 126 47 74 119 22 192 144 171 |62 186 115 19 63 56 200 178 67 57 5 132 131 160 170 20 104 54 86 18 88 38 80 102 2 ||89 84 17 |29 9 |15 42 180 134 |41 60 |12 165 52 |75 122 |184 |68 111 127 |176 197 76 66 121 112 |30 136 146 |114 191 105 124 |10 59 145 |140 190 36 78 |39 |21 |73 154 83 |32 |96 118 |93 48 138 |151 77 |157 |
20780.3 1.2103e+06
97 |95 181 142 164 160 169 168 198 |180 170 90 92 54 188 20 104 135 22 56 63 154 172 47 117 65 |155 131 43 108 93 119 75 184 35 128 193 53 106 195 |99 116 44 38 192 18 74 126 130 175 |110 80 177 196 152 112 55 45 24 7 138 149 62 |58 64 200 136 4 107 120 144 140 133 8 186 167 73 141 50 102 |27 69 88 125 79 81 29 139 191 89 12 132 6 87 33 28 159 162 |11 5 94 153 15 189 103 187 178 57 16 150 66 72 166 37 70 148 23 2 |137 86 114 9 173 190 199 25 171 13 67 194 156 34 179 158 85 ||17 124 76 157 |127 49 |197 52 101 |161 147 71 |1 10 96 |111 163 46 |68 134 |82 91 48 |83 36 51 |165 121 |59 31 |146 185 14 145 100 |42 |176 3 41 |78 174 39 77 |113 60 21 |129 |182 105 84 |118 |32 26 109 61 |40 |123 122 |143 19 98 115 151 |30 183 |
20991 1.16658e+06
162 53 65 19 63 11 93 117 153 57 104 199 169 158 195 |35 196 84 69 8 133 144 116 188 86 192 184 173 130 181 194 110 |59 177 187 5 20 33 149 |23 80 64 54 82 22 48 119 189 56 106 152 131 |36 87 125 198 111 183 71 58 31 97 95 72 160 |12 175 135 85 6 3 26 41 139 81 102 2 27 18 88 155 |47 168 50 99 165 118 132 193 145 179 90 |39 166 146 200 156 61 13 186 16 171 25 10 164 24 52 92 62 94 |115 28 161 141 79 70 |137 45 44 38 114 7 128 170 37 150 29 180 120 172 74 126 159 ||21 101 76 |32 51 176 107 109 |182 1 66 113 121 |4 100 77 136 14 30 |151 112 |148 123 |42 15 34 |68 134 143 197 17 |163 154 108 |178 |9 75 83 |122 |140 124 105 190 191 |46 138 |91 73 |78 49 129 |40 |98 |96 60 89 |55 157 167 67 |103 142 185 |127 174 147 |43 |
21744.1 1.05463e+06
200 86 192 27 88 46 48 74 172 47 173 33 |70 158 85 131 5 171 133 |187 155 175 63 179 189 159 28 90 153 92 120 |169 64 44 188 37 170 166 20 24 199 |177 110 58 194 156 195 56 106 |150 53 6 45 135 160 128 164 |23 79 38 80 102 2 81 35 72 104 |181 196 186 97 152 95 57 8 25 |132 69 139 7 116 99 54 87 144 |162 65 22 50 18 168 141 126 198 130 117 62 149 ||76 10 113 101 |43 |191 |84 83 190 |180 134 73 52 |66 123 32 |94 115 |3 197 182 143 |42 49 174 107 |165 140 176 39 |71 151 161 11 |137 75 105 |154 1 |148 16 |89 114 29 |184 82 |163 108 119 |157 31 13 |142 |9 91 |121 55 17 |36 68 111 100 15 |125 109 26 |178 146 4 |145 77 136 127 34 |193 96 41 |40 59 |185 124 |98 78 183 |122 93 |21 118 12 |167 103 |67 |129 |51 112 61 |138 |19 147 30 14 |60 
32254.4 501705
8 186 196 181 58 200 177 110 106 |187 194 156 195 142 56 120 |85 133 131 132 45 6 53 5 150 97 152 95 57 |166 20 171 25 104 164 199 |135 70 37 170 35 2 102 79 144 |172 18 27 192 22 86 44 64 169 |50 38 80 81 139 23 188 54 87 |88 7 69 158 160 128 72 24 116 99 |74 168 141 126 198 47 173 130 117 62 149 33 |189 179 63 175 162 65 155 159 28 90 153 92 ||76 10 113 |29 |43 |114 |83 163 94 |17 66 89 |111 100 71 |137 52 32 |134 165 |9 122 |127 103 4 124 |73 48 151 78 |49 19 180 34 |157 3 140 107 190 |123 84 101 121 |21 |98 42 11 |185 59 |178 146 |91 |40 |60 191 182 |68 115 174 |77 |46 41 105 |109 96 |75 119 93 |15 26 1 176 |118 12 193 |143 183 108 |167 39 145 |67 136 |125 82 154 |184 |161 129 36 |51 112 55 13 61 |197 31 |16 |138 |147 30 14 |148 
33641.7 482027
35 6 85 158 160 128 72 104 164 |170 131 69 5 150 171 25 133 |135 70 37 166 7 20 24 116 199 99 54 87 |139 81 2 102 80 38 79 23 44 64 169 33 |172 141 168 74 88 18 27 50 22 86 188 144 |173 47 126 198 159 28 143 145 |196 181 56 106 90 153 92 120 |195 156 194 58 200 110 177 |192 189 179 147 63 175 162 65 155 43 130 117 62 149 |132 45 53 186 97 152 8 95 57 ||187 |136 39 4 100 15 |61 178 |197 151 19 30 |1 60 112 |82 17 10 66 |157 16 3 32 182 52 51 |105 26 109 193 76 |96 101 107 |174 98 78 |77 31 |68 46 138 83 |11 183 111 42 |122 114 75 |165 73 |48 119 |123 84 |167 |94 125 |40 |190 36 91 |89 |67 |124 13 59 |21 148 |142 |9 184 |71 163 93 154 |129 180 |185 146 14 176 140 |108 115 34 134 |113 121 12 |103 55 |118 41 191 |127 49 |161 |29 137 |
37154.5 479783
85 56 28 159 168 74 141 126 198 130 117 62 120 |106 150 53 6 45 5 171 25 133 124 |192 91 27 172 47 173 149 33 92 |88 18 50 22 86 44 64 169 54 87 |155 195 177 156 194 58 200 110 181 196 186 157 97 8 152 95 57 |38 80 102 2 81 79 23 188 144 |179 189 90 153 128 104 164 |160 70 158 135 132 131 69 72 |35 37 170 166 20 24 99 |63 162 175 65 139 7 116 199 ||119 |138 |174 127 |180 43 |61 13 |10 26 112 68 |96 3 51 |67 146 |197 113 84 123 |121 109 176 |39 187 |34 147 49 183 78 151 |142 |178 |21 193 12 |184 83 82 |111 |148 60 |114 41 52 105 |145 15 42 163 |137 29 |55 118 |134 71 |76 30 94 |19 98 161 11 |100 103 |73 48 93 |59 31 |9 75 125 190 |4 136 14 143 107 |40 140 |191 66 17 1 165 182 |77 16 32 |122 46 154 36 |108 |89 101 |185 |167 |129 115 
38472.3 478900
162 179 189 56 90 153 92 120 |85 166 70 135 6 45 25 7 20 24 116 99 199 |80 63 175 65 155 159 28 130 117 62 149 33 |173 47 198 126 141 168 74 172 86 188 144 |158 195 156 194 58 200 181 196 186 97 8 152 95 57 |139 81 35 170 37 113 160 128 72 104 164 |39 103 146 110 177 106 |150 53 5 132 131 69 171 133 |38 2 102 79 23 44 64 169 54 |192 27 88 18 50 22 87 ||15 145 |40 |12 148 |43 161 |46 |29 184 190 |98 183 115 107 |185 142 |121 76 10 17 123 1 26 |134 174 42 49 94 |119 11 71 |59 178 67 |36 48 73 |91 154 |127 100 112 |75 |118 |34 |82 83 41 165 |140 14 30 180 |55 |187 77 136 143 |182 105 13 |21 |109 32 89 197 51 |167 52 |114 124 3 |4 61 157 16 176 |66 191 68 |93 137 |31 |84 96 |101 |122 78 |163 |147 111 |60 193 |138 9 |125 |151 19 129 |108 |
39322.4 478666
27 50 18 88 198 47 173 149 33 |74 22 192 38 80 102 79 64 169 87 |155 65 162 175 63 179 189 90 153 92 |158 170 37 166 35 2 81 23 139 7 20 24 116 99 |131 132 45 6 53 150 5 171 104 25 133 |160 70 85 135 69 128 72 164 199 |168 172 86 44 188 54 144 |141 126 130 159 28 117 62 120 |56 195 156 181 97 152 8 95 57 |186 196 194 58 200 110 177 106 ||41 197 |12 113 96 |16 157 |122 125 48 |11 71 134 174 100 107 |52 68 108 94 |137 184 83 |119 30 180 |49 3 176 |67 178 4 |39 191 |60 84 89 76 66 10 |111 82 |21 118 193 1 26 |9 91 36 |31 143 145 |147 34 127 |129 161 19 78 |154 42 15 |185 187 103 140 |43 46 |29 55 112 |142 77 |101 165 |167 |115 163 |14 146 |93 |121 |40 |151 98 |59 |138 75 73 |109 13 |136 |51 32 105 |190 17 |114 |183 182 |124 123 61 |148 |
43639.3 467747
171 69 131 135 158 70 160 128 72 104 199 99 |25 132 6 45 53 5 150 8 133 |85 195 156 194 58 181 196 186 97 152 95 57 |102 80 79 139 7 20 116 24 164 |166 37 170 35 2 81 23 33 |38 192 27 50 88 18 22 86 44 188 54 |172 74 168 141 173 64 169 87 144 |149 47 126 198 130 117 62 90 92 |189 179 63 175 162 65 155 159 28 120 |56 200 110 177 106 153 ||127 |146 4 134 |76 118 |82 184 |75 51 176 |66 148 |42 161 143 14 |137 83 36 78 |73 163 19 |16 55 26 52 124 |125 9 91 |165 121 |48 138 |178 40 |123 84 101 3 140 |21 107 190 |31 136 |43 11 100 |142 187 |122 |98 |60 191 182 |68 115 174 |77 |46 41 105 |109 96 |39 147 94 |17 89 112 13 |67 197 |32 10 1 113 |12 193 |71 93 108 |157 15 30 |34 49 183 |154 119 |114 |59 61 |145 103 151 |29 |167 |129 111 |180 185 |
54579.6 466249
58 135 131 6 45 5 150 97 152 95 57 8 133 |85 181 196 186 53 132 69 72 104 164 |192 27 88 18 50 22 86 44 188 64 169 33 |38 130 117 62 90 153 92 |35 81 2 102 80 79 23 99 199 |172 74 168 141 126 198 47 173 149 |189 179 63 162 175 65 155 159 28 120 |25 171 158 160 128 20 24 116 144 |177 110 200 194 156 195 56 106 |70 37 170 166 139 7 54 87 ||123 |48 115 |154 46 163 108 68 |93 190 |122 125 176 |11 111 71 174 180 |91 184 |82 137 17 105 51 |1 52 140 4 30 |36 34 42 49 183 |119 75 83 |41 191 10 16 |148 21 |129 143 |136 185 77 59 |187 178 |40 |147 103 |31 167 |43 19 |9 |145 112 121 182 |12 |161 98 134 78 |55 157 61 |39 |96 101 |73 94 107 32 |146 142 14 |76 29 |138 |66 |114 197 26 124 |165 113 118 3 |100 127 151 |15 109 |193 84 60 |89 13 |67 |
55022.8 464920
85 135 131 69 128 104 24 99 |177 181 196 186 97 152 95 57 |35 81 2 102 80 79 23 139 7 116 144 |172 74 168 141 126 198 47 173 149 33 |189 63 155 159 130 117 62 |38 192 27 50 88 18 22 86 44 64 188 169 54 87 |8 160 158 70 37 170 166 20 72 164 199 |132 45 6 53 150 5 171 25 133 |56 195 156 194 58 200 110 106 |65 162 175 179 28 90 153 92 120 ||142 |43 108 93 |119 |13 3 10 191 |165 26 32 190 36 |174 143 136 77 |14 4 127 185 |137 114 17 140 |124 76 101 107 |49 82 |197 52 91 73 |161 147 71 34 |1 48 |111 163 154 46 |68 134 11 94 |9 29 |157 55 89 66 |12 16 112 |15 103 187 |178 67 |148 193 |167 180 |40 |96 125 |138 75 |184 |83 51 |121 |59 31 |146 145 100 |42 |176 41 |78 39 |113 60 21 |129 |182 105 84 |118 |109 61 |123 122 |19 98 115 151 |30 183 |
59971.1 463766

Time:1
Last Iter:1
Last Update:1
Tabu:0
Last Time1
8
99 199 182 87 133 25 8 31 67 200 194 37 27 168 |159 117 68 173 172 86 137 83 82 192 9 139 72 104 135 97 156 |18 22 80 166 84 85 132 95 196 92 144 |79 81 123 160 150 54 64 90 65 195 |41 32 105 140 57 4 110 178 6 35 47 175 |177 59 146 136 63 134 62 149 130 119 88 38 102 44 116 24 20 7 69 |142 181 157 171 66 128 164 52 169 23 114 138 48 74 126 198 189 |120 124 5 193 167 40 185 106 145 155 129 141 50 188 |77 103 56 174 179 11 163 51 17 89 170 113 70 2 45 53 152 |153 180 39 58 186 176 33 28 49 42 34 162 131 158 ||101 148 |111 93 46 |29 125 122 |71 43 161 |16 109 55 13 61 112 3 |30 100 143 76 |12 26 |14 15 94 |154 108 |191 1 165 107 |36 127 |147 115 151 78 190 |75 91 184 |60 118 |121 21 10 197 |73 183 19 |187 |98 |96 |
15516 1.25378e+06
101 45 150 109 25 133 152 13 181 56 120 86 79 18 |189 179 71 90 153 156 5 69 128 160 158 20 199 |89 135 3 164 116 169 64 149 173 168 27 155 63 162 110 8 |35 81 23 137 33 87 198 104 72 170 131 132 85 196 194 |126 141 172 22 122 80 188 140 186 70 117 130 28 159 65 |97 95 113 166 102 192 36 68 190 163 161 |77 146 58 61 112 21 12 37 84 24 139 54 47 125 50 |148 123 7 41 44 83 9 100 106 200 ||197 32 105 124 99 144 66 2 38 91 184 88 48 74 93 175 127 4 177 195 |62 115 129 46 138 73 92 107 26 76 171 53 6 57 187 ||42 151 94 34 |52 17 82 |185 142 |134 183 43 180 |14 59 67 |10 165 121 16 1 51 |178 40 |60 193 118 |30 15 49 98 |39 103 136 |191 96 114 |176 55 157 167 |78 119 |75 |31 |154 108 11 111 |182 143 174 |147 |145 19 |29 |
15542 1.23801e+06
105 72 128 66 69 21 113 150 97 177 56 179 189 117 168 27 80 102 139 64 |98 65 174 57 35 88 172 141 |132 101 7 24 99 87 33 149 173 18 192 |163 11 62 90 133 8 152 181 200 45 6 85 135 70 20 |126 154 36 68 190 54 144 120 15 63 58 195 95 53 37 2 |125 86 137 114 96 10 197 140 106 130 198 |44 188 79 82 138 199 32 5 148 110 28 |180 100 147 19 159 183 155 161 162 93 47 119 22 75 116 25 131 118 158 60 170 |42 111 175 129 74 48 50 38 169 164 104 160 157 186 61 194 153 92 |193 89 166 81 23 52 51 3 171 196 156 40 103 ||91 9 |14 145 143 134 71 151 |191 46 |108 94 49 |4 |123 84 121 165 26 |13 |83 184 |115 43 |39 146 142 |17 109 67 |107 34 78 73 182 |31 178 77 |176 124 16 12 |30 |55 76 29 |41 122 |127 136 59 |1 112 167 |187 185 |
15756.2 1.15483e+06
6 139 7 169 |161 108 37 85 132 150 133 58 156 |178 56 179 153 92 62 172 80 158 131 57 |195 119 75 184 35 160 69 104 87 33 120 173 130 110 97 95 |63 192 162 126 93 27 2 20 72 116 199 144 25 45 |22 79 109 8 196 181 185 106 |167 64 152 16 140 164 52 54 166 81 38 125 91 46 168 141 198 28 159 155 |24 175 17 41 191 188 73 48 114 170 66 53 194 65 |135 44 70 29 128 10 3 171 105 99 190 36 149 117 47 74 88 18 50 86 9 189 90 |23 102 122 82 68 51 26 89 5 55 186 67 200 177 ||12 121 123 197 |59 146 15 |76 118 148 |142 39 |61 157 13 |134 19 151 43 |84 96 |136 100 174 |83 138 163 |107 145 180 143 71 |112 21 |30 111 42 94 |154 11 115 78 |129 |176 14 4 49 183 |1 |40 |98 127 |31 |182 32 165 113 |103 77 |137 |193 101 60 124 |34 147 |187 |
20932.6 1.00914e+06
93 48 118 71 78 9 197 112 13 183 111 115 43 15 104 66 1 188 86 119 172 87 |58 194 142 56 136 14 |148 6 27 192 38 80 102 2 81 79 23 139 7 116 99 199 |162 85 45 171 5 132 131 69 121 135 89 96 166 123 20 24 164 |170 37 101 70 158 113 160 72 128 76 25 133 |195 35 22 50 18 88 168 74 141 73 44 64 169 54 144 |159 155 65 175 63 179 189 100 90 153 92 |97 167 196 177 110 106 |53 40 156 200 181 186 150 8 152 95 57 |28 62 117 130 198 126 47 173 149 33 120 ||29 |165 140 |42 |129 |26 60 109 |17 91 32 |174 39 |77 105 124 |41 84 |94 180 61 |31 55 157 |103 67 |154 46 137 |12 193 21 |75 |178 |127 19 |182 52 82 138 |16 |114 184 |134 34 108 163 |4 176 10 191 |11 125 83 |30 145 147 98 |122 151 |161 49 143 |190 36 68 |185 187 146 |3 59 107 51 
28952.5 623014
115 141 168 74 22 86 44 169 54 |63 70 35 2 102 80 23 99 144 |160 158 37 170 72 104 164 |162 177 195 156 194 58 200 181 196 97 152 95 57 |85 192 27 50 18 88 172 117 62 153 92 |56 186 131 135 128 20 7 24 116 199 |132 8 110 106 90 120 |69 166 139 81 79 188 64 87 |45 6 53 150 5 171 25 133 |38 179 189 175 65 155 159 28 130 198 126 47 173 149 33 ||51 118 |125 |111 |29 83 73 |122 184 137 |183 19 34 94 68 |185 142 107 |191 190 36 15 |82 105 26 1 32 197 |46 119 138 |176 30 180 39 59 |151 42 98 143 |16 121 12 55 |84 96 112 |40 178 |127 103 146 187 |109 167 |129 11 43 |66 71 |163 154 108 |4 145 134 136 |17 41 60 3 |61 31 67 |21 193 |147 182 140 |48 75 52 |148 10 76 165 |123 101 113 |9 91 |89 13 157 |78 93 49 |77 14 174 |114 |161 |124 100 
30346.8 480266
177 110 200 58 194 185 106 |28 159 163 198 130 117 62 120 |86 74 168 141 126 47 173 149 33 |22 50 18 88 172 54 144 |160 70 37 170 72 104 25 133 |35 195 156 181 196 186 97 8 95 57 |155 65 175 63 179 189 90 153 92 |56 171 158 135 131 69 128 20 166 139 7 116 99 |162 132 45 6 53 5 150 152 164 24 199 |85 27 192 38 2 81 102 80 79 23 188 44 64 169 87 ||19 |48 |31 67 13 16 |73 68 |193 148 |182 122 96 89 |109 61 59 |46 119 36 26 |176 115 183 180 |178 30 |161 107 105 |140 10 76 113 123 197 124 |165 52 190 137 |142 14 |11 154 93 94 |138 9 |184 75 82 |127 146 145 143 15 |12 118 3 |134 147 71 151 78 |129 42 111 |114 83 |136 187 |167 157 55 |60 84 21 |125 |17 112 4 |101 |91 |191 32 66 121 |103 |40 |108 |1 41 29 |43 49 34 174 100 |51 77 |98 |39 
36309.1 460136
88 18 50 22 44 64 169 54 |168 141 126 198 130 117 62 149 33 |156 155 65 162 175 63 179 189 159 28 90 153 92 |80 38 192 27 86 188 87 |5 53 6 45 132 131 69 171 25 133 |85 56 106 177 110 195 194 58 200 181 196 186 150 97 8 152 95 57 |164 104 170 37 70 160 128 72 24 199 |135 158 35 166 20 99 |23 2 102 81 139 7 116 144 |79 74 172 47 173 120 ||193 21 76 |136 |14 100 |147 68 |12 118 101 |112 167 51 |60 84 121 10 3 |9 |125 151 15 |180 30 185 145 |111 19 78 49 183 |129 11 |140 124 55 16 61 |103 59 67 |46 |77 39 |29 52 73 |127 |93 |148 |161 163 |184 |109 157 113 105 |89 190 41 17 182 |83 36 71 |114 165 197 32 |123 13 |107 176 94 4 |137 122 75 82 |31 146 |108 43 34 134 |187 174 |98 |66 191 |154 119 138 |91 48 |42 |26 1 96 |178 40 |143 115 |142 |
39764.7 456014

Time:0
Last Iter:1
Last Update:1
Tabu:0
Last Time0
9
147 63 134 183 11 38 81 116 171 5 53 131 186 |1 121 85 13 167 200 110 57 149 50 27 162 |168 42 49 86 188 80 144 69 150 95 181 |58 189 175 33 87 99 7 170 |55 132 135 60 148 66 20 199 120 92 23 155 196 |45 6 157 104 41 166 160 54 169 74 48 192 130 |172 64 68 62 94 151 159 15 90 179 98 185 67 97 152 8 164 128 70 |138 18 91 141 198 47 65 161 174 56 177 194 156 84 35 |96 139 102 122 22 46 126 28 153 127 39 142 195 40 178 133 72 158 |105 51 107 190 44 137 79 2 114 82 88 163 173 117 71 143 106 25 24 37 ||154 93 73 |191 89 10 |61 14 145 103 |34 19 111 |187 |43 129 |52 182 76 12 |4 136 115 |124 30 180 100 |83 119 26 |31 |59 77 146 197 |32 3 112 |29 9 |193 118 113 17 |140 123 |109 176 36 |78 108 |125 75 |184 |165 16 21 |101 |
15584.6 1.21267e+06
82 44 168 65 161 147 179 106 152 8 25 53 85 158 70 170 |120 182 199 17 1 66 118 150 13 181 |97 3 171 26 116 60 135 193 6 31 175 |191 41 24 96 37 12 5 90 156 79 80 38 2 |40 146 180 92 124 69 35 81 192 18 88 126 198 117 189 |165 133 109 16 61 110 200 174 28 62 141 162 54 99 20 139 169 |108 130 115 63 143 107 33 144 36 172 7 160 131 132 58 |83 102 188 64 50 75 9 154 159 4 136 194 178 195 196 95 164 72 |127 56 187 14 176 87 104 186 134 155 129 173 149 23 22 27 |128 113 123 166 45 148 57 177 153 47 74 86 184 ||103 39 145 34 |140 32 55 157 |59 67 105 |84 68 |93 |114 |73 125 122 |111 151 19 98 |76 121 29 |94 43 |138 |48 46 190 |71 183 |21 |185 142 77 |10 89 |167 |112 197 52 137 |30 100 15 78 49 42 |163 11 51 |101 |119 91 |
16562 1.19788e+06
126 141 18 27 80 2 166 24 170 37 193 53 57 |168 86 188 144 95 97 150 156 189 63 |138 22 88 48 79 116 87 120 173 25 152 5 45 131 181 58 56 |184 44 47 92 199 104 128 69 186 155 |142 200 4 147 175 108 74 50 75 64 20 85 |28 98 130 198 154 46 172 149 68 33 124 41 139 81 106 |62 11 174 143 30 145 127 13 16 171 121 132 70 38 |159 34 179 65 162 117 73 169 23 102 29 84 160 6 157 8 61 196 110 194 178 77 133 |93 43 153 54 99 164 10 72 158 35 125 192 195 |137 191 7 96 101 135 118 21 197 51 176 90 19 129 136 177 ||163 94 190 17 |112 76 55 |42 161 |1 148 |167 |151 111 49 71 15 100 180 107 |114 |185 52 |165 109 12 |89 122 82 |14 59 187 146 |78 115 183 |66 60 113 3 32 182 |83 91 9 |119 |103 |123 105 26 36 |39 134 |40 |67 31 140 |
17092.3 1.19638e+06
22 18 119 74 108 125 44 87 92 189 128 81 2 |110 181 57 104 72 35 45 33 149 47 50 90 56 |11 28 77 156 53 69 135 170 164 |37 70 121 131 199 144 106 |84 118 112 1 20 123 29 188 64 169 86 93 |136 146 185 142 103 61 8 109 150 6 193 160 25 23 79 192 168 173 117 |36 153 145 177 195 186 152 132 116 38 184 141 65 |161 155 162 180 30 14 54 139 60 148 171 196 |39 179 98 19 159 115 151 34 130 198 126 46 88 80 99 105 10 16 5 97 120 158 85 |63 175 78 62 94 172 27 75 83 102 96 166 7 41 24 66 89 133 95 67 58 194 200 ||147 |55 31 59 |101 17 |183 48 |9 |32 73 137 |4 134 43 |114 165 76 |111 42 154 |51 176 140 21 |12 |40 |163 49 71 182 |197 3 113 191 |82 91 68 |13 157 167 |178 |122 124 26 |100 174 |187 143 |190 52 138 |129 15 107 |127 |
18177.4 1.19396e+06
145 106 103 95 8 118 144 149 62 162 18 50 192 80 79 23 |32 1 104 97 58 179 175 86 38 81 35 |178 156 195 186 116 188 2 173 198 159 28 65 |12 126 69 165 99 20 89 45 53 200 110 117 184 |142 158 187 4 14 153 140 164 5 37 166 74 189 90 |39 34 43 11 168 88 138 75 91 169 33 |181 64 54 87 92 57 199 7 139 102 |6 154 141 172 44 122 105 25 171 127 63 155 130 |131 47 16 150 196 67 31 194 177 146 120 119 27 160 70 170 24 |128 56 72 41 191 22 111 161 129 100 180 30 77 152 133 135 85 132 ||51 182 10 101 |17 197 36 46 |21 121 123 |125 48 94 |163 93 |3 61 167 |40 |98 174 143 15 |113 84 96 29 |83 82 114 |26 112 193 |68 190 176 124 76 66 |13 134 |78 151 19 71 49 115 |60 148 |107 59 136 |52 137 |183 42 108 73 |55 157 109 |147 |185 |9 |
19242.5 1.04451e+06
192 27 169 54 144 |65 198 130 33 |158 37 170 7 116 87 |134 186 11 126 73 64 20 120 152 53 45 85 131 |156 179 40 13 55 8 21 160 72 35 80 117 |162 175 56 58 5 132 171 199 99 172 88 |113 189 135 121 133 124 110 159 141 50 86 44 38 102 81 139 |200 2 136 127 100 90 68 173 74 122 164 104 25 155 28 92 |184 194 47 9 114 79 23 188 182 24 10 128 69 6 150 97 196 195 62 149 18 166 70 |138 95 22 75 168 93 183 71 34 174 63 153 57 181 177 106 ||1 165 118 |178 31 14 |46 163 190 107 |84 32 140 |36 137 112 |67 59 103 145 |180 19 43 94 |89 96 101 |154 108 30 |193 148 |151 111 129 |77 142 176 |143 109 |41 123 |119 48 |29 |147 161 |98 42 15 |105 3 17 |167 61 76 |4 185 |16 60 |39 78 115 49 |51 91 82 125 83 |197 26 52 191 66 |157 12 |146 187 |
30247.8 902071
56 104 132 45 6 53 5 150 186 97 152 8 95 57 |32 52 7 72 128 66 25 164 |155 65 162 175 63 15 90 153 92 120 |122 81 139 166 123 20 24 199 |179 189 159 28 130 117 62 |35 196 195 156 194 58 200 181 177 110 106 |160 170 37 70 158 135 131 69 171 133 |2 102 80 79 23 116 99 |85 18 88 168 74 172 141 126 198 47 173 149 33 |86 22 50 27 192 38 188 44 64 169 87 54 144 ||140 75 |115 134 |48 |191 83 |143 31 |82 125 137 36 |59 145 180 |119 165 124 |21 12 121 3 190 |4 14 112 55 17 |78 42 174 151 |138 93 |67 187 103 |142 146 |96 60 29 |183 129 |114 |167 61 |40 |26 197 10 118 76 51 |19 68 73 107 |16 113 84 89 1 |193 148 |91 184 |111 161 176 |109 100 39 |11 43 98 |13 101 |71 49 127 30 |136 34 94 |157 41 |163 108 46 |178 |154 |9 |147 |105 182 |185 77 
30653.1 465806
162 155 117 62 120 |196 186 53 6 45 5 25 133 |35 195 156 194 58 200 181 110 177 106 |56 65 172 141 126 198 130 47 173 149 33 87 |168 74 88 18 27 50 22 86 44 64 169 54 |135 85 158 70 37 170 160 104 164 |188 79 23 166 20 171 8 97 95 57 |152 150 132 131 69 128 72 24 99 199 |189 179 63 175 159 28 90 153 92 |192 38 80 2 102 81 139 7 116 144 ||193 |55 61 140 |96 |21 |178 |89 |114 125 |98 115 30 |122 41 66 124 105 197 |190 182 1 123 76 165 |184 82 137 |145 151 147 71 |127 136 187 77 |49 43 108 |157 167 67 |10 3 107 94 |75 17 52 |15 185 |13 60 |111 183 34 |91 119 48 |31 16 |142 |148 |40 |154 |9 73 |103 |29 |46 |129 161 68 |93 |4 14 180 143 |36 78 11 163 |121 118 109 112 26 51 |176 100 39 134 |84 |12 113 32 |146 59 |174 19 42 |138 83 191 |101 |
61300.4 463122
97 186 150 131 128 72 104 164 |79 38 80 102 2 81 139 7 54 87 |6 85 158 70 24 99 199 |179 172 168 74 88 18 192 27 50 22 86 44 64 169 33 |37 170 160 135 69 171 25 133 |188 23 35 166 20 116 144 |132 45 53 5 8 152 95 57 |56 196 156 195 194 58 200 181 110 177 106 |189 63 130 198 126 141 47 173 117 62 149 120 |175 162 65 155 159 28 90 153 92 ||178 |140 3 |15 |1 165 113 21 |151 34 174 103 |36 145 61 |161 180 30 14 |122 96 |12 32 197 124 26 51 |31 185 176 |59 187 39 |41 13 76 105 |111 42 147 |94 108 4 |73 137 125 83 82 182 |142 136 77 |49 163 154 46 |91 29 |121 89 16 109 |114 66 |48 |19 98 |60 148 |184 |129 |193 |43 11 115 143 |93 119 |75 |78 127 |101 84 118 |112 55 |146 190 |17 10 123 |40 |167 67 157 |52 191 |100 134 183 |138 9 |107 68 71 |
65173.2 459449

Time:0
Last Iter:1
Last Update:1
Tabu:0
Last Time0
9
147 63 134 183 11 38 81 116 171 5 53 131 186 |1 121 85 13 167 200 110 57 149 50 27 162 |168 42 49 86 188 80 144 69 150 95 181 |58 189 175 33 87 99 7 170 |55 132 135 60 148 66 20 199 120 92 23 155 196 |45 6 157 104 41 166 160 54 169 74 48 192 130 |172 64 68 62 94 151 159 15 90 179 98 185 67 97 152 8 164 128 70 |138 18 91 141 198 47 65 161 174 56 177 194 156 84 35 |96 139 102 122 22 46 126 28 153 127 39 142 195 40 178 133 72 158 |105 51 107 190 44 137 79 2 114 82 88 163 173 117 71 143 106 25 24 37 ||154 93 73 |191 89 10 |61 14 145 103 |34 19 111 |187 |43 129 |52 182 76 12 |4 136 115 |124 30 180 100 |83 119 26 |31 |59 77 146 197 |32 3 112 |29 9 |193 118 113 17 |140 123 |109 176 36 |78 108 |125 75 |184 |165 16 21 |101 |
15584.6 1.21267e+06
82 44 168 65 161 147 179 106 152 8 25 53 85 158 70 170 |120 182 199 17 1 66 118 150 13 181 |97 3 171 26 116 60 135 193 6 31 175 |191 41 24 96 37 12 5 90 156 79 80 38 2 |40 146 180 92 124 69 35 81 192 18 88 126 198 117 189 |165 133 109 16 61 110 200 174 28 62 141 162 54 99 20 139 169 |108 130 115 63 143 107 33 144 36 172 7 160 131 132 58 |83 102 188 64 50 75 9 154 159 4 136 194 178 195 196 95 164 72 |127 56 187 14 176 87 104 186 134 155 129 173 149 23 22 27 |128 113 123 166 45 148 57 177 153 47 74 86 184 ||103 39 145 34 |140 32 55 157 |59 67 105 |84 68 |93 |114 |73 125 122 |111 151 19 98 |76 121 29 |94 43 |138 |48 46 190 |71 183 |21 |185 142 77 |10 89 |167 |112 197 52 137 |30 100 15 78 49 42 |163 11 51 |101 |119 91 |
16562 1.19788e+06
126 141 18 27 80 2 166 24 170 37 193 53 57 |168 86 188 144 95 97 150 156 189 63 |138 22 88 48 79 116 87 120 173 25 152 5 45 131 181 58 56 |184 44 47 92 199 104 128 69 186 155 |142 200 4 147 175 108 74 50 75 64 20 85 |28 98 130 198 154 46 172 149 68 33 124 41 139 81 106 |62 11 174 143 30 145 127 13 16 171 121 132 70 38 |159 34 179 65 162 117 73 169 23 102 29 84 160 6 157 8 61 196 110 194 178 77 133 |93 43 153 54 99 164 10 72 158 35 125 192 195 |137 191 7 96 101 135 118 21 197 51 176 90 19 129 136 177 ||163 94 190 17 |112 76 55 |42 161 |1 148 |167 |151 111 49 71 15 100 180 107 |114 |185 52 |165 109 12 |89 122 82 |14 59 187 146 |78 115 183 |66 60 113 3 32 182 |83 91 9 |119 |103 |123 105 26 36 |39 134 |40 |67 31 140 |
17092.3 1.19638e+06
22 18 119 74 108 125 44 87 92 189 128 81 2 |110 181 57 104 72 35 45 33 149 47 50 90 56 |11 28 77 156 53 69 135 170 164 |37 70 121 131 199 144 106 |84 118 112 1 20 123 29 188 64 169 86 93 |136 146 185 142 103 61 8 109 150 6 193 160 25 23 79 192 168 173 117 |36 153 145 177 195 186 152 132 116 38 184 141 65 |161 155 162 180 30 14 54 139 60 148 171 196 |39 179 98 19 159 115 151 34 130 198 126 46 88 80 99 105 10 16 5 97 120 158 85 |63 175 78 62 94 172 27 75 83 102 96 166 7 41 24 66 89 133 95 67 58 194 200 ||147 |55 31 59 |101 17 |183 48 |9 |32 73 137 |4 134 43 |114 165 76 |111 42 154 |51 176 140 21 |12 |40 |163 49 71 182 |197 3 113 191 |82 91 68 |13 157 167 |178 |122 124 26 |100 174 |187 143 |190 52 138 |129 15 107 |127 |
18177.4 1.19396e+06
145 106 103 95 8 118 144 149 62 162 18 50 192 80 79 23 |32 1 104 97 58 179 175 86 38 81 35 |178 156 195 186 116 188 2 173 198 159 28 65 |12 126 69 165 99 20 89 45 53 200 110 117 184 |142 158 187 4 14 153 140 164 5 37 166 74 189 90 |39 34 43 11 168 88 138 75 91 169 33 |181 64 54 87 92 57 199 7 139 102 |6 154 141 172 44 122 105 25 171 127 63 155 130 |131 47 16 150 196 67 31 194 177 146 120 119 27 160 70 170 24 |128 56 72 41 191 22 111 161 129 100 180 30 77 152 133 135 85 132 ||51 182 10 101 |17 197 36 46 |21 121 123 |125 48 94 |163 93 |3 61 167 |40 |98 174 143 15 |113 84 96 29 |83 82 114 |26 112 193 |68 190 176 124 76 66 |13 134 |78 151 19 71 49 115 |60 148 |107 59 136 |52 137 |183 42 108 73 |55 157 109 |147 |185 |9 |
19242.5 1.04451e+06
192 27 169 54 144 |65 198 130 33 |158 37 170 7 116 87 |134 186 11 126 73 64 20 120 152 53 45 85 131 |156 179 40 13 55 8 21 160 72 35 80 117 |162 175 56 58 5 132 171 199 99 172 88 |113 189 135 121 133 124 110 159 141 50 86 44 38 102 81 139 |200 2 136 127 100 90 68 173 74 122 164 104 25 155 28 92 |184 194 47 9 114 79 23 188 182 24 10 128 69 6 150 97 196 195 62 149 18 166 70 |138 95 22 75 168 93 183 71 34 174 63 153 57 181 177 106 ||1 165 118 |178 31 14 |46 163 190 107 |84 32 140 |36 137 112 |67 59 103 145 |180 19 43 94 |89 96 101 |154 108 30 |193 148 |151 111 129 |77 142 176 |143 109 |41 123 |119 48 |29 |147 161 |98 42 15 |105 3 17 |167 61 76 |4 185 |16 60 |39 78 115 49 |51 91 82 125 83 |197 26 52 191 66 |157 12 |146 187 |
30247.8 902071
56 104 132 45 6 53 5 150 186 97 152 8 95 57 |32 52 7 72 128 66 25 164 |155 65 162 175 63 15 90 153 92 120 |122 81 139 166 123 20 24 199 |179 189 159 28 130 117 62 |35 196 195 156 194 58 200 181 177 110 106 |160 170 37 70 158 135 131 69 171 133 |2 102 80 79 23 116 99 |85 18 88 168 74 172 141 126 198 47 173 149 33 |86 22 50 27 192 38 188 44 64 169 87 54 144 ||140 75 |115 134 |48 |191 83 |143 31 |82 125 137 36 |59 145 180 |119 165 124 |21 12 121 3 190 |4 14 112 55 17 |78 42 174 151 |138 93 |67 187 103 |142 146 |96 60 29 |183 129 |114 |167 61 |40 |26 197 10 118 76 51 |19 68 73 107 |16 113 84 89 1 |193 148 |91 184 |111 161 176 |109 100 39 |11 43 98 |13 101 |71 49 127 30 |136 34 94 |157 41 |163 108 46 |178 |154 |9 |147 |105 182 |185 77 
30653.1 465806
162 155 117 62 120 |196 186 53 6 45 5 25 133 |35 195 156 194 58 200 181 110 177 106 |56 65 172 141 126 198 130 47 173 149 33 87 |168 74 88 18 27 50 22 86 44 64 169 54 |135 85 158 70 37 170 160 104 164 |188 79 23 166 20 171 8 97 95 57 |152 150 132 131 69 128 72 24 99 199 |189 179 63 175 159 28 90 153 92 |192 38 80 2 102 81 139 7 116 144 ||193 |55 61 140 |96 |21 |178 |89 |114 125 |98 115 30 |122 41 66 124 105 197 |190 182 1 123 76 165 |184 82 137 |145 151 147 71 |127 136 187 77 |49 43 108 |157 167 67 |10 3 107 94 |75 17 52 |15 185 |13 60 |111 183 34 |91 119 48 |31 16 |142 |148 |40 |154 |9 73 |103 |29 |46 |129 161 68 |93 |4 14 180 143 |36 78 11 163 |121 118 109 112 26 51 |176 100 39 134 |84 |12 113 32 |146 59 |174 19 42 |138 83 191 |101 |
61300.4 463122
97 186 150 131 128 72 104 164 |79 38 80 102 2 81 139 7 54 87 |6 85 158 70 24 99 199 |179 172 168 74 88 18 192 27 50 22 86 44 64 169 33 |37 170 160 135 69 171 25 133 |188 23 35 166 20 116 144 |132 45 53 5 8 152 95 57 |56 196 156 195 194 58 200 181 110 177 106 |189 63 130 198 126 141 47 173 117 62 149 120 |175 162 65 155 159 28 90 153 92 ||178 |140 3 |15 |1 165 113 21 |151 34 174 103 |36 145 61 |161 180 30 14 |122 96 |12 32 197 124 26 51 |31 185 176 |59 187 39 |41 13 76 105 |111 42 147 |94 108 4 |73 137 125 83 82 182 |142 136 77 |49 163 154 46 |91 29 |121 89 16 109 |114 66 |48 |19 98 |60 148 |184 |129 |193 |43 11 115 143 |93 119 |75 |78 127 |101 84 118 |112 55 |146 190 |17 10 123 |40 |167 67 157 |52 191 |100 134 183 |138 9 |107 68 71 |
65173.2 459449

Time:1
Last Iter:1
Last Update:1
Tabu:0
Last Time1
11
131 135 193 7 99 188 80 22 57 95 56 |65 180 106 146 200 31 67 97 53 12 101 128 164 144 87 74 18 |104 24 1 20 140 177 196 62 117 168 192 |8 61 181 136 39 129 126 37 69 6 |66 171 45 148 70 166 139 79 172 198 90 195 |185 153 190 124 133 3 5 21 85 113 170 38 159 |11 155 175 63 189 174 28 141 46 88 27 91 122 102 114 96 160 72 156 |119 50 108 151 179 127 162 116 186 |9 2 44 33 149 130 15 143 100 145 14 92 25 150 132 58 |167 157 13 152 110 194 34 183 42 43 163 93 47 173 86 64 169 23 81 35 158 199 54 120 ||115 71 105 |137 184 |142 51 |10 16 89 |40 |55 112 26 32 107 |30 4 103 187 |125 82 138 75 |48 |84 |118 109 176 |73 78 19 94 68 |111 98 |154 36 182 |121 123 |134 49 161 147 |197 17 52 165 60 |83 29 191 41 |76 59 77 |178 |
15538.7 1.19002e+06
156 40 55 171 160 193 118 87 2 192 |93 46 88 50 122 79 139 170 37 69 196 110 56 153 33 149 |63 175 161 28 126 172 99 95 131 135 |145 106 187 67 152 133 164 72 121 12 70 38 144 130 |26 24 66 45 31 14 176 64 44 81 125 22 168 159 189 179 |71 62 92 112 97 186 53 148 20 1 188 80 155 162 181 |111 65 94 117 47 141 73 86 35 60 85 132 76 128 177 58 194 |115 49 134 120 54 182 199 116 41 3 57 101 114 18 74 |167 8 109 150 25 104 17 7 166 123 96 23 27 48 119 198 43 42 |195 178 200 157 5 6 21 158 10 102 169 36 173 90 ||136 39 59 |32 197 105 52 83 82 |15 34 11 |75 91 184 |163 154 |51 13 180 |127 147 19 |108 |129 143 |124 100 103 146 |30 107 174 |61 77 |165 16 113 89 |142 |9 |4 185 140 190 |68 78 183 137 |191 29 84 |151 138 |98 |
16917 1.18418e+06
24 17 52 105 33 173 130 18 102 2 35 170 70 148 |172 163 117 120 63 81 135 |69 104 164 25 166 87 162 |119 188 139 124 171 12 118 6 186 196 194 195 56 106 153 |132 16 152 133 51 54 73 46 22 27 86 79 20 160 |38 122 44 50 91 37 131 45 5 92 177 58 |146 59 67 8 3 121 21 193 158 84 116 99 144 88 108 65 189 |80 192 74 154 126 47 28 90 147 161 26 57 95 200 178 156 85 |125 64 23 9 138 168 141 198 62 149 159 42 129 179 40 97 150 72 |110 181 39 127 19 155 175 93 169 199 7 29 101 128 53 ||111 183 34 |66 123 60 |83 |136 142 |167 55 |184 |180 14 103 176 182 |191 41 96 89 113 |4 30 71 115 |114 76 |109 31 |151 68 190 145 |77 185 143 |112 32 197 1 |100 134 43 11 |75 |48 82 137 36 |107 140 94 78 49 |15 174 98 |187 61 |165 10 13 157 |
17512.9 1.15075e+06
95 8 166 72 |40 53 131 25 172 173 33 |156 120 99 164 20 29 102 122 38 79 137 64 27 198 155 65 162 195 132 |84 37 35 125 88 87 171 159 63 179 153 |58 30 147 126 141 22 86 2 7 24 170 |73 82 188 139 96 160 70 12 150 104 116 194 56 175 |6 189 45 21 121 16 112 152 196 67 177 136 28 161 74 50 80 44 169 144 |78 130 47 154 168 15 39 181 178 69 158 85 23 54 |192 75 48 43 149 51 52 133 109 135 113 193 200 ||18 90 92 145 106 110 61 97 57 186 5 128 89 199 32 124 81 117 62 ||41 165 |146 187 26 |182 123 114 |36 68 94 111 71 |98 174 180 |103 142 |167 |46 138 |197 1 10 157 |77 19 |9 |148 |115 127 |93 163 11 |105 3 76 66 |143 34 49 183 42 151 107 |83 91 184 |60 101 118 |119 |17 55 13 59 |100 4 191 190 |14 176 134 140 |185 31 |108 |129 |
19520.6 1.08265e+06
168 198 11 130 173 117 |56 146 156 6 160 35 44 54 18 33 |71 155 175 162 141 50 80 24 199 25 8 152 110 |148 170 29 99 133 181 194 28 65 149 64 88 |19 166 151 47 83 91 188 139 72 128 164 37 70 53 150 57 106 58 195 |92 120 144 165 12 85 196 142 136 119 145 90 183 126 172 27 38 |63 186 179 189 115 74 125 197 69 131 45 5 171 |102 159 79 23 169 86 22 93 129 98 103 77 140 87 116 20 104 |109 97 95 167 10 135 7 2 81 51 |89 66 1 105 132 21 158 192 62 49 42 153 177 200 ||60 84 176 |121 96 26 124 |114 122 76 |178 187 4 |55 113 16 |9 |15 185 100 180 |118 |39 |94 43 161 |17 41 191 |193 |68 73 82 46 |34 108 |184 |31 14 |190 182 32 112 30 |78 137 |48 138 75 |143 61 |40 |154 |163 111 174 107 |52 123 101 3 |127 13 |157 134 |36 147 |59 67 |
23537.5 1.03218e+06
47 149 152 199 |194 58 110 92 120 |193 7 99 188 80 22 57 95 56 |65 131 180 106 146 200 31 67 97 53 12 101 128 164 144 87 74 18 33 |104 24 1 20 140 177 196 62 117 168 192 86 44 64 169 54 |8 61 181 136 39 129 126 37 158 69 6 132 25 |66 171 45 148 70 166 139 79 172 198 90 195 |185 23 153 190 124 133 3 5 21 85 113 170 35 81 2 38 173 130 159 |11 135 155 175 63 189 174 28 141 46 88 27 91 122 102 114 96 160 72 156 |119 50 108 151 179 127 162 116 150 186 ||9 |167 157 13 14 |115 71 105 |137 184 |142 51 |10 16 89 |40 |34 183 42 43 163 |93 15 143 100 145 |55 112 26 32 107 |30 4 103 187 |125 82 138 75 |48 |84 |118 109 176 |73 78 19 94 68 |111 98 |154 36 182 |121 123 |134 49 161 147 |197 17 52 165 60 |83 29 191 41 |178 77 |59 76 |
24378.5 974731
38 80 79 23 116 24 128 72 104 164 199 99 |172 74 168 198 130 117 33 |6 2 102 88 18 50 22 27 75 192 82 86 44 169 54 144 |159 28 100 145 106 107 |70 155 65 175 63 179 189 15 90 153 92 |85 56 187 194 58 200 110 177 181 31 196 61 152 95 57 |162 81 25 171 69 131 132 45 53 5 150 157 186 97 8 133 |135 158 113 160 37 170 166 20 7 139 188 64 87 |43 126 141 47 173 149 |35 156 195 185 103 62 120 ||17 |163 |119 124 |46 |12 118 |146 |154 26 |77 59 112 3 |73 36 190 105 41 |137 122 66 |71 115 161 78 |109 21 191 |14 34 49 183 |16 60 96 |148 89 |178 40 |48 108 |121 193 84 |76 10 140 4 |94 11 134 |147 |13 52 |143 174 |125 83 9 |98 129 |51 67 |114 184 91 |1 165 |138 93 68 |42 39 180 30 |127 19 111 151 |29 101 123 176 |136 142 |167 55 182 32 197 
27568.2 496956
158 38 45 6 53 132 131 69 135 166 20 7 116 199 54 87 |181 58 200 110 95 57 |139 23 79 172 141 126 198 47 173 117 62 120 |196 186 150 5 171 104 164 |177 97 152 8 25 133 |80 102 2 81 35 170 37 160 128 72 24 |56 195 156 194 106 |70 162 65 63 179 189 90 153 92 |175 155 159 28 130 149 33 |85 168 74 88 192 27 50 18 22 86 44 169 64 188 99 144 ||122 |125 |183 34 15 |103 157 112 |136 185 59 |178 187 |176 197 182 17 76 |123 89 101 121 3 |43 111 19 180 30 |32 165 191 1 52 |142 77 39 |94 91 82 |96 60 84 |184 138 |16 55 13 31 |108 71 100 |146 151 |118 21 193 |48 |12 |98 |134 127 4 |29 119 190 |174 147 |137 46 |9 |154 41 124 51 |143 42 36 68 |113 26 105 10 66 |129 11 115 78 |61 67 145 |148 109 |40 14 |73 93 |107 |167 |75 |163 |49 161 |140 83 |114 |
34835.4 477995
56 86 50 27 192 38 80 2 102 81 139 191 41 116 99 |195 156 58 200 59 106 |178 194 177 57 |181 110 196 186 97 152 95 8 |69 131 132 6 45 53 5 171 25 144 54 87 |85 22 18 88 172 74 168 141 126 198 47 173 149 33 |169 44 64 188 79 23 7 166 20 24 133 |35 150 170 37 70 158 135 160 128 72 104 164 199 |162 65 155 130 117 62 120 |189 179 63 175 159 28 90 153 92 ||193 |146 31 67 |83 91 |165 12 101 |115 125 |93 140 197 |109 167 51 |89 66 1 105 10 |60 84 176 |119 154 124 26 |121 96 76 |122 9 |61 39 190 |148 3 |40 14 |113 157 13 |11 174 151 |46 108 43 |114 137 |127 143 100 34 71 15 |163 49 42 183 |184 |16 118 21 |185 103 77 136 180 145 |129 98 |142 |55 112 32 107 |30 4 187 |82 138 75 |48 |73 78 19 94 68 |111 |36 182 |123 |134 161 147 |17 52 |29 
43653.6 466551
181 196 186 97 152 95 57 133 |18 50 22 82 86 44 64 188 169 144 |88 56 195 156 194 58 200 110 177 106 92 120 |130 198 126 141 168 74 172 47 173 149 |85 189 179 63 175 162 65 155 159 28 117 62 33 |25 171 5 132 6 45 53 150 8 |81 35 37 170 166 20 7 116 99 |90 153 24 128 164 199 |27 192 38 80 2 102 79 23 139 54 87 |160 70 158 135 131 69 72 104 ||114 |89 123 122 137 |154 |1 165 21 |32 96 84 |125 41 |142 51 |36 111 71 134 |11 190 197 26 17 |100 187 59 |68 115 127 |52 10 157 107 |9 191 105 |30 4 136 176 124 |167 66 |101 29 |48 151 |145 39 185 77 |49 108 183 |174 3 |109 16 60 113 |40 178 |55 61 67 |138 |148 121 |129 |118 12 13 |19 94 |140 182 76 112 |147 |31 |15 143 43 |93 91 |193 |180 |46 |34 |73 75 |119 163 78 |14 103 146 |83 184 |98 161 42 
43781.7 466540
189 179 63 175 65 155 159 28 90 153 92 |74 168 126 130 117 62 120 |172 141 198 47 173 149 87 54 |70 158 135 160 128 72 24 99 199 144 |20 166 170 37 131 69 132 5 171 104 |85 6 45 53 150 95 57 |181 196 186 97 152 8 25 133 |162 56 195 156 194 58 200 110 177 106 |23 79 81 102 2 35 139 7 116 164 |80 38 192 27 88 18 50 22 86 44 188 64 169 33 ||148 |51 112 |142 |46 191 41 |89 121 124 197 |157 109 113 |55 12 3 26 |4 94 1 |167 76 32 182 |14 105 165 17 |178 40 |16 60 123 |42 129 183 68 36 |180 111 163 73 |114 83 122 |118 21 193 |29 91 |11 115 78 |13 |125 82 138 75 |119 |184 |103 77 136 61 |134 174 71 49 |161 151 34 |39 146 31 |100 59 |84 101 66 10 140 |19 93 154 190 |48 137 |147 98 |9 |43 108 107 |176 52 96 |30 145 143 15 |185 187 127 |67 |
45192 443353

Time:1
Last Iter:1
Last Update:1
Tabu:0
Last Time1
10
116 52 23 72 5 53 186 57 62 117 155 88 |147 159 173 137 122 99 199 164 104 171 69 177 110 |90 107 190 73 47 198 141 50 9 114 2 35 20 25 152 200 58 |128 89 170 160 135 41 79 102 44 54 92 149 63 8 |80 123 1 21 45 97 196 181 172 74 168 |133 150 158 37 166 7 191 139 91 126 120 103 195 156 |157 16 131 12 118 85 24 17 182 144 87 33 188 81 38 184 27 43 28 |93 46 48 75 125 29 113 32 109 13 95 67 56 175 130 |192 18 83 169 105 6 106 136 185 153 179 65 162 |70 193 148 132 194 178 189 115 94 64 86 82 22 ||59 100 |151 183 68 145 |138 |98 |187 31 |124 197 140 176 30 34 71 |3 10 101 |77 146 39 174 |36 78 111 11 |142 |112 55 61 165 |127 |96 60 |167 |134 19 42 163 |129 |66 76 121 84 51 |26 4 |119 154 108 |14 180 143 15 49 |40 |161 |
15457.3 1.16042e+06
155 199 |114 179 122 102 96 37 69 171 85 186 196 58 62 126 74 |19 79 28 115 130 117 93 168 119 64 144 99 72 195 175 |138 131 50 27 88 9 35 170 7 54 65 95 152 97 53 45 132 135 128 |190 36 149 173 47 |57 192 181 110 200 194 156 87 188 38 2 70 160 21 25 176 52 22 172 159 162 187 |6 5 16 118 133 32 169 86 81 139 106 |44 23 116 164 166 89 13 157 177 92 18 |71 158 151 183 11 108 198 141 154 33 140 112 150 193 185 |40 63 178 31 61 8 10 104 24 20 101 80 182 120 153 39 136 56 189 90 ||129 |14 30 165 |48 75 82 83 |167 4 |41 29 137 |94 49 134 |163 123 |184 |60 12 |26 1 113 84 |127 |142 |42 46 |55 109 124 105 197 17 51 107 |78 147 98 15 |103 |161 100 |3 76 66 121 |59 77 |148 |143 68 73 |125 91 191 |145 180 174 34 111 |43 |146 67 |
23385.7 1.14983e+06
27 195 119 132 42 106 95 60 179 45 72 63 65 155 159 |70 30 57 44 86 192 102 54 33 23 104 128 35 200 58 194 56 |156 126 74 18 120 97 150 198 108 93 |92 88 80 2 81 188 |90 141 175 |20 149 25 185 163 189 131 85 135 160 7 116 99 164 |6 53 199 181 59 110 |123 170 38 50 64 89 107 24 46 77 136 187 196 3 165 1 87 169 9 154 168 173 117 130 162 |147 37 19 28 183 15 153 176 51 32 139 125 101 69 5 8 152 177 |118 62 21 158 148 171 76 133 109 186 14 144 191 166 79 22 172 47 ||29 96 17 52 105 |178 31 |113 10 140 190 |180 13 157 55 |197 83 122 68 36 |34 43 11 151 71 78 |143 129 |138 48 |12 66 |111 103 |184 |124 137 |161 |167 67 26 |73 84 |146 174 |82 |127 39 145 100 134 |61 4 |114 |40 |142 |115 |121 |16 182 |91 |41 |112 49 |98 |94 75 |193 |
29577 1.12314e+06
153 62 11 118 1 60 52 77 68 3 71 127 103 122 114 39 43 158 193 135 |162 139 192 27 22 50 18 88 74 172 173 47 141 126 198 130 117 149 |96 2 102 80 38 125 86 137 44 188 144 |168 85 70 37 35 81 23 79 64 169 54 87 |24 166 170 89 160 128 66 25 133 |97 186 5 171 72 20 7 116 199 |152 8 150 53 45 132 131 69 104 164 99 |155 65 175 63 179 189 90 33 |98 6 196 156 195 194 58 200 181 110 177 95 57 |28 159 19 56 106 92 120 ||161 |82 |30 147 |49 93 |190 197 191 |129 108 |78 115 183 111 134 140 |10 26 124 105 41 |145 151 154 |157 121 21 |187 178 |40 |148 12 |143 34 61 |167 13 |138 119 48 |4 146 55 |32 123 16 112 182 |73 94 163 46 |42 |84 83 |184 9 51 |176 17 109 |100 |142 59 14 |15 31 |29 75 |91 36 107 |113 |67 185 |165 76 101 |136 180 174 
29960.8 710445
143 108 198 126 141 47 173 94 117 62 |21 132 160 72 20 7 24 116 17 99 199 144 |35 56 106 110 200 58 194 195 156 178 31 196 152 95 57 |168 85 6 45 53 131 69 76 25 133 |177 74 46 88 192 27 138 18 50 22 172 33 |189 179 147 63 98 175 19 49 159 28 71 90 153 92 |155 65 162 129 11 130 149 120 |8 97 13 186 55 150 5 171 3 124 |170 37 148 158 135 121 128 104 164 |70 181 166 139 23 81 102 2 114 122 38 80 79 83 86 137 44 188 64 169 54 87 ||68 |43 |174 100 77 |118 61 |91 36 182 |60 89 123 1 165 |119 15 |84 193 |4 180 161 183 |140 167 67 176 |12 |73 103 |142 187 59 |112 127 |115 78 30 145 |29 75 |163 93 154 |136 146 185 39 |111 |151 42 34 134 190 197 |32 125 48 |51 105 52 41 66 107 |9 184 |113 101 |26 10 109 16 157 |191 96 82 |40 14 
30230 510826
195 85 6 53 45 132 104 25 |189 179 56 177 106 |18 35 27 22 50 88 74 168 141 172 164 144 |78 42 159 28 90 30 153 92 120 |128 160 135 131 69 171 112 133 |192 186 196 67 181 194 58 200 110 |156 63 175 162 129 65 155 130 198 126 47 173 117 62 149 33 |72 5 150 97 8 152 95 57 |158 70 37 170 166 139 7 20 24 116 99 199 |81 2 102 23 79 80 38 86 44 188 64 169 54 87 ||4 |163 |165 157 121 |40 14 |68 51 140 124 17 |123 29 113 176 |193 197 190 |143 134 49 147 71 |21 12 66 26 |73 48 75 83 |84 109 16 |185 142 146 |178 61 |148 |114 36 94 |111 183 |77 187 31 |122 |3 13 107 |41 101 60 1 32 52 |55 137 |184 |118 89 105 |180 167 |93 138 182 |145 174 103 136 39 |11 46 154 |91 9 82 125 |15 100 19 34 115 151 |96 10 76 191 |59 127 |43 108 |119 |161 98 |
32014.9 484150
166 160 135 131 69 171 104 |158 70 37 170 128 72 164 |88 18 50 22 86 44 64 188 99 |169 172 74 168 141 126 198 130 47 173 149 33 87 |45 6 53 5 16 25 133 32 182 144 |35 156 195 58 200 177 110 56 179 189 90 153 92 |23 102 2 81 139 7 41 24 54 |194 85 21 132 150 186 97 8 152 95 57 |196 106 162 63 175 65 155 159 28 117 62 120 |181 27 192 9 38 80 79 20 116 17 199 ||48 119 |29 |52 26 96 |10 30 |180 103 197 |49 68 14 |84 113 3 |82 163 108 190 |176 124 105 76 60 |191 118 66 |143 174 61 |178 40 |75 91 184 |19 161 115 42 |89 122 137 |101 73 |157 |111 78 134 94 |109 55 59 |46 138 107 |4 77 136 146 |31 |98 |183 11 145 |1 123 165 |39 185 142 |13 167 67 112 140 |121 193 148 |114 36 51 |71 154 93 |127 151 34 15 |43 129 |83 125 100 |147 |12 |187 |
35182.2 478341
27 88 138 50 22 86 44 188 64 169 54 87 |195 106 56 156 194 58 200 110 177 181 97 8 152 95 57 |196 35 85 6 150 131 135 158 70 128 72 104 164 |166 170 37 160 69 132 45 53 5 171 25 133 |192 38 80 102 81 139 |168 74 141 173 149 33 |172 126 198 47 130 117 62 |175 162 65 155 159 28 92 |63 179 189 90 153 120 |186 18 2 79 23 7 20 24 116 99 199 144 ||98 |89 60 |61 |147 42 43 |36 191 |19 78 68 |94 115 49 71 174 145 |143 165 176 140 |100 55 3 124 |167 182 17 |1 122 76 |73 103 77 4 |142 187 59 |112 15 183 |31 180 14 |21 84 52 |114 91 82 83 |121 193 123 |129 108 |46 137 |11 127 |40 178 |13 12 |67 |148 |30 |29 75 |163 93 154 |136 146 185 39 |111 |151 34 134 190 197 |32 125 48 |51 105 41 66 107 |9 184 |113 101 |26 10 109 16 157 |96 |119 |118 |161 
38904.1 464257
170 37 70 160 20 24 99 |81 23 139 166 7 116 199 |35 189 198 126 141 168 74 88 18 50 22 172 47 173 117 62 149 |85 27 130 179 63 175 162 65 155 159 28 90 153 92 120 |86 38 2 102 80 79 188 44 64 169 33 87 54 144 |194 58 200 181 110 177 106 |150 5 53 132 131 69 171 25 133 |158 135 128 72 104 164 |45 6 186 97 8 95 57 |192 56 195 156 196 152 ||119 163 |107 185 |121 |123 |89 60 193 |136 187 |19 183 15 176 51 |118 148 76 32 |29 96 105 3 |178 31 61 |147 134 14 140 |190 26 157 17 52 |21 66 16 109 |184 9 125 |129 |77 174 |103 191 |101 165 1 |154 91 |12 113 10 197 |36 111 78 180 143 |48 83 122 |13 55 68 |34 43 11 151 71 |138 |124 137 |161 |167 67 |73 84 |146 |82 |127 39 145 100 |182 59 |46 |142 30 |41 75 |108 |112 4 |94 115 49 42 |93 |114 |98 |40 |
48983.5 462844
131 132 45 6 53 5 171 25 164 |47 141 168 74 172 169 33 |20 166 170 37 70 158 135 128 72 104 |85 22 88 18 50 27 192 38 80 2 102 79 23 188 54 |130 198 126 173 86 44 64 87 |155 159 28 117 62 149 |65 162 175 63 179 189 90 153 92 120 |35 56 195 156 194 58 200 110 177 106 |181 196 186 81 139 7 116 24 199 99 144 |160 69 150 97 57 95 152 8 133 ||42 |180 127 34 |115 161 98 |9 91 |151 46 163 |78 19 11 43 |136 100 51 26 124 |123 29 113 176 |193 197 190 |143 134 49 147 71 |21 12 66 109 140 |73 75 36 68 |84 148 |185 142 146 |178 61 |114 94 |111 183 14 145 |16 77 |187 31 |119 83 122 |40 |48 |129 |3 13 107 |41 101 60 1 32 52 |55 137 |184 |112 76 121 |4 103 59 39 |182 105 165 10 89 96 191 |157 118 |67 |30 15 |17 167 |174 |125 154 93 108 |82 138 |
62584.6 461946

Time:1
Last Iter:1
Last Update:1
Tabu:0
Last Time1
10
189 159 115 127 194 178 95 152 69 104 199 116 7 79 64 172 170 |148 37 166 144 54 173 126 97 186 6 110 58 |158 135 118 131 132 109 112 8 84 120 149 62 63 56 |5 12 70 139 102 2 38 9 22 48 86 188 99 198 196 |33 52 164 3 150 193 113 160 89 35 83 27 168 141 163 183 71 92 106 |176 57 26 182 17 66 169 44 73 47 108 111 153 185 |175 19 42 68 87 24 72 128 133 167 77 39 180 46 |53 25 165 23 85 67 181 142 145 90 28 155 179 |93 119 88 49 191 76 16 21 101 177 200 156 195 |45 171 197 20 81 80 82 50 18 192 74 130 117 65 161 98 162 129 ||96 123 10 32 |15 125 |157 |138 91 |114 |61 |1 121 60 |13 187 |154 43 |100 |122 |30 107 51 140 124 41 |190 36 78 11 |29 184 |14 103 146 59 |137 75 |31 55 105 |4 136 143 134 151 |94 147 |40 |34 174 |
15599.7 1.22656e+06
33 87 120 99 44 86 82 50 18 198 130 175 63 185 200 196 152 95 132 170 35 |25 10 104 1 116 199 29 27 65 56 8 186 45 |47 117 93 42 159 103 110 187 195 57 150 144 7 |89 123 72 164 133 131 12 85 23 38 141 |163 74 22 192 79 169 62 128 |11 189 127 107 41 37 160 171 6 58 156 |31 67 194 177 97 197 54 149 115 49 28 129 24 70 |179 147 19 155 161 162 71 153 145 126 168 172 60 158 135 69 |84 166 20 191 17 105 3 176 181 136 64 80 154 |53 5 21 193 148 96 139 81 102 2 188 73 173 46 88 92 90 106 142 ||40 178 |94 111 134 |109 16 59 |180 |138 |4 55 13 76 165 |36 98 |118 121 |108 43 183 151 |140 112 14 146 |124 26 32 182 52 190 68 |100 15 34 39 77 |66 113 101 |61 167 |137 83 9 |184 |48 119 78 |30 143 174 51 |157 |114 75 91 |125 122 |
15689.3 1.22343e+06
138 83 80 29 7 133 160 135 196 200 62 173 63 |150 148 101 166 139 79 169 172 47 198 28 155 162 92 106 181 194 |184 82 163 149 144 24 104 156 |137 81 37 60 158 6 45 199 99 54 65 |58 177 77 4 145 33 64 18 8 152 195 85 |23 122 38 125 22 50 36 153 105 116 69 70 97 95 110 |91 88 154 126 117 180 161 140 171 121 132 20 188 |67 31 14 39 56 134 15 90 151 111 108 141 119 48 27 192 35 72 164 131 5 |44 86 73 168 130 78 174 189 179 175 107 120 87 25 57 186 12 118 102 |49 159 11 129 147 100 74 9 2 170 128 53 ||157 109 51 |41 94 183 |34 98 |40 |191 96 89 84 |193 |16 17 |143 115 42 19 |26 1 66 13 |93 |142 185 146 103 |114 |32 113 55 |71 43 |127 136 59 |123 61 |167 10 |75 46 68 |176 124 3 190 30 |187 178 |182 197 52 165 76 112 |21 |
16168.9 1.21515e+06
54 33 64 38 192 18 72 104 97 170 70 |75 22 151 28 162 106 57 150 131 196 |128 116 191 35 138 87 144 120 5 132 85 40 |105 197 24 7 96 66 118 148 181 195 153 62 198 141 175 |63 189 43 126 47 86 137 188 20 160 158 12 69 6 |156 177 8 3 17 166 37 50 74 130 |55 186 31 194 142 187 127 49 78 117 93 44 169 23 155 65 |30 145 56 174 159 11 173 139 2 184 164 171 45 95 |152 13 109 53 21 135 60 123 102 9 91 27 88 172 163 36 179 |48 168 154 108 115 149 92 90 100 39 110 200 58 167 157 25 133 199 99 29 81 80 122 114 79 82 ||125 111 |15 77 |76 121 89 |183 134 180 176 51 182 |73 83 32 140 |59 136 |193 101 1 26 |41 119 |165 10 113 84 |129 |143 34 71 42 107 |124 190 14 103 |61 67 |146 |161 98 |46 68 |4 147 19 94 |52 112 16 |185 |178 |
16189.2 1.1856e+06
131 76 32 33 173 29 158 6 200 |123 191 2 113 14 142 179 63 65 141 |118 21 8 177 92 149 169 44 20 27 |186 171 25 17 144 120 90 159 117 126 |42 111 115 62 68 94 198 18 137 79 116 197 87 97 5 45 |129 74 91 54 99 24 128 85 106 194 |175 28 130 153 107 105 164 104 3 7 96 35 70 196 181 |122 38 50 138 41 166 170 12 132 55 152 4 110 195 189 162 |11 78 19 143 30 103 136 146 56 57 133 199 51 150 135 60 37 139 23 81 192 88 168 172 |114 102 80 184 22 86 64 188 47 93 154 151 155 174 15 58 156 95 53 69 160 72 ||77 187 59 140 |180 108 |89 101 1 |109 157 67 |39 185 |178 |73 119 83 |112 193 |100 127 34 |125 48 |71 145 |121 84 |148 |66 165 124 176 190 |13 31 |183 163 46 |75 82 36 |167 |9 52 182 |49 43 |147 98 161 134 |26 10 16 61 |40 |
17195.2 1.17814e+06
79 149 90 92 |54 33 64 38 192 18 72 104 97 170 70 99 199 |75 22 151 28 162 106 57 150 131 196 |128 116 191 35 138 87 144 120 5 132 85 40 58 200 110 |105 197 24 7 96 66 118 148 181 195 153 62 198 141 175 |63 81 189 43 126 47 86 137 188 20 160 158 12 69 6 25 133 |156 177 8 3 17 166 37 50 74 130 |55 80 186 31 194 142 187 127 49 78 117 93 44 169 23 155 65 |30 145 56 174 159 11 173 139 2 184 164 171 45 95 |152 168 13 109 53 21 135 60 123 102 9 91 27 88 172 163 36 179 ||48 154 108 |125 111 115 |15 77 100 39 |76 121 89 29 |183 134 180 176 51 182 |167 157 |122 114 82 |73 83 32 140 |59 136 |193 101 1 26 |41 119 |165 10 113 84 |129 |143 34 71 42 107 |124 190 14 103 |61 67 |146 |161 98 |46 68 |4 147 19 94 |52 112 16 |185 |178 |
19100.6 1.03832e+06
2 166 20 116 24 164 199 87 |130 173 149 54 144 |91 128 184 18 119 86 79 81 171 6 181 156 177 |141 117 44 192 37 70 132 8 106 |47 93 22 75 80 114 160 53 97 |21 27 150 109 157 99 169 153 162 28 120 |85 38 182 25 45 135 158 89 7 191 139 23 102 122 9 198 155 90 56 195 |159 104 78 62 36 92 57 95 186 76 148 194 200 189 63 175 65 168 74 172 |50 105 26 72 170 69 131 5 16 58 146 100 179 129 126 |41 110 188 64 33 51 30 49 111 43 154 88 35 121 133 152 196 ||197 17 1 29 113 |137 82 73 163 |123 96 84 101 |180 77 134 145 176 |40 |83 108 |103 147 |98 |12 13 |142 |167 59 14 107 |3 60 |115 161 174 |11 46 52 |187 140 |125 112 |127 136 61 |31 178 67 |55 |71 151 19 190 |39 183 42 68 |34 94 |193 66 165 |4 185 15 |138 48 |143 |32 124 10 |118 |
27074 995196
20 166 35 170 160 135 5 171 25 133 |6 186 85 158 70 37 128 72 24 104 164 124 |63 187 195 156 178 194 58 200 181 110 177 106 |116 7 139 80 2 102 81 23 44 64 169 54 144 |79 38 192 27 50 22 86 188 87 |18 88 168 74 172 173 149 33 |199 99 47 141 126 198 130 117 62 |56 179 189 92 |196 175 162 65 155 159 28 90 153 |69 131 132 45 53 150 97 8 152 95 57 120 ||83 29 |148 |82 163 |137 |4 |125 105 |121 |67 31 39 |43 46 119 |66 193 118 21 3 |143 94 36 176 140 |101 190 26 |114 184 51 |78 111 108 154 |129 11 151 |145 41 76 165 |138 48 |157 |142 |98 147 |14 30 103 182 |123 60 12 |75 91 9 |68 183 49 19 161 34 134 |174 15 115 |185 77 112 |197 52 122 |167 59 |180 73 107 |100 109 16 17 |40 |191 96 89 84 1 32 |42 93 |13 146 136 |113 55 61 |71 127 |10 |
30613.6 476884
181 162 175 63 179 189 159 28 90 153 92 120 |191 125 86 172 173 47 130 117 62 149 33 |56 198 141 168 74 88 18 27 50 22 79 188 44 64 169 54 87 |126 196 156 195 194 58 200 110 177 106 4 |65 155 192 38 35 166 20 24 116 199 |85 135 131 69 164 |132 150 186 97 8 152 95 57 |170 37 70 158 160 128 72 104 |6 45 53 5 171 25 133 |23 80 2 102 81 139 7 99 144 ||121 176 |100 151 111 49 |17 52 114 |83 137 82 91 |39 124 41 105 |15 46 119 |10 76 3 180 143 |9 138 |107 68 43 11 115 |154 75 |66 113 89 96 29 |21 193 182 190 |142 77 |129 |16 109 55 157 61 112 |31 178 |146 187 |148 |40 |48 |94 174 14 140 |165 167 13 |30 127 147 34 71 |78 183 42 |103 |12 |36 145 136 |98 |118 51 |73 161 |1 84 32 26 197 |93 108 19 |101 123 |184 122 |60 |134 185 |59 |67 |163 
34722.2 471048
3 10 60 37 170 72 104 |156 118 131 132 45 53 5 171 25 164 |6 172 168 74 88 18 27 50 22 86 44 188 64 169 54 87 |139 81 2 102 80 38 79 23 144 |130 198 126 141 47 173 117 62 149 33 120 |35 166 7 20 24 199 |195 186 135 158 70 160 128 116 99 |56 85 69 150 97 8 152 95 57 133 |162 196 181 194 58 200 177 110 106 |192 179 189 63 175 65 155 159 28 90 153 92 ||91 184 |119 |93 75 |21 109 157 |89 191 122 |78 76 |105 26 146 |51 107 30 49 43 |29 41 182 |134 4 16 |48 163 36 |34 115 161 |83 165 |147 103 14 |71 19 111 11 |108 143 100 |59 67 167 |114 9 |101 121 |197 17 1 113 12 176 |13 137 |82 73 145 |123 96 84 |180 77 127 136 |98 129 |40 |154 |187 142 |148 |46 125 52 140 |31 178 |112 55 61 |151 190 |39 183 42 68 |174 94 |193 66 |185 15 |138 |32 124 
45599.3 470395

Time:1
Last Iter:1
Last Update:1
Tabu:0
Last Time1
8
24 17 164 69 21 150 122 50 175 |130 183 19 179 103 110 181 58 186 133 170 81 79 64 169 172 88 |28 65 126 141 47 73 33 87 199 2 60 193 45 |166 99 44 102 192 27 138 18 168 198 159 153 57 95 177 200 ||195 194 59 67 196 118 37 20 149 90 162 |9 119 108 111 54 72 135 132 85 8 106 |70 101 89 66 171 25 131 35 139 188 137 86 22 62 174 56 |49 78 94 74 82 83 75 116 104 140 97 5 160 158 |120 92 190 182 7 128 113 121 6 142 185 189 63 98 134 117 173 |152 61 13 55 53 178 156 180 147 155 11 115 151 154 38 80 23 144 ||77 39 |157 16 76 1 |71 |84 96 165 |100 |12 148 |124 26 105 52 30 145 143 |167 |91 184 125 |68 46 |4 127 136 187 |107 15 34 146 51 |32 197 3 41 191 |29 114 |40 |123 10 109 112 176 |14 31 |163 93 43 |161 129 42 |36 48 |
14528.4 1.1296e+06
56 200 31 90 117 87 54 79 114 166 160 |80 46 141 126 164 132 |178 194 181 177 106 186 5 135 70 170 |58 88 40 136 174 175 65 130 47 86 23 7 99 25 131 53 92 |30 28 115 62 163 172 27 11 147 |171 45 6 95 57 144 |39 44 77 4 153 176 112 109 97 152 167 156 199 24 128 37 38 50 22 |162 110 63 189 185 195 150 104 20 81 2 122 9 192 188 169 149 |116 72 55 85 102 73 68 78 71 49 42 179 159 198 168 |59 173 187 196 8 133 69 118 148 158 35 139 64 33 120 36 151 155 74 18 ||191 52 51 145 |105 165 76 21 89 123 |119 75 |29 60 113 |127 94 |154 19 |129 161 34 |67 |100 43 |10 157 13 61 |96 121 |146 142 |12 |180 |91 184 |32 140 14 103 |15 134 183 |66 16 41 |111 98 |137 |84 |108 48 |107 143 124 3 |101 193 26 197 182 |190 17 1 83 125 82 |93 138 |
21094 958317
161 183 71 55 118 124 93 145 59 178 142 49 48 108 150 157 186 13 97 152 8 |63 179 189 56 39 106 4 |195 70 122 2 35 37 170 166 139 7 20 116 99 199 |164 160 158 135 12 131 69 121 66 128 72 24 52 144 |104 132 45 6 53 5 171 3 25 133 95 57 |22 196 67 40 156 194 58 200 181 110 177 |162 175 19 159 28 90 153 92 |65 155 43 130 94 117 62 149 120 |172 74 168 141 126 198 47 173 73 33 |85 88 192 27 50 18 86 38 80 102 81 79 23 188 44 64 169 54 87 ||83 |191 41 |184 |75 91 |107 15 |148 |138 137 51 197 |1 29 89 113 32 105 |96 114 17 |82 125 46 119 |180 11 36 |129 190 |60 101 16 165 |100 34 147 134 174 |9 |84 |163 115 42 |176 182 112 68 |143 151 154 |187 136 103 |26 21 61 |167 |123 10 76 30 |78 111 98 |127 146 |109 193 |31 |14 77 185 140 
23479.2 618425
190 17 115 77 67 26 163 1 138 82 114 125 181 31 167 196 97 57 |173 47 172 141 126 198 11 130 117 62 149 |85 56 178 156 40 195 194 136 39 106 87 |86 22 38 23 139 7 20 24 99 199 |162 200 110 177 186 150 5 8 152 95 176 |53 28 65 155 159 175 63 179 189 174 90 153 92 120 |58 168 74 88 18 50 27 192 80 79 188 33 |37 35 81 2 102 44 64 169 54 |166 170 70 158 160 128 72 104 164 116 182 144 |135 6 45 132 131 69 171 25 133 ||112 |193 |46 |30 |83 93 |55 73 |59 187 185 |191 52 51 145 |161 19 34 94 36 |105 165 76 21 89 123 |119 75 68 |29 60 113 |127 151 78 71 |154 49 |129 42 |118 148 |109 122 |9 |100 43 |10 157 13 61 |96 121 |146 142 |12 |180 |91 184 |32 140 14 103 |15 134 183 |66 16 41 |111 98 |137 |84 |108 48 |107 143 124 3 |101 |197 4 147 
28406.5 603328
35 45 160 70 37 170 166 2 102 81 139 7 20 24 116 99 199 |196 181 59 110 95 152 8 25 133 |49 65 175 98 147 179 90 153 |6 186 56 127 106 92 |27 156 195 142 194 58 200 177 |192 85 158 135 131 69 171 97 57 54 |150 53 5 132 128 72 104 164 33 |172 141 126 198 47 173 130 117 62 149 120 |168 80 38 74 88 18 50 22 86 79 23 188 44 64 169 87 144 |189 63 162 155 159 28 ||29 123 60 |71 17 |182 138 |82 |84 101 124 |67 109 |76 89 125 |137 75 105 |14 145 100 111 78 36 |176 83 41 197 |193 12 51 |191 183 115 151 |34 19 108 73 |16 121 13 3 |31 30 4 |21 148 |129 94 |39 |96 114 |184 |48 154 |187 140 107 |32 165 66 157 26 |91 163 |118 112 10 |55 113 52 |42 161 174 143 15 |136 146 185 103 180 |40 178 |134 46 119 |11 1 |43 |9 |167 61 |190 77 |122 |93 68 
30346.9 506258
88 50 22 86 64 33 |200 18 168 141 126 198 47 149 |195 58 56 106 173 130 117 62 |65 155 159 28 92 120 |175 63 179 189 90 153 |162 69 131 45 53 5 150 186 196 181 110 177 97 152 95 57 8 171 25 133 |194 6 132 170 37 70 158 135 160 128 72 104 24 164 |156 81 102 2 35 139 166 20 7 116 99 199 |85 192 38 80 79 23 44 188 169 144 |27 74 172 54 87 ||142 |17 |59 |103 |112 96 29 |89 51 190 |83 154 108 |114 |91 184 52 |36 42 143 14 |101 12 121 26 197 182 |107 15 93 46 |82 123 191 |40 140 |136 146 31 |67 66 |165 16 55 21 |39 147 71 134 |187 |145 4 178 |111 163 119 |41 137 |75 |43 161 |60 68 |13 61 30 100 |122 9 125 73 |183 34 49 78 94 |98 11 |118 10 1 32 105 |185 174 |19 127 77 |148 176 |167 157 |129 |113 84 |193 |76 3 109 124 |180 151 115 |138 48 
31288 493547
139 81 35 70 37 170 166 7 20 24 116 99 199 |56 194 58 200 59 177 |195 40 156 181 110 106 |158 132 6 45 53 5 150 171 25 133 |196 186 97 8 152 95 57 |160 135 131 69 128 72 104 164 |192 27 50 22 86 44 64 169 144 |62 117 47 74 168 141 172 173 149 33 54 87 |85 126 198 130 155 65 162 175 63 179 189 159 28 90 153 92 |88 18 38 80 2 102 79 23 188 120 ||46 138 |157 3 |109 |121 66 |84 12 |19 108 93 |101 21 55 |39 145 143 174 |136 13 |137 75 91 182 |163 122 |134 123 105 |167 176 |178 67 |185 |115 42 11 43 |191 125 154 |184 114 |16 60 |129 151 |100 127 |31 |9 |48 |96 89 113 26 |14 61 |146 187 30 107 |190 68 111 183 17 |41 29 83 |10 76 165 32 112 124 52 |71 34 161 15 180 |148 193 |73 82 78 |4 103 142 |119 49 |98 36 |94 |77 147 |118 1 197 51 |140 
32347.1 465918
162 135 85 158 70 160 37 170 166 7 20 24 116 99 199 |139 35 81 2 102 80 23 44 64 |130 86 79 188 169 54 |22 74 168 141 47 173 117 62 149 33 |189 179 63 175 65 155 159 28 90 153 92 120 |192 27 50 18 88 172 87 |195 156 194 58 200 110 177 106 144 |150 5 53 6 45 132 131 69 128 72 104 164 |126 198 171 25 133 |38 56 181 196 186 97 8 152 95 57 ||39 174 |178 |100 |42 183 115 |26 124 134 |143 14 51 |15 125 |40 176 |167 31 4 |3 16 193 17 182 |118 165 1 |163 122 83 |36 68 94 151 43 71 78 |112 13 61 59 |148 123 |191 114 184 |46 75 |9 |180 161 49 111 |147 30 |77 136 |55 109 101 |93 108 11 |129 98 |96 21 |119 |113 12 |67 |190 |82 |60 84 66 10 140 |145 187 105 197 |41 107 34 |103 146 185 |91 138 48 |32 52 137 |154 |127 |19 |142 |29 89 121 76 |73 |157 |
55599.8 463497

Time:0
Last Iter:1
Last Update:1
Tabu:0
Last Time0
12
57 186 31 16 45 158 70 99 87 169 188 27 62 |191 116 54 64 125 173 28 162 25 131 53 |95 55 67 156 56 92 120 33 144 86 102 |161 65 154 168 74 91 192 23 72 128 |175 189 134 183 126 47 73 44 137 119 164 133 6 196 181 110 |38 2 139 17 26 10 113 193 177 143 179 155 22 |97 152 5 104 24 1 29 35 80 50 172 163 198 159 147 106 58 195 |124 32 199 140 112 8 13 61 150 132 69 121 118 101 37 166 81 79 3 171 130 141 |66 165 20 123 160 135 12 85 167 200 194 180 100 153 36 108 63 |60 170 89 7 41 52 182 105 51 145 90 78 151 49 19 42 117 149 48 88 18 83 114 ||103 4 30 15 |76 148 |111 98 |75 138 46 |93 |84 21 109 |94 115 71 |187 185 |178 |68 127 |11 |136 14 |174 43 107 |176 59 77 |96 |34 146 |40 |157 39 |197 122 9 |142 |190 82 184 |129 |
14706 1.27988e+06
138 88 102 99 128 69 132 135 158 37 177 162 |120 92 176 8 53 193 170 20 35 2 79 44 169 173 62 65 179 |72 113 84 139 199 133 21 181 40 153 159 18 |9 184 27 22 172 151 39 56 110 200 58 150 104 |124 105 144 54 23 80 50 163 126 130 115 11 15 90 171 156 |161 155 198 141 74 86 137 190 33 87 68 76 95 194 195 |186 13 152 3 131 160 29 188 64 168 189 |98 63 129 108 47 117 30 77 185 57 157 6 70 166 81 |14 106 100 127 175 73 122 116 164 197 25 16 45 85 97 |180 4 134 34 28 149 51 26 24 1 7 38 114 192 91 119 46 154 5 196 ||60 123 17 32 |145 146 147 |94 111 182 |142 |178 |148 |71 19 183 93 |52 36 83 |10 66 96 |59 67 31 |12 101 |125 48 |191 109 |78 42 |103 136 187 140 |165 82 |75 |41 89 121 107 |143 174 49 43 |61 167 55 112 |118 |
15609.8 1.2689e+06
134 143 127 147 130 117 62 47 74 80 139 166 135 6 57 144 |95 13 186 133 26 99 24 148 153 159 63 179 141 50 |31 194 146 56 162 126 33 87 92 44 38 37 69 53 |7 1 89 170 160 193 171 196 177 106 189 172 79 |167 55 8 165 164 45 176 54 149 28 108 168 18 |20 17 96 35 83 137 22 119 65 77 58 152 |25 109 5 131 72 113 158 70 84 122 125 173 68 78 49 183 42 175 90 110 181 97 |156 200 4 140 51 76 128 132 12 85 150 188 2 27 198 |73 86 88 192 199 124 104 16 120 100 59 195 |118 60 66 3 61 103 174 71 151 94 11 43 155 169 64 23 81 102 116 ||32 41 29 |163 46 |178 40 |21 |142 |136 187 145 180 |182 123 36 |75 |161 19 |191 82 91 |129 |101 121 10 105 197 52 |107 30 |9 114 190 |14 39 15 111 |154 |115 34 98 |112 157 |48 |185 67 |93 138 |184 |
15769 1.22078e+06
94 28 179 162 141 154 23 139 7 166 99 57 195 |163 117 115 161 189 142 156 200 8 150 132 6 85 160 72 169 50 |47 173 126 130 183 49 159 63 92 33 87 144 199 164 25 152 181 177 58 |44 73 82 91 122 102 53 175 |157 5 109 3 95 176 120 68 62 198 108 168 81 |80 114 35 96 101 158 131 171 97 186 194 18 |1 24 191 137 86 38 184 27 119 74 93 19 34 174 106 67 45 135 37 128 104 |188 79 22 138 48 11 149 54 116 20 76 112 196 |155 43 111 90 145 127 136 56 110 167 69 148 |70 170 113 12 21 13 133 153 30 143 98 65 172 64 2 192 88 ||15 134 71 147 4 |61 187 |185 |89 121 10 105 190 |9 |32 197 41 83 36 |55 193 |125 46 51 |180 146 |66 84 |103 77 31 |165 16 118 |123 60 |75 |40 |14 39 78 151 |26 29 |129 42 |182 52 17 124 140 107 100 |59 178 |
15822.2 1.20544e+06
187 58 40 16 25 133 173 130 28 |132 150 13 97 61 164 199 72 128 44 126 159 65 63 |136 146 153 54 86 102 35 37 135 198 168 |51 120 180 56 177 200 152 7 139 88 85 |165 17 166 83 141 42 189 92 110 |75 192 184 80 169 73 47 108 162 143 106 95 186 53 131 160 |90 174 39 156 6 121 171 104 99 144 87 149 62 154 74 48 38 79 158 |148 70 113 66 20 41 29 81 137 82 22 18 117 68 151 111 71 179 98 195 |118 193 69 5 8 57 181 134 155 43 172 50 27 2 23 188 64 116 170 |67 196 194 142 45 89 96 24 105 33 36 93 119 129 175 ||59 185 30 |197 3 112 14 |34 77 |31 167 124 |145 103 |138 |107 140 190 163 |100 78 11 |84 |147 182 52 |191 122 |115 49 15 94 |26 157 |101 123 10 76 176 |4 127 |109 55 |178 |46 91 125 |1 12 21 |9 114 32 |19 183 161 |60 |
16268.3 1.18996e+06
168 22 134 155 159 63 62 164 160 170 135 131 97 8 |34 33 89 83 139 35 72 184 186 200 195 |147 7 80 114 116 99 |85 5 95 130 198 141 120 |51 144 197 26 165 24 166 37 79 18 173 90 189 179 162 152 |56 77 142 181 176 103 45 6 123 81 188 74 |196 192 13 57 14 177 58 187 136 28 115 19 78 36 169 199 76 69 16 53 38 91 86 |11 118 94 126 65 40 59 61 133 3 10 104 128 20 64 44 125 50 102 87 |158 27 132 171 150 67 110 146 153 92 54 52 149 117 172 12 88 |178 47 42 175 30 145 106 107 32 25 148 66 70 2 23 194 156 ||29 190 |137 9 |4 100 127 174 180 |1 157 167 |113 60 41 |109 31 |193 |161 151 |84 55 |73 46 119 82 |71 111 39 |98 |122 |140 182 138 |48 163 108 |49 105 17 |112 121 21 |185 |129 43 |15 |183 124 |68 143 |191 96 101 |93 154 |75 |
21391.8 1.1839e+06
193 148 37 113 188 59 126 89 24 4 106 195 |200 12 174 8 55 136 140 72 105 110 87 169 |20 70 158 131 132 133 |130 116 120 153 42 65 156 196 45 6 |90 151 159 179 162 56 57 186 128 85 38 192 22 |60 177 170 160 165 16 1 41 7 199 102 35 172 47 117 |114 189 29 123 66 26 152 181 31 77 71 175 149 44 74 27 |23 58 79 2 88 73 198 78 49 15 180 63 161 187 178 25 164 |50 97 91 86 48 168 93 173 62 115 155 34 134 143 100 92 182 104 166 69 171 5 150 53 95 |194 80 142 145 28 98 163 141 46 18 138 184 81 139 64 54 144 33 135 99 ||185 197 |51 124 17 137 122 |183 11 68 |39 103 146 |167 157 112 109 |101 121 |75 154 |118 |125 |96 191 83 |107 14 127 94 |13 67 |43 129 |82 9 |36 21 |147 30 52 |3 |76 119 |40 |108 176 |32 10 61 |19 |84 |190 111 |
21861.9 1.12432e+06
187 2 142 8 171 69 72 104 114 153 175 |141 117 28 90 29 177 63 18 192 116 99 150 |174 65 44 188 37 97 110 194 |98 70 179 180 106 146 56 40 118 135 20 64 172 168 130 |5 164 26 176 4 145 59 178 189 149 173 158 |156 198 62 71 19 147 103 185 195 12 95 193 139 23 50 88 |166 199 32 144 54 190 36 120 |151 74 86 49 38 169 124 35 160 25 196 |79 155 137 102 7 105 133 152 157 45 132 121 170 85 58 92 |200 27 181 186 57 53 6 131 128 24 1 123 16 81 80 22 154 126 47 33 87 159 162 ||182 31 |77 136 197 |39 143 134 |48 122 |101 84 89 140 51 |46 119 93 163 108 |30 100 15 34 3 |113 66 |96 191 83 |107 14 127 94 |13 67 |43 129 |82 9 |115 183 111 68 |52 75 91 |42 |60 148 |138 73 |78 |184 |161 11 |17 41 10 21 |61 167 |125 165 76 112 |109 55 |
22507.8 1.10951e+06
160 132 53 171 |139 7 106 |125 137 169 191 41 12 186 57 47 168 |115 94 149 73 64 23 102 54 74 95 5 |16 45 6 60 99 192 184 28 159 153 |195 87 199 133 10 66 69 37 86 50 27 173 62 130 36 120 39 56 110 200 58 150 104 |144 105 164 140 177 40 179 88 38 35 170 158 131 85 135 128 |82 63 79 2 123 165 157 167 194 156 185 90 117 172 |29 175 81 80 44 91 93 11 129 162 189 92 24 20 166 25 97 152 |126 70 198 141 43 155 65 143 145 4 181 196 8 72 116 188 33 22 18 ||163 83 17 |89 182 32 76 112 |31 109 107 |68 19 161 100 |138 9 |124 96 84 113 |148 121 |67 136 14 |71 49 34 |178 176 51 |190 52 114 |21 118 193 3 26 197 |30 174 59 |61 13 55 |111 154 119 |1 122 |77 146 187 |142 180 |147 |108 134 |101 |15 127 103 |151 183 42 98 |46 48 75 |78 |
24940.1 1.0139e+06
105 17 112 121 21 5 181 200 58 194 185 146 103 106 |6 195 156 178 196 186 13 150 55 97 152 8 95 57 |172 168 141 126 198 47 173 117 149 36 |59 177 110 127 180 145 4 153 92 |35 65 155 161 175 98 63 147 179 189 174 71 28 159 151 62 |53 158 45 85 118 135 132 131 69 171 10 104 25 133 164 26 176 |162 74 192 38 80 2 102 81 139 23 44 64 169 144 |90 130 125 79 188 33 87 54 |88 18 27 50 22 86 137 120 |56 72 128 160 70 37 170 166 20 191 7 41 116 24 99 199 32 ||157 |107 187 142 |61 |40 |165 |114 |83 76 109 |67 31 77 14 |39 143 134 197 |48 122 |101 84 89 140 51 |46 119 93 163 108 |30 100 15 34 3 |9 1 |193 123 |96 |154 19 |11 |113 66 16 124 |49 82 |29 184 |12 182 |68 78 136 |115 183 111 43 94 |52 75 91 |42 |60 148 |138 73 |129 |167 190 
26153 556281
189 70 85 135 131 69 171 133 25 165 104 164 |56 146 90 153 120 |162 38 192 27 22 50 18 88 74 168 141 126 198 130 117 62 |169 64 44 188 23 79 86 172 47 173 149 33 |6 179 63 175 65 155 159 28 106 |181 194 58 200 110 177 |80 195 156 196 97 152 95 92 |186 150 53 45 132 5 8 57 |72 128 160 158 37 170 20 24 199 54 87 |139 81 102 2 35 166 7 116 99 144 ||19 147 |3 |36 154 |167 59 |11 145 |161 174 |10 61 |151 137 |13 109 21 |96 |39 143 134 71 |48 122 |101 84 89 140 51 |46 119 93 163 108 |30 100 15 34 98 |9 |129 |187 185 |113 66 16 124 |49 82 |29 184 |12 182 |68 78 136 |115 183 111 43 94 |52 75 91 |42 |60 148 |138 73 107 176 |40 4 14 |157 77 103 |127 112 76 |121 193 191 |142 180 |178 31 67 |125 83 197 32 105 17 190 |123 55 |118 |114 41 1 26 
35662.1 476418
85 35 158 70 160 128 104 116 199 99 144 |139 135 69 131 132 5 171 25 133 |6 45 53 150 97 8 152 95 57 |62 117 130 198 126 141 168 74 172 47 173 149 33 |162 50 192 38 2 81 102 80 79 23 64 169 54 |7 37 170 166 20 72 24 164 |88 18 27 22 86 44 188 87 |156 195 56 106 92 |189 179 63 175 65 155 159 28 90 153 120 |186 196 181 194 58 200 110 177 ||127 |123 73 |9 |136 |68 183 49 98 |30 11 |78 151 41 |180 145 14 39 103 |143 100 111 |101 193 26 124 |191 29 52 190 |4 71 42 |82 108 163 |15 134 174 19 115 |43 119 |114 122 83 |161 147 |167 13 55 61 |129 |176 51 137 125 |121 60 84 |93 46 94 140 |16 113 10 3 165 105 |59 31 77 |142 146 |75 91 138 |40 |187 17 |48 1 |148 21 |184 |118 89 |197 107 34 36 |96 |178 112 |157 |66 109 12 32 |154 |76 |185 182 |67 
39298.4 460498

Execution time: 8.556 seconds
