Time:1
Last Iter:1
Last Update:1
Tabu:0
Last Time1
3
146 197 141 1 129 37 13 165 109 189 62 32 149 193 23 186 17 43 34 92 |185 61 112 79 31 113 84 156 131 187 65 77 47 183 110 25 |144 87 137 35 195 150 26 155 83 143 46 59 55 41 161 134 101 63 45 |181 158 85 111 154 177 198 147 74 196 164 15 27 125 190 53 66 107 57 122 12 91 |71 33 135 58 120 97 151 22 76 93 9 78 175 40 2 52 174 |75 117 176 8 103 105 102 86 56 104 10 172 51 16 162 38 192 |60 182 180 90 80 28 4 136 21 50 171 36 167 163 6 99 11 19 |100 108 159 64 114 188 95 14 |152 199 81 166 138 142 140 145 30 126 128 68 139 82 72 170 48 49 118 88 3 |18 121 157 119 168 169 178 7 89 124 160 130 54 ||127 |200 24 |70 173 |67 |98 |194 94 |96 20 |42 115 106 |29 |184 |179 |44 |153 133 39 |191 5 |116 |148 |73 132 |69 |123 |
21910.1 914007
117 171 109 169 178 7 168 89 176 124 119 157 160 51 10 172 16 8 |158 86 61 112 165 189 62 32 149 129 37 13 1 113 193 23 34 |182 120 38 150 87 60 100 135 26 155 35 121 137 46 143 59 83 55 41 106 161 |18 104 130 79 31 141 131 187 47 156 84 183 17 186 43 92 54 |71 30 58 199 97 151 22 76 93 9 175 78 33 82 72 68 139 29 170 174 |90 27 198 177 74 196 164 15 154 64 114 57 107 14 |166 147 4 136 50 36 167 6 11 19 163 188 44 |180 195 185 56 105 103 162 101 108 115 63 40 133 |144 21 80 75 181 81 146 138 142 140 145 126 128 28 49 118 88 3 |102 152 111 66 53 190 125 197 85 65 77 12 122 91 110 25 ||194 |134 73 94 |99 |173 70 |123 |179 |148 |67 |52 191 |127 |48 |184 |132 42 |200 ||116 |5 |95 |98 96 |153 |45 2 |24 |20 |39 |69 192 159 
22659.6 908202
90 112 47 190 15 164 74 177 147 154 198 167 36 171 6 11 2 |146 58 151 199 137 121 46 143 83 55 41 108 161 101 |79 111 64 152 4 21 50 28 49 118 88 3 52 5 |60 110 157 119 124 176 189 117 109 62 32 149 37 129 193 23 130 98 54 |166 31 197 85 156 141 131 187 65 77 12 183 84 194 113 1 17 186 43 34 92 25 |196 178 35 155 71 150 26 135 195 100 87 185 56 86 102 105 103 104 10 172 51 16 38 162 |61 14 13 122 27 125 53 66 57 107 188 114 163 19 |75 158 136 80 180 144 81 181 126 30 140 145 82 72 68 139 170 174 |182 59 128 138 142 33 78 120 97 22 76 93 9 175 40 63 |18 165 89 168 169 7 67 160 8 70 ||200 ||148 |153 |134 96 |48 69 |179 |29 |116 |45 |133 127 |42 94 91 |24 |123 |173 192 159 |20 132 |99 |73 44 |184 115 |106 |39 95 191 
22840 893843

Time:1
Last Iter:1
Last Update:1
Tabu:0
Last Time1
1
152 80 33 175 78 120 97 151 22 76 93 9 40 63 101 |199 131 85 53 183 84 156 141 187 47 77 12 122 57 107 95 14 25 |75 195 58 121 155 41 55 83 143 46 59 115 108 161 192 134 |168 110 79 1 132 113 13 37 129 149 32 130 23 193 186 17 43 34 92 |125 4 90 180 166 181 81 146 138 142 140 145 82 72 68 139 170 174 |71 182 144 30 126 128 28 49 118 88 3 |135 65 31 165 117 109 189 169 178 7 89 176 124 119 157 160 8 54 |61 150 137 35 26 100 60 87 185 56 86 102 103 105 104 10 172 51 16 38 162 |112 18 190 197 158 27 15 164 196 74 177 198 147 154 64 114 163 188 |62 66 111 171 50 136 21 36 167 6 11 19 69 191 ||67 |2 45 |44 |116 |96 |29 |173 |179 |194 |48 |5 148 39 |70 159 |99 |133 24 |106 |91 |123 |52 |200 42 |73 20 |184 |127 |153 |98 94 
20045.8 861441

Time:2
Last Iter:1
Last Update:1
Tabu:0
Last Time2
3
75 198 49 167 147 154 114 95 188 163 127 11 19 |199 90 74 197 125 190 66 122 12 77 47 65 187 131 141 156 84 132 17 43 92 |196 165 169 13 31 113 1 129 37 32 149 193 186 34 |18 16 189 178 7 168 89 176 124 119 157 160 8 162 38 161 |53 35 55 41 172 51 104 103 105 102 86 56 185 87 60 100 195 71 150 135 26 155 46 143 83 59 108 101 |58 4 166 180 80 128 139 72 82 145 120 97 151 22 76 93 9 63 |85 10 61 79 112 117 109 62 23 130 67 54 |137 182 146 170 68 140 30 144 181 81 138 142 33 78 175 153 40 |152 126 177 27 15 111 64 6 99 36 21 136 171 50 28 118 88 3 174 |121 158 164 107 57 96 183 20 110 14 25 ||24 |29 |200 ||148 |70 |194 |184 |48 |52 69 2 134 |44 |116 |123 191 |39 173 192 115 |133 5 179 |91 |159 45 42 |73 |98 |106 94 
21062.4 919268
182 73 80 48 128 68 139 82 72 170 108 161 192 101 39 |165 151 181 180 75 144 166 126 30 145 140 142 33 78 175 40 |164 97 102 71 150 135 26 155 121 35 58 137 143 46 59 22 76 93 9 63 |146 109 85 196 15 111 114 154 64 167 6 123 163 11 19 |138 61 7 178 189 62 32 149 37 129 1 113 156 84 194 20 110 34 25 |81 18 147 152 4 136 21 36 171 50 118 28 49 88 3 5 174 |199 169 51 168 176 124 119 157 160 130 193 23 98 54 |120 158 188 198 177 74 27 197 125 53 66 107 57 122 12 14 |190 8 13 117 112 79 31 141 131 187 65 77 47 183 17 186 43 92 |90 89 83 55 41 103 105 195 100 60 87 185 56 86 104 10 172 16 38 162 200 159 ||116 |106 |70 |91 |148 52 |173 2 |132 |153 133 |95 |99 |29 |184 |24 45 |96 94 134 |115 |67 |44 127 |42 191 179 69 
22489.1 899357
46 171 146 75 181 144 166 180 90 80 126 30 82 72 139 68 128 28 49 118 88 3 174 |59 198 114 177 152 167 36 4 136 21 50 6 11 19 |175 13 156 141 131 187 47 183 110 92 |147 143 61 79 112 117 109 189 62 32 149 37 129 1 113 84 17 186 43 34 |195 140 41 199 137 58 150 35 121 155 26 135 100 60 87 185 56 86 102 104 10 172 51 16 38 162 24 |74 31 107 57 66 85 65 77 12 122 91 25 |71 83 55 103 105 178 130 23 193 54 |196 165 169 7 168 89 176 124 119 157 160 8 |81 18 197 53 190 125 27 158 164 15 154 111 64 163 188 44 14 |182 161 40 170 145 138 142 33 78 120 97 151 22 76 93 184 9 108 63 101 ||194 |127 |5 |99 |106 94 |115 2 69 |73 132 |159 45 148 |153 |179 52 |192 173 70 |20 |200 39 |96 98 |67 |29 |116 133 42 |123 191 |134 95 |48 
22573.1 887877

Time:2
Last Iter:1
Last Update:1
Tabu:0
Last Time2
1
61 40 160 157 119 124 176 168 7 178 130 23 193 54 |146 158 196 27 190 85 197 125 53 66 107 57 122 12 91 110 92 |189 195 55 143 137 121 150 105 103 41 16 8 70 |83 18 152 198 147 177 74 164 15 111 154 64 114 163 11 19 179 |169 175 188 6 167 36 4 136 21 171 50 28 118 88 49 48 3 |46 89 112 79 117 109 62 13 32 149 37 129 1 113 17 186 43 34 |35 165 31 65 77 47 187 131 141 156 84 183 14 25 |181 71 199 58 26 135 100 60 87 185 56 86 102 104 10 51 172 38 162 |75 59 138 142 33 78 120 97 151 22 76 93 9 108 161 63 101 |155 182 81 144 166 180 90 80 128 126 30 140 145 82 72 68 139 170 174 ||106 |95 |116 39 |132 20 |115 191 |73 |192 |123 |148 42 |69 45 173 |67 |194 |99 |127 44 |134 2 5 |29 |94 133 |98 |200 24 159 |52 |96 |153 |184 |
19562.3 864895

Time:2
Last Iter:1
Last Update:1
Tabu:0
Last Time2
4
97 157 89 117 189 109 62 13 1 37 32 149 129 193 23 130 98 54 |7 158 27 164 196 74 152 4 136 21 50 171 36 167 6 99 11 19 |88 119 71 195 150 35 121 155 26 135 60 87 102 103 105 10 172 38 162 200 ||168 18 15 125 85 53 66 190 111 154 198 147 64 114 163 188 14 25 |61 178 79 165 31 141 131 187 156 113 84 17 186 43 110 34 92 |177 185 58 137 199 143 46 59 151 76 93 9 108 161 63 101 |176 28 118 49 75 181 81 146 138 142 140 33 145 78 175 40 |169 197 65 183 47 77 12 122 57 107 52 3 179 |124 120 182 144 166 180 90 80 30 126 128 139 68 82 72 29 170 174 |112 100 22 83 55 41 86 56 104 51 16 160 8 ||123 |44 |191 |67 |48 |24 |91 20 |127 95 42 |133 116 |184 |159 173 |132 194 |153 148 |134 106 |69 5 |96 94 |2 |73 |45 192 39 |115 |70 
19978.7 894232
171 124 13 31 141 131 187 156 84 183 110 25 |143 4 136 180 80 126 30 145 82 72 139 68 128 28 49 118 88 3 174 |90 35 71 195 100 26 135 60 87 185 56 86 104 10 172 38 162 106 |75 114 79 165 117 109 189 62 32 129 193 23 130 54 |61 21 50 144 181 81 146 138 142 140 33 175 40 92 |166 18 163 111 197 125 190 66 53 85 65 47 77 12 122 57 107 188 14 |112 150 160 157 176 89 7 178 169 149 37 1 113 17 186 43 34 |168 36 158 27 15 64 154 164 196 74 177 147 198 152 167 123 6 11 19 |182 59 78 120 97 151 22 76 93 184 9 115 108 161 63 101 |119 170 199 58 137 121 155 46 83 55 41 103 105 102 51 16 200 8 ||179 |70 |44 |52 |48 |67 |45 5 |153 148 2 |116 |94 |127 |96 |29 |194 |42 134 |132 73 |91 20 |173 159 24 192 |95 69 133 |98 |39 191 |99 
20970.3 876408
58 157 137 71 26 135 60 87 185 56 86 104 10 172 51 16 162 106 161 |198 181 90 80 28 49 128 126 30 140 145 82 72 68 139 170 69 |180 168 8 160 119 124 176 89 7 178 130 23 34 94 |81 154 47 77 65 187 131 141 156 165 109 62 37 129 193 186 17 43 92 |18 112 12 122 111 196 15 164 158 27 197 125 190 53 66 57 107 188 14 |61 74 152 136 21 50 171 36 167 177 147 64 114 163 6 11 19 |75 4 118 88 3 78 175 40 174 |166 199 144 138 142 33 120 97 151 22 76 93 9 108 63 101 |146 100 143 195 150 35 121 155 46 59 83 55 102 105 103 41 38 54 |182 85 169 189 117 79 31 13 32 149 1 113 84 183 73 110 25 ||45 192 39 |115 |70 98 |99 |200 ||52 179 |29 |48 |123 |44 |191 |67 24 |116 |132 |2 5 |96 134 42 |184 133 |159 173 |20 91 95 |194 |127 |153 148 
22154.1 874940
75 152 150 35 58 137 46 143 59 83 55 41 38 162 161 108 63 101 39 |166 18 177 147 198 136 21 171 50 118 49 88 3 69 |182 26 121 199 120 97 151 22 76 93 9 153 175 40 2 174 42 |146 160 192 155 135 195 100 60 87 185 56 86 102 105 103 104 10 172 51 16 200 8 |144 74 64 4 36 167 6 163 11 19 |81 79 13 109 169 157 119 176 89 168 7 178 130 54 |71 124 31 112 117 189 62 32 149 37 129 23 193 186 17 43 34 92 |80 158 85 47 122 12 77 65 187 131 141 156 1 113 84 183 110 25 |165 28 114 154 196 164 15 27 111 190 125 197 53 66 57 107 188 14 |61 181 90 180 145 78 33 138 142 140 30 126 128 82 72 68 139 170 5 ||116 |194 |173 |179 |184 |70 134 |106 |20 |24 |99 |191 133 |132 |148 |123 |94 44 |45 115 |52 |29 |48 |96 |98 159 |73 91 |127 95 |67 |
22524.3 862687

Time:2
Last Iter:1
Last Update:1
Tabu:0
Last Time2
2
150 138 140 30 81 181 144 166 180 90 80 128 126 68 139 82 72 29 170 174 |75 71 155 35 121 58 137 199 46 143 59 83 55 41 106 161 101 |79 65 117 169 189 62 32 149 129 37 13 1 113 84 17 186 43 34 |142 87 8 160 157 119 124 176 89 7 178 193 23 130 67 54 |145 61 112 165 31 141 156 131 187 47 57 107 188 163 |49 108 33 78 175 120 97 22 76 93 184 9 40 63 92 |109 164 197 125 111 15 196 177 198 147 154 64 167 123 6 11 19 |182 4 114 158 27 190 66 53 85 77 12 122 183 73 110 14 25 |168 151 26 135 195 100 60 185 56 86 102 103 105 104 10 172 51 16 200 162 38 |146 18 74 152 36 136 21 171 50 28 118 88 3 ||153 |70 |116 |194 |39 |20 |42 |95 |134 |179 94 |192 |24 |127 191 |44 91 |96 |99 |132 |52 69 2 5 |48 |45 133 115 |159 98 |148 173 
18904.2 874382
196 61 112 31 156 141 131 187 65 77 12 122 183 110 92 |199 188 169 178 7 168 89 176 124 119 157 160 130 98 54 |181 21 85 107 57 66 197 125 190 27 164 15 111 154 64 114 163 6 99 11 19 |158 75 80 90 180 182 144 81 146 138 142 78 140 30 126 82 68 139 72 29 170 2 174 |74 150 55 83 59 143 46 137 58 35 121 155 26 135 105 103 41 161 173 192 134 |18 79 165 117 109 189 62 32 149 129 37 13 1 113 186 34 |108 47 84 23 193 17 43 14 25 |71 4 128 145 33 120 97 151 22 76 93 9 175 40 63 101 39 |102 166 177 147 198 152 167 36 171 50 136 28 49 118 88 3 179 |53 195 100 60 87 185 56 86 104 10 172 51 16 38 162 8 24 ||96 |67 |73 |148 |123 |91 |70 |115 153 |106 |184 |45 |191 69 |94 95 127 |159 200 ||5 |44 |48 |132 194 |52 133 |20 |116 42 
21254.9 865532

Time:2
Last Iter:1
Last Update:1
Tabu:0
Last Time2
1
81 50 28 166 140 138 142 33 120 78 175 40 |150 146 97 151 22 76 93 9 63 101 |75 157 100 60 87 185 56 86 104 10 51 172 102 105 103 41 38 162 |181 49 164 152 198 177 196 74 15 154 64 167 36 171 99 6 163 11 19 |199 4 136 3 118 88 145 30 126 180 90 80 128 139 68 82 72 170 174 |18 79 112 117 109 168 89 176 124 119 160 16 8 54 |144 147 158 85 12 122 66 53 197 125 190 111 114 57 107 188 95 14 |182 71 195 135 26 137 58 35 121 155 143 46 59 83 55 108 161 173 |21 61 130 193 23 178 169 189 62 32 149 37 129 1 113 84 17 186 43 34 92 |27 7 165 13 31 156 141 131 187 65 77 47 183 110 25 ||179 |133 |106 |184 |132 |116 |98 |29 2 |200 ||48 42 |39 20 |44 |52 5 191 94 |192 70 24 159 |115 |91 |194 |127 69 |134 96 |148 45 |67 |123 |153 |73 
20275.7 871730

Time:1
Last Iter:1
Last Update:1
Tabu:0
Last Time1
1
56 75 140 142 182 144 81 181 166 180 80 128 126 30 82 68 139 72 170 2 174 |146 185 119 168 112 79 165 109 189 169 178 7 130 23 193 96 54 |114 87 86 160 31 156 141 131 187 47 73 25 |125 199 145 33 175 78 120 97 151 22 76 93 184 9 108 63 40 |8 197 85 65 77 12 122 183 110 92 |121 138 90 4 136 21 36 171 50 28 49 118 88 3 |60 18 154 196 158 15 111 190 53 66 57 107 188 14 |71 157 124 61 117 62 32 149 129 37 13 1 113 84 17 186 43 34 |100 176 195 150 135 26 155 35 58 137 46 143 59 83 55 41 103 105 102 104 10 51 172 16 38 162 161 101 |89 152 74 27 164 64 147 177 198 167 6 163 11 19 ||179 94 |91 |173 |200 ||127 44 |192 42 133 |123 |52 |148 |24 |20 |99 |39 115 |194 |48 |67 98 |45 134 191 |69 159 |70 106 |95 5 |132 |29 |116 |153 |
21787.4 889849

Time:2
Last Iter:1
Last Update:1
Tabu:0
Last Time2
4
166 186 17 64 114 163 28 49 118 88 3 |141 68 154 177 147 198 152 4 136 21 50 171 36 167 6 11 19 69 |165 144 90 180 128 140 145 33 120 78 63 |109 18 85 158 196 74 164 15 111 27 197 125 190 53 66 57 107 188 14 25 |104 131 117 193 129 37 149 32 62 189 169 178 7 89 176 124 119 157 160 8 162 38 161 |79 56 35 121 58 137 199 22 151 97 76 93 9 175 40 |168 65 13 31 187 156 1 113 84 122 12 77 47 183 110 43 34 92 |182 155 100 150 26 135 87 185 86 102 10 172 51 16 67 130 23 98 54 |61 71 195 60 105 103 41 55 83 143 46 59 108 115 101 39 |112 81 80 75 181 146 138 142 30 126 82 72 139 29 170 174 ||179 52 133 42 |116 |123 |173 |127 |134 24 |73 44 |184 |194 132 |200 ||48 2 |191 95 94 |96 |106 |153 |91 |99 |70 159 192 |5 |20 |45 148 
20708.9 901236
157 151 71 121 58 137 143 83 55 104 10 172 51 16 38 162 8 70 134 |138 79 158 154 15 196 74 177 147 198 152 4 136 21 50 171 36 167 6 11 19 |35 182 146 181 144 166 180 90 80 128 48 170 174 |27 141 85 197 125 190 111 53 66 57 107 114 163 188 14 |81 150 59 46 155 26 135 195 100 60 87 185 56 86 102 105 103 41 161 101 |75 160 175 78 33 142 140 145 30 126 68 82 72 139 28 49 118 88 3 |164 61 112 117 189 168 119 124 176 89 7 178 169 62 32 149 129 193 23 54 |18 65 77 12 122 183 156 1 113 84 17 186 43 34 92 |64 109 130 37 13 31 131 187 47 110 25 |165 120 199 22 97 76 93 9 108 173 106 63 40 ||98 |123 |39 45 159 |192 |116 |67 |73 91 94 |132 20 |99 |200 ||184 115 |127 95 191 |42 5 2 52 |179 |96 |24 |44 |133 153 |29 |194 |148 69 
23740.1 880613
180 120 71 58 137 35 121 155 143 46 59 83 55 108 63 42 |182 160 76 33 142 146 75 144 181 81 30 140 145 82 72 139 68 128 170 40 45 |126 53 27 152 4 136 21 36 171 50 28 49 118 88 3 |61 80 74 158 197 125 190 164 15 111 154 64 177 147 198 167 6 163 11 19 |18 79 114 110 183 156 31 141 131 187 47 65 77 12 122 57 107 188 14 |66 119 189 117 112 165 109 62 32 149 129 193 23 130 54 |90 135 168 157 124 176 89 7 178 169 37 13 1 113 84 17 186 43 34 92 |196 150 195 185 102 105 103 172 38 162 41 161 101 |85 138 78 151 97 93 9 175 2 174 25 94 |166 22 199 26 100 60 87 56 86 104 10 51 16 8 ||153 148 |134 98 |184 |133 179 |123 |116 |132 |44 |67 |91 |192 |20 191 |70 96 |127 |29 |99 |5 52 |159 173 115 |95 73 |194 |39 24 |200 106 |48 69 
23784.4 871715
147 193 160 185 104 56 86 102 105 103 10 172 51 16 38 162 |33 112 157 119 176 89 7 178 169 189 117 109 62 32 149 37 129 1 113 84 17 186 43 34 |61 141 111 197 85 65 77 12 122 57 14 25 |168 90 4 28 136 21 50 171 36 167 6 163 11 19 |79 130 170 9 93 76 22 151 97 120 78 175 116 40 174 |126 124 100 195 71 150 135 26 155 83 59 108 161 192 101 63 |158 23 13 165 31 156 131 187 47 183 20 91 110 92 |182 87 58 35 121 137 199 46 143 55 41 8 24 54 |60 196 152 114 64 154 198 177 74 164 15 27 125 190 53 66 107 188 |18 75 80 180 166 81 144 181 146 138 142 140 30 145 82 72 139 68 128 49 118 88 3 ||94 194 |67 96 |123 |52 2 134 |42 115 45 133 |179 5 |73 132 |127 |106 |153 148 |184 |99 |48 |70 |69 191 |29 |39 159 |95 44 |173 |98 |200 ||
26051.1 865243

Time:2
Last Iter:1
Last Update:1
Tabu:0
Last Time2
5
102 75 144 180 30 140 145 82 68 139 72 174 |80 160 23 130 119 176 168 7 169 189 62 32 13 37 129 193 17 43 34 25 |90 47 114 198 4 136 36 171 167 6 163 11 19 |87 182 78 33 142 138 146 81 181 166 126 128 170 |185 112 149 178 124 157 10 104 56 105 103 172 51 16 8 42 133 |117 197 196 74 177 147 152 21 50 28 49 118 88 3 |18 165 85 125 66 53 190 27 164 15 154 64 111 57 107 188 14 |158 61 109 186 84 113 1 31 156 141 131 187 65 77 12 122 183 73 110 92 |79 71 86 162 38 41 143 46 199 151 97 120 175 153 108 161 63 101 54 |60 89 100 195 150 58 137 35 121 26 135 155 83 55 59 22 76 93 184 9 40 ||98 |123 |148 |70 134 |106 |29 |67 |115 |44 |200 ||159 191 |5 179 |20 |127 95 |39 45 192 24 |96 94 |91 |52 69 |99 |194 |2 173 |132 |48 |116 
21655 934673
181 94 39 148 173 116 132 84 17 186 43 34 92 |144 62 157 160 130 8 16 51 105 102 185 56 86 104 10 172 38 162 |112 120 60 100 195 71 150 135 155 121 35 58 137 199 46 143 83 59 108 63 101 |75 36 103 41 55 22 151 97 76 93 184 9 161 134 |87 152 4 180 90 80 126 30 82 72 68 139 128 28 49 118 88 3 179 |61 146 81 166 170 33 138 142 140 145 78 175 40 174 |165 50 171 114 111 197 158 164 15 27 125 190 53 66 57 107 188 191 |182 65 85 18 74 196 177 198 147 154 64 167 6 163 127 11 19 |21 26 7 119 124 176 89 168 117 109 189 169 32 149 37 129 23 193 96 54 |136 79 178 13 1 113 31 156 141 131 187 47 77 12 122 183 110 14 25 ||44 |45 |48 |133 |69 |29 |5 |106 |91 |98 |200 ||153 115 |99 |123 |20 42 |2 52 |24 |194 |73 95 |192 70 |159 67 
21679.8 924261
111 182 181 140 30 126 128 68 139 72 82 145 116 174 |136 187 147 18 196 74 164 15 27 197 125 190 53 66 122 12 183 73 110 14 25 |112 177 28 80 180 166 75 144 81 146 138 142 33 78 175 153 40 |89 64 31 156 193 178 169 189 109 117 165 62 32 149 129 37 13 1 113 84 17 186 43 34 92 |154 176 130 135 26 195 100 60 87 185 56 102 103 105 104 10 172 51 16 8 |158 7 86 71 150 35 137 121 155 83 55 108 101 |90 58 120 97 59 143 46 199 151 22 76 93 9 63 |85 170 152 4 198 167 36 21 171 50 118 49 88 2 94 |61 114 65 141 131 47 77 57 107 188 163 6 11 19 3 52 5 |79 23 168 124 119 157 160 24 162 38 41 106 161 54 ||20 |173 |48 |194 |192 42 133 |184 |70 134 |29 |67 |115 |44 95 39 |98 |127 191 |45 179 |123 |200 ||96 |99 |69 148 |159 |91 |132 
22594 913536
18 4 126 180 90 80 128 28 49 118 88 3 |137 15 152 36 21 50 171 6 167 198 177 147 64 154 111 190 125 53 66 107 188 19 |58 61 112 79 165 31 13 1 113 17 43 92 |182 11 160 119 168 7 178 169 189 117 109 62 32 149 37 129 193 186 34 |196 89 172 103 86 185 87 60 100 135 26 35 155 46 143 83 55 41 108 161 101 |27 23 47 131 141 156 84 132 183 20 110 25 |199 74 136 181 166 75 144 81 138 142 33 30 140 145 82 72 68 139 170 5 174 |150 158 99 114 164 197 85 187 65 77 12 122 57 44 14 |121 163 130 176 124 157 56 102 105 104 10 51 16 38 162 8 70 54 |146 195 71 59 151 22 76 93 9 97 120 78 175 116 40 63 ||39 |95 |192 |153 |184 |98 |159 |200 ||29 |127 |67 |148 |133 45 42 191 |52 |96 |73 |2 |123 |194 |179 134 |24 106 |48 69 |94 173 |115 |91 
22888 895338
35 183 157 119 176 89 7 178 130 160 8 192 |90 18 188 66 190 197 125 158 27 15 164 74 177 198 147 154 64 163 19 |182 152 180 126 128 28 4 136 21 171 50 118 49 88 3 |61 36 144 97 120 78 33 138 142 140 30 145 82 68 139 72 170 174 |75 124 47 79 31 141 131 187 156 84 113 1 17 186 43 34 92 |146 110 71 150 26 155 185 102 86 56 104 10 172 51 16 38 162 54 |80 87 121 58 137 199 143 46 22 151 76 93 9 175 40 45 |81 112 168 169 189 165 117 109 13 62 32 149 37 129 193 23 96 |181 196 53 85 65 77 12 122 57 107 111 114 167 123 6 11 14 25 |166 195 100 60 135 105 103 41 55 83 59 108 161 63 101 ||184 |127 |179 |116 |173 |44 73 |106 |48 |200 ||2 52 |98 |20 91 |39 5 69 |95 |99 |132 94 |194 |29 |42 70 67 |134 24 115 |191 |153 148 133 |159 
24901.3 875889

Execution time: 18.476 seconds
