Time:36
Last Iter:10
Last Update:10
Tabu:0
Last Time36
10
94 113 97 98 143 111 40 23 58 166 156 |95 127 76 172 154 103 139 179 9 193 137 62 119 |16 148 44 21 15 37 131 185 65 80 122 120 5 32 88 75 184 81 |138 27 114 42 142 86 109 25 151 186 194 51 126 |178 197 34 171 22 162 49 164 160 20 106 176 102 152 79 165 43 104 39 |158 48 31 33 129 146 168 13 7 125 183 170 153 24 77 |82 130 60 182 145 10 121 200 144 167 99 134 87 26 63 92 189 107 19 |78 163 96 101 177 12 2 187 72 149 198 155 69 54 91 159 45 56 157 |36 68 71 17 150 100 70 29 169 50 141 123 115 195 59 |90 174 67 85 11 64 30 135 74 136 105 53 147 83 47 41 118 190 ||93 181 |191 28 161 |84 |140 |128 108 |55 |3 |73 117 |133 199 196 |35 14 |6 |180 52 |116 124 18 |1 |173 8 110 |188 |89 |61 |112 |66 |57 192 |46 38 |4 |175 |132 |
21646.5 1.70755e+06
187 152 148 2 177 158 25 64 143 71 83 17 26 51 |178 200 171 174 99 134 56 45 94 183 29 65 155 179 153 102 62 30 129 |9 193 74 111 78 22 106 168 91 5 118 63 107 19 77 186 182 |70 3 104 147 130 72 194 24 105 43 31 33 101 119 27 154 126 |32 120 95 113 80 53 165 100 121 137 59 115 |112 127 92 69 54 125 169 50 167 98 195 23 135 21 58 |88 132 38 36 122 150 131 1 139 66 124 61 141 |151 142 184 28 52 123 164 20 75 159 190 172 87 41 198 185 156 166 |157 97 13 89 47 35 170 60 103 145 48 86 81 40 42 79 96 |39 76 180 68 117 189 73 37 16 109 34 146 163 49 188 7 ||136 |144 108 |114 |90 |57 192 |138 162 176 46 |85 |14 55 |6 199 191 173 10 |93 67 |149 |175 |161 11 |116 18 110 133 |181 |197 |15 |44 |196 |4 82 |8 140 |128 |84 |12 |160 |
21804.3 1.61291e+06
134 192 41 88 72 21 43 177 33 81 |98 200 146 25 129 71 147 95 70 92 118 32 |24 1 65 170 155 179 5 45 178 111 30 40 48 |13 50 190 99 75 59 174 64 23 145 77 105 |90 195 20 163 79 193 137 19 53 189 68 29 125 159 |166 139 153 102 12 9 142 109 96 78 85 115 123 104 76 113 127 17 165 |39 120 69 80 150 83 16 182 148 44 31 158 184 34 143 22 167 106 168 |66 2 58 15 194 136 198 47 26 51 54 94 56 171 119 151 103 |27 154 7 172 91 183 3 117 82 131 100 152 101 42 62 |149 37 156 107 185 14 130 186 116 121 86 74 135 49 164 157 141 169 126 63 122 ||180 4 |176 114 |140 18 |181 162 67 |97 |112 |132 |138 124 |36 |57 |46 60 187 |11 |160 |188 |110 8 10 |84 133 |199 191 196 |35 |38 89 |87 |93 108 |73 |128 52 |55 6 |173 161 |175 |144 28 |61 |197 |
21956.8 1.52574e+06
155 74 109 193 9 40 101 145 186 102 |107 135 137 33 142 119 30 62 42 121 64 178 |43 46 168 78 163 160 27 52 |151 54 92 69 80 122 55 198 17 65 179 53 131 156 19 165 1 130 |56 37 105 77 139 194 148 177 10 8 103 |28 192 16 90 128 144 164 191 200 34 84 96 171 143 |159 129 86 25 23 158 48 32 120 50 13 45 115 20 75 99 49 167 123 |100 134 58 21 149 153 182 44 81 79 184 111 83 71 47 41 |70 72 152 31 166 170 104 68 26 63 183 95 39 51 76 91 94 154 195 59 98 174 |127 106 157 97 181 22 146 12 15 24 185 189 147 113 125 5 118 29 88 126 190 169 141 172 7 ||108 |3 |87 |85 176 |82 180 |112 73 |117 35 |196 187 6 |11 |2 |150 |199 |124 140 |138 |66 173 |18 110 |38 93 |116 |4 |57 |61 |36 89 |132 |136 |175 |14 60 |67 |188 |133 161 197 114 |162 |
26197.3 997136
112 140 28 181 3 116 197 188 2 139 194 16 145 152 186 102 |33 99 75 163 78 96 64 184 18 79 12 161 114 |59 24 129 74 81 151 135 40 42 62 111 34 200 ||106 142 119 146 171 178 182 |168 165 153 72 21 58 148 177 48 158 23 25 109 137 193 9 121 101 103 |20 120 5 32 29 125 89 170 |86 51 126 190 169 13 195 49 167 154 123 7 93 |100 88 113 76 172 91 50 159 141 45 56 134 115 157 98 27 22 174 143 |31 118 94 39 95 183 26 63 54 70 92 69 127 122 80 68 104 41 47 |105 30 130 166 77 37 43 156 19 107 131 185 53 179 155 189 65 17 198 147 83 71 ||138 |8 |175 |144 |15 |164 |67 160 |55 |110 10 |44 |117 |128 |90 |66 191 173 |192 180 |4 |11 |196 1 |97 |57 |61 |36 |149 |150 |108 46 |6 |132 |187 |162 133 |73 |199 124 60 |136 |85 52 |38 |176 |35 |84 |14 82 |87 
29288.3 790305
7 94 76 51 87 180 |46 60 55 151 24 100 105 43 131 185 179 155 189 65 17 198 170 |129 58 135 33 9 23 158 48 31 148 21 139 194 196 16 145 152 186 182 102 |109 166 37 53 107 156 19 175 165 130 147 83 71 |29 72 113 88 5 32 118 120 54 70 127 122 80 41 47 |77 61 50 172 69 92 63 26 183 95 39 36 68 104 |146 125 126 190 169 91 159 141 45 56 134 115 13 154 123 |20 153 177 25 86 137 193 79 121 98 174 |75 74 81 40 101 111 64 34 200 96 171 22 27 119 30 62 42 110 197 184 178 103 |142 168 106 78 163 59 195 99 157 97 49 167 143 ||8 |162 67 |4 |128 |57 |149 |84 |90 181 192 |161 18 |3 |188 |112 |6 15 |82 1 |38 133 |199 66 10 |117 73 |132 |114 |164 |150 |89 |140 28 116 176 |191 187 |35 |12 173 |2 |44 |160 52 |85 144 |138 108 93 |14 |136 |11 124 
29408 748630
107 163 94 50 141 159 91 169 190 126 172 7 |155 13 123 |69 25 182 72 21 139 194 16 145 152 186 102 |168 161 154 56 45 134 115 174 22 27 98 167 49 157 99 195 59 146 84 143 |75 81 148 58 24 77 37 14 153 |20 76 54 92 70 63 26 183 95 87 127 122 80 130 170 |89 166 129 151 135 40 42 62 30 119 111 64 34 96 171 200 ||189 74 33 48 31 177 158 109 86 137 142 193 9 79 101 121 184 178 103 |106 23 105 100 43 156 19 131 53 179 185 165 65 17 198 147 83 71 |78 120 125 88 5 118 32 29 113 51 39 68 104 41 47 ||180 38 |12 |150 |124 |67 |116 114 |18 110 140 |1 55 |10 66 191 199 |173 |6 |90 |188 |93 36 |4 112 |3 |8 197 |133 144 |175 |15 |44 |138 97 |181 108 192 52 |46 82 60 |196 187 |61 |73 |132 |164 162 |85 |28 11 |128 |136 |57 |176 |35 117 |2 |160 |149 |
29560.7 670342
166 129 151 135 40 42 62 30 111 64 34 96 171 200 |189 74 33 48 31 177 158 109 86 137 142 193 9 79 101 121 184 178 103 |23 105 100 156 19 131 53 179 185 165 65 17 198 147 83 71 |78 120 125 5 118 29 113 51 39 68 41 47 |107 32 80 122 127 69 92 70 63 26 183 95 104 |155 88 76 172 126 190 169 91 141 159 50 94 7 |119 45 56 134 115 13 154 123 |81 146 163 168 106 20 75 59 195 99 157 49 167 98 22 27 174 143 |25 37 24 58 21 139 194 72 153 130 170 |54 43 77 148 16 145 152 186 182 102 ||138 |197 |188 |93 |116 |12 |15 |112 |110 10 |44 |14 |2 |160 |52 192 |1 |73 |164 |61 |132 |150 |35 117 4 |89 38 |128 90 |11 84 |108 46 |6 82 191 |196 187 66 |162 97 |57 |133 199 28 |149 |173 |136 |36 180 |3 |55 |181 124 |8 140 18 |60 |87 |85 |67 |176 144 |175 |114 |161 
32343.1 590782
166 129 151 135 40 42 62 30 111 64 34 96 171 200 |189 74 33 48 31 177 158 109 86 137 142 193 9 79 101 121 184 178 103 |23 105 100 156 19 131 53 179 185 165 65 17 198 147 83 71 |78 120 125 5 118 29 113 51 39 68 41 47 |107 32 80 122 127 69 92 70 63 26 183 95 104 |155 88 76 172 126 190 169 91 141 159 50 94 7 |119 45 56 134 115 13 154 123 |81 146 163 168 106 20 75 59 195 99 157 49 167 98 22 27 174 143 |25 37 24 58 21 139 194 72 153 130 170 |54 43 77 148 16 145 152 186 182 102 ||138 |197 |188 |93 |116 |12 |15 |112 |110 10 |44 |14 |2 |160 |52 192 |1 |73 |164 |61 |144 |132 |38 89 |150 |35 117 4 |128 90 |66 191 173 |11 84 |108 46 |6 82 |196 187 |162 97 |57 |133 199 28 |149 |136 |3 180 |36 |55 |181 124 |8 140 18 |60 |87 |85 |67 176 |175 |114 |161 
33478.5 590286
166 129 151 135 40 42 62 30 111 64 34 96 171 200 |189 74 33 48 31 177 158 109 86 137 142 193 9 79 101 121 184 178 103 |23 105 100 156 19 131 53 179 185 165 65 17 198 147 83 71 |78 120 125 5 118 29 113 51 39 68 41 47 |107 32 80 122 127 69 92 70 63 26 183 95 104 |155 88 76 172 126 190 169 91 141 159 50 94 7 |119 45 56 134 115 13 154 123 |81 146 163 168 106 20 75 59 195 99 157 49 167 98 22 27 174 143 |25 37 24 58 21 139 194 72 153 130 170 |54 43 77 148 16 145 152 186 182 102 ||180 38 |12 |150 |124 |138 133 |116 114 |18 110 140 |1 175 |10 66 191 199 |173 187 6 |90 192 |164 |61 |3 |132 |197 |93 |35 117 4 |128 52 |160 |28 |11 84 |162 108 |36 |14 |82 |15 |149 |196 |57 |44 |136 |97 |73 |2 |188 |55 |46 |181 |112 |8 |60 |87 |85 176 |67 144 |89 |161 
36707.4 586021

Time:30
Last Iter:10
Last Update:10
Tabu:0
Last Time30
8
117 150 69 127 118 104 102 16 21 79 33 42 22 49 195 99 157 |89 57 7 13 97 200 142 177 152 194 24 77 179 63 |54 5 51 190 134 106 62 9 158 25 166 185 |68 39 76 169 94 128 45 163 135 148 58 198 32 |113 50 154 108 98 27 75 96 111 178 109 48 151 17 155 |130 83 103 8 161 34 20 159 132 29 53 156 44 129 |74 30 140 171 59 123 172 95 70 92 122 80 131 107 19 37 100 72 153 145 |189 4 71 82 165 187 186 101 121 18 114 78 188 115 56 91 183 193 86 |124 184 64 197 137 81 139 105 65 147 36 120 141 167 168 |180 41 47 170 199 182 23 31 40 119 146 84 143 144 52 174 126 125 88 26 43 ||10 |1 |11 28 133 |181 |14 |112 |136 |110 173 |6 66 196 |85 46 |192 38 |67 90 |175 |73 |176 164 |60 149 |87 |3 |2 |15 |162 116 |191 12 |55 35 |93 138 |160 |61 |
22058.7 1.75862e+06
37 44 66 2 12 8 71 112 155 150 179 53 107 131 185 14 165 149 72 139 194 102 |88 166 24 58 21 148 16 145 152 154 13 138 123 |129 32 56 115 134 168 106 20 75 59 160 78 171 96 34 200 ||156 153 47 68 104 41 157 97 98 174 46 |77 74 86 142 193 9 79 101 140 121 197 64 184 178 103 |19 42 62 30 119 146 163 195 99 49 22 176 |100 172 111 40 33 137 135 151 81 109 25 23 158 48 31 177 182 186 191 |105 5 125 132 89 36 95 183 26 63 70 127 3 122 80 189 4 65 17 198 147 83 130 170 |167 67 27 143 133 |45 43 69 92 54 120 118 29 113 51 39 76 126 190 169 91 57 50 159 141 128 94 192 7 93 ||82 117 |199 10 |35 |161 |124 |90 |175 |164 |61 |114 173 |52 116 108 |85 |28 6 |180 87 |196 15 |136 |110 |11 |60 187 1 |181 |18 84 |144 162 |38 |188 |73 55 
22081 789453
45 48 62 42 135 151 129 74 81 137 33 142 193 9 79 110 101 184 178 103 |105 119 86 40 23 158 177 182 139 194 16 145 152 186 191 102 |43 94 54 113 51 39 95 127 3 122 80 112 68 104 41 |134 92 70 189 155 179 185 14 65 17 198 147 83 71 |120 30 168 106 99 195 20 75 59 163 78 146 11 143 |69 100 37 19 77 166 24 149 72 1 153 130 170 |115 58 31 109 121 64 111 84 96 34 200 ||56 131 32 183 26 63 118 29 126 91 169 190 125 89 76 172 |25 148 107 53 192 2 44 21 165 150 47 7 123 138 |156 5 88 50 159 141 13 154 157 49 167 174 98 27 22 171 ||67 90 |61 |18 199 |82 93 |108 55 |38 36 |161 28 |35 |57 |196 15 |160 |97 |140 |4 46 |66 |85 |136 |12 8 |187 116 |144 181 162 |124 |73 |188 |133 176 10 |197 |128 |175 |164 |114 173 |52 |6 60 |180 87 |117 |132 
24931.4 731406
168 76 70 92 69 127 68 104 41 47 71 83 |59 151 135 177 148 145 152 16 196 194 139 72 153 |56 96 146 163 174 78 67 167 181 123 |75 54 122 120 118 5 32 29 88 125 126 190 169 91 61 141 159 50 94 7 |129 195 34 64 111 119 30 62 42 193 9 79 182 103 |37 106 20 99 154 13 134 115 157 97 49 98 27 22 171 200 ||100 172 74 81 31 48 158 23 25 109 86 137 33 142 40 121 140 101 184 178 |77 58 166 136 24 21 186 102 143 |43 147 165 53 156 19 107 131 185 179 155 80 189 65 17 198 130 170 |105 45 113 63 26 183 95 39 51 ||11 162 |14 |6 149 |1 187 |133 191 |44 |124 84 |132 |46 82 |55 |199 |192 |93 4 |160 52 |85 |8 |89 |2 |57 |3 180 |173 176 144 |36 38 |175 |15 |117 73 |161 114 |150 |188 |138 128 |112 35 |108 90 |60 |66 |116 |87 |110 10 |164 |12 |18 197 28 
28888.2 672315
151 80 122 118 32 29 39 51 113 76 172 13 154 123 |105 146 148 31 48 109 86 25 158 23 79 182 |120 77 165 37 43 156 19 107 131 53 179 185 155 112 189 47 |176 143 171 96 34 114 200 ||129 166 24 9 193 177 152 145 16 186 102 |5 115 141 134 45 168 106 59 75 20 195 99 157 97 49 167 98 27 22 174 |100 40 58 194 21 139 72 153 65 17 198 130 170 |42 78 68 104 41 147 83 71 |127 163 74 135 81 137 33 142 62 30 119 111 64 121 101 184 178 |56 54 69 26 92 70 63 95 183 88 125 126 190 169 91 159 50 94 7 103 ||187 144 |12 |164 |150 |133 |44 |10 124 |132 |162 |52 110 |149 |87 |128 |14 |180 |11 84 |67 90 |61 |18 199 |82 93 |108 55 |38 36 |161 28 173 |140 |136 |3 |57 192 |138 |6 |117 |60 |89 |35 1 |196 191 |160 116 |46 8 |175 |15 |66 |85 |188 |2 |197 |181 |73 4 |
32694.8 661580
157 69 54 120 5 118 32 29 113 51 39 183 95 68 104 41 47 147 83 71 |80 195 20 106 56 45 134 115 13 154 123 |99 141 26 76 88 125 126 190 169 91 159 50 94 7 |63 43 105 77 166 24 58 21 139 194 16 145 152 186 102 |127 151 111 62 30 119 146 34 96 171 143 |37 92 122 189 155 179 53 131 185 165 65 17 198 130 170 |70 100 107 156 19 72 153 |42 168 75 59 163 78 22 27 49 167 98 174 |172 74 48 40 193 9 79 101 121 64 184 178 200 ||129 148 31 135 142 33 137 81 86 109 25 23 158 177 182 103 ||46 55 |199 |90 |191 |93 4 |160 52 |175 |8 |138 164 |150 |3 |11 |136 |2 |188 |173 |110 140 197 |181 |73 |187 |35 |61 |108 |144 |36 |128 |97 176 |114 |67 |132 |112 |18 |60 |180 |85 |15 |14 117 |6 116 28 |87 |1 |84 |12 10 |38 89 |192 |196 |66 |161 133 |149 |162 124 |57 |82 |44 
33011.6 595829
157 69 54 120 5 118 32 29 113 51 39 183 95 68 104 41 47 147 83 71 |80 195 20 106 56 45 134 115 13 154 123 |99 141 26 76 88 125 126 190 169 91 159 50 94 7 |63 43 105 77 166 24 58 21 139 194 16 145 152 186 102 |127 151 111 62 30 119 146 34 96 171 143 |37 92 122 189 155 179 53 131 185 165 65 17 198 130 170 |70 100 107 156 19 72 153 |42 168 75 59 163 78 22 27 49 167 98 174 |172 74 48 40 193 9 79 101 121 64 184 178 200 ||129 148 31 135 142 33 137 81 86 109 25 23 158 177 182 103 ||55 |82 |199 161 |128 |114 |160 |52 |175 1 |138 164 |150 |136 |46 |11 |14 117 |181 |73 |57 |180 |197 110 140 |87 |61 |108 |38 |187 |36 |28 |18 |176 |93 |112 |67 |97 |3 |85 |188 |60 |4 |192 |90 |6 66 196 |84 116 |144 |8 10 |132 |12 |89 |124 |15 |173 |191 |2 |44 |35 133 |162 |149 
36034.5 593209
157 69 54 120 5 118 32 29 113 51 39 183 95 68 104 41 47 147 83 71 |80 195 20 106 56 45 134 115 13 154 123 |99 141 26 76 88 125 126 190 169 91 159 50 94 7 |63 43 105 77 166 24 58 21 139 194 16 145 152 186 102 |127 151 111 62 30 119 146 34 96 171 143 |37 92 122 189 155 179 53 131 185 165 65 17 198 130 170 |70 100 107 156 19 72 153 |42 168 75 59 163 78 22 27 49 167 98 174 |172 74 48 40 193 9 79 101 121 64 184 178 200 ||129 148 31 135 142 33 137 81 86 109 25 23 158 177 182 103 ||46 |82 |161 |187 199 |90 |144 |114 |14 |52 |176 |85 |11 |6 |12 |132 |87 |188 |10 |197 84 |181 |110 |4 180 |73 |164 |150 |97 |67 |128 |61 |18 |93 |108 55 |35 |28 173 |140 |136 |3 |57 192 |138 |60 |117 |36 |2 |175 |89 |196 191 |1 |160 116 |112 |8 |38 |15 |66 |162 133 |124 |44 |149 
36154.3 590852

Time:25
Last Iter:10
Last Update:9
Tabu:0
Last Time22
16
44 148 16 37 69 184 111 135 86 195 75 |14 131 156 155 117 41 83 170 17 65 139 21 9 96 115 7 5 92 |53 107 43 72 182 34 78 167 142 74 147 95 113 32 172 |40 79 101 197 119 49 13 126 76 183 63 68 130 19 58 152 |64 18 110 11 162 99 134 61 118 120 54 80 189 198 185 |100 77 6 199 145 8 23 137 151 129 22 45 159 91 169 |188 56 141 190 180 144 174 85 84 200 42 48 166 105 |150 179 149 153 47 73 122 127 26 51 88 57 157 106 146 30 158 177 |143 171 27 98 181 192 104 3 39 89 29 82 102 178 121 62 193 33 25 109 81 31 |186 194 24 136 175 165 35 71 133 103 52 123 138 154 94 50 125 70 20 59 163 168 ||161 124 116 |90 |132 |160 |10 140 |191 173 46 |114 |164 |87 |187 66 |196 1 |176 108 |60 55 |36 93 |112 |67 |97 |128 38 |4 |12 |2 |28 |15 |
22107.8 1.73342e+06
134 157 174 22 160 143 200 64 40 151 145 65 104 95 127 118 |137 111 146 49 97 195 75 168 132 39 41 147 80 131 21 |115 27 78 42 121 23 109 103 170 72 166 179 155 126 91 |34 178 8 177 148 194 130 17 165 107 92 29 154 106 135 86 |58 196 152 2 48 158 142 101 188 45 13 94 50 169 5 26 71 53 19 156 43 |159 141 57 125 120 117 77 9 81 74 184 98 167 7 |87 183 113 172 68 54 123 11 79 186 153 100 |116 96 119 30 62 140 10 66 191 149 31 20 190 88 63 70 69 122 47 |56 59 164 162 181 171 161 33 44 16 182 139 24 105 198 83 |99 163 85 67 108 93 36 51 76 32 73 189 150 185 37 102 193 25 129 ||124 110 144 |60 35 |38 |15 |28 84 |12 173 133 |46 176 138 |175 |112 |114 18 |82 187 |52 199 |192 90 |14 |89 |6 |3 |136 |55 4 |128 |61 |180 |1 |197 |
22318.6 1.73044e+06
42 9 33 129 148 65 71 |169 50 123 27 163 146 75 115 53 43 |23 25 193 142 151 30 96 174 59 134 56 154 94 89 29 54 189 147 16 145 |149 24 77 152 103 83 7 125 26 70 127 122 155 86 74 |158 137 101 111 11 143 160 164 97 20 106 113 170 17 179 72 166 |114 184 178 49 181 38 51 92 41 37 109 |64 197 110 10 34 78 167 157 47 198 153 102 44 156 69 |32 88 57 172 108 52 67 119 62 40 121 186 130 139 58 68 95 39 63 |21 194 31 200 171 98 85 195 168 5 183 104 131 107 19 105 100 |135 81 48 177 79 182 196 136 165 185 150 73 80 120 118 132 76 126 190 91 159 141 61 13 45 99 22 ||93 36 |87 |60 55 4 |15 199 |82 180 |90 192 |14 117 |28 |1 |128 138 144 |133 84 |188 |112 |46 161 140 |191 187 8 |2 |175 |12 173 |176 116 124 18 |162 |35 |6 66 |3 |
22696.7 1.6506e+06
129 74 142 158 31 163 188 141 50 7 189 |120 29 61 134 106 168 78 171 121 23 148 145 153 83 155 107 37 |36 76 132 126 92 65 136 43 15 58 194 48 200 ||169 91 115 49 20 75 143 101 111 193 25 139 130 198 185 122 |10 124 34 64 42 9 86 135 151 177 12 44 102 71 47 17 179 53 100 63 118 5 190 159 167 |80 117 147 41 103 173 66 1 19 184 62 119 22 27 99 109 81 |39 127 68 104 192 94 88 181 174 98 164 157 96 79 182 72 166 77 105 |170 87 183 125 172 123 13 162 160 114 18 |33 40 140 30 146 85 59 56 45 154 113 51 32 54 112 150 131 165 156 16 152 |21 24 2 186 191 178 137 195 95 26 70 69 ||28 116 8 |60 55 93 |73 |90 128 |57 |176 144 180 |175 |52 108 |11 |6 |14 |89 38 |82 |110 |84 |97 138 |133 196 |4 |46 161 |67 |3 |199 187 149 |197 |35 |
23084.6 1.63366e+06
88 126 169 172 39 63 107 105 139 152 182 48 25 146 163 49 154 |141 50 183 71 198 72 145 193 13 43 37 |58 166 175 17 47 189 92 29 32 61 174 178 64 42 9 33 109 129 |144 200 101 30 137 177 153 130 83 156 77 69 118 113 45 |179 53 165 136 65 55 170 4 190 167 78 59 111 23 148 102 103 |56 99 195 20 119 34 124 133 186 16 194 79 158 131 155 80 68 51 76 125 5 |36 87 3 122 41 57 120 70 134 157 143 184 140 40 142 86 135 |95 159 90 98 52 147 24 74 121 75 106 168 |67 27 171 10 44 31 81 151 181 7 94 132 26 54 104 |115 22 96 62 123 93 91 127 73 185 19 100 21 ||97 138 |28 8 |1 |11 |160 |192 89 |14 82 60 |116 161 |162 |188 |66 196 |117 112 |150 |176 46 114 |180 38 |110 18 |85 |15 |164 |2 |35 |191 6 |12 173 |108 128 |187 |84 197 |199 149 |
23518.4 1.61102e+06
108 136 128 100 129 42 64 10 12 16 145 152 186 187 102 |22 67 27 98 143 52 |127 43 156 19 107 131 53 179 155 65 17 198 147 83 71 93 |111 185 165 189 80 69 70 183 51 39 95 87 68 104 41 47 |166 119 62 23 48 31 44 148 21 139 61 194 72 153 130 170 |77 54 92 26 63 120 118 5 32 29 88 125 132 113 133 76 172 7 |24 121 168 106 56 45 134 115 173 157 97 49 167 174 |30 122 190 126 169 91 50 177 182 |37 159 141 94 13 154 90 138 123 85 58 158 25 86 81 74 151 135 137 33 142 193 40 9 79 101 184 178 103 |105 109 20 75 59 99 195 163 55 78 146 171 96 34 200 ||57 |160 |192 89 |36 |3 |6 124 |175 |18 197 |14 82 60 |116 161 |162 |188 |66 196 |117 112 |150 |176 46 114 |180 38 |4 |28 |1 199 191 |11 |35 |149 |84 |73 |15 |140 8 |181 |110 |2 |144 164 
23713.1 996750
183 66 189 117 107 19 165 179 53 131 185 14 65 17 130 170 153 60 |127 158 77 21 58 44 2 148 196 16 145 152 186 191 |89 100 37 43 136 72 6 28 |129 54 123 68 94 51 125 126 91 57 50 159 141 13 154 181 167 49 67 22 27 98 174 171 34 114 161 |81 61 95 192 39 88 29 32 118 120 63 26 70 92 69 122 80 73 155 150 35 198 147 83 71 |5 23 156 177 31 48 25 109 86 151 135 137 33 142 62 30 119 111 18 121 |24 172 7 45 168 106 75 59 163 146 197 64 116 200 143 |166 190 76 104 41 47 42 40 193 9 79 101 103 |74 132 20 169 56 134 115 188 97 157 99 195 160 78 96 184 182 102 199 |113 105 175 139 194 10 178 ||12 173 |124 |140 |176 |93 38 108 |46 |11 84 |164 |52 |87 36 |144 |149 |128 |8 110 |85 |15 187 |3 |55 82 1 |4 133 |180 112 |138 90 162 
24371 846240
69 48 23 109 86 81 74 129 151 135 137 142 193 9 79 10 182 103 |127 75 119 111 42 40 64 18 121 140 101 161 184 178 |105 25 177 12 44 148 2 58 21 139 194 6 153 |30 26 5 88 190 50 141 159 169 91 57 76 38 172 94 192 7 |43 63 189 35 179 53 131 19 165 72 16 145 152 186 102 |158 100 166 136 77 37 156 107 185 155 65 17 198 147 83 130 170 |24 45 27 22 171 11 84 96 34 200 ||126 62 146 78 163 59 195 99 164 49 167 98 174 143 |33 20 106 168 56 134 157 115 13 154 123 52 |31 125 80 122 92 70 54 120 118 32 29 113 51 39 183 95 87 36 68 104 41 47 71 ||144 |149 |128 |8 110 |85 |15 187 |3 |55 82 1 |4 133 |180 112 |138 90 162 |117 73 |175 |160 |132 |188 |61 |173 66 |97 46 |114 197 |196 |14 |150 |93 108 116 |67 |89 |176 199 191 60 |181 124 28 
25180.4 670707
69 48 23 109 86 81 74 129 151 135 137 142 193 9 79 10 182 103 |127 75 119 111 42 40 64 18 121 140 101 161 184 178 |105 25 177 12 44 148 2 58 21 139 194 6 153 |30 26 5 88 190 50 141 159 169 91 57 76 38 172 94 192 7 |43 63 189 35 179 53 131 19 165 72 16 145 152 186 102 |158 100 166 136 77 37 156 107 185 155 65 17 198 147 83 130 170 |24 45 27 22 171 11 84 96 34 200 ||126 62 146 78 163 59 195 99 164 49 167 98 174 143 |33 20 106 168 56 134 157 115 13 154 123 52 |31 125 80 122 92 70 54 120 118 32 29 113 51 39 183 95 87 36 68 104 41 47 71 ||144 |149 |128 |8 110 |85 |15 187 |3 |55 82 1 |4 133 |180 |138 90 162 |117 73 |175 |112 |150 |188 |61 |173 66 |160 |97 46 |114 197 |196 |14 |132 |93 108 116 |67 |89 |176 199 191 60 |181 124 28 
27875.7 669604
126 100 156 19 107 131 53 179 185 165 65 17 198 83 |63 129 142 40 121 64 34 200 184 178 182 103 |169 72 155 189 80 92 69 122 68 104 41 47 |20 193 163 59 195 99 168 106 56 45 134 157 115 13 154 123 |25 125 5 32 118 54 70 127 26 183 95 39 51 113 76 172 190 91 159 50 94 7 |120 48 42 62 30 119 146 96 171 78 22 27 49 167 98 174 143 |141 111 101 9 79 177 148 145 102 |187 153 130 170 147 71 |88 43 37 105 77 166 24 58 21 139 194 16 152 186 |29 75 74 135 151 81 33 137 86 109 23 158 31 12 ||85 |46 192 |84 |175 |144 |136 |124 133 55 |36 87 |90 52 |67 181 |93 57 |97 138 |28 8 10 |1 |11 |160 |89 |73 4 |44 |132 |3 |140 |61 |14 82 60 |116 161 |162 |188 |66 196 |117 112 |150 |6 173 176 |18 197 114 |35 |15 |199 110 |38 108 |2 |149 |164 |128 |191 |180 
32350.3 644810
106 78 75 59 163 146 30 62 111 64 34 103 |169 107 165 19 156 43 37 77 166 24 72 153 130 170 |45 113 51 39 155 179 53 131 185 14 65 17 47 71 |119 168 195 99 157 115 13 154 94 172 7 123 |105 129 74 151 135 193 142 33 137 86 109 25 23 158 79 |56 81 48 31 177 9 40 42 121 101 184 178 |20 141 76 159 50 91 126 190 125 88 32 29 5 118 63 26 183 95 68 180 104 41 |148 167 49 174 98 27 22 96 171 143 200 ||100 58 21 139 194 16 145 152 186 182 102 |134 120 54 92 70 69 127 122 80 189 35 198 147 83 ||57 |10 187 |67 |144 |196 15 |114 |110 |89 |38 |73 |36 |162 |93 181 |87 |44 |116 84 |2 |173 52 |28 140 |149 |112 4 |176 124 18 197 |199 66 12 |136 |85 |128 |164 |188 |132 |150 |175 |60 |97 |160 |108 90 138 46 |133 6 82 55 |61 |3 |8 |11 |1 191 |117 |192 |161 |
34958 640962
6 170 198 147 83 71 |106 62 135 33 142 193 177 12 44 148 152 186 182 |99 40 30 111 146 163 85 78 171 96 34 200 143 |20 151 119 42 137 129 74 81 86 109 25 23 158 79 9 101 121 64 184 178 103 |5 59 168 56 134 154 13 115 157 49 167 22 27 98 174 123 7 |75 54 169 172 94 50 141 159 91 126 190 125 76 113 51 39 95 |45 69 88 32 118 183 26 63 70 92 127 122 68 104 41 47 |29 80 156 43 37 105 77 166 24 72 153 |195 48 31 58 21 139 194 16 145 102 |100 120 189 155 131 19 107 53 179 185 165 65 17 130 ||89 |132 |38 |73 |188 |3 |36 |164 |140 |181 |128 |28 162 |116 138 |52 |176 114 |173 60 |35 14 |90 67 |15 |8 110 |112 |150 |136 |2 |108 124 |10 133 |4 |57 192 |82 175 1 |97 |11 161 |160 |180 117 |61 |196 |93 |84 |149 191 |144 |55 |46 66 199 |18 197 |87 |187 
35471.3 637597
31 100 156 37 105 77 166 24 139 194 16 145 152 102 |106 135 119 111 42 193 142 33 137 86 109 25 23 158 177 182 186 |148 43 155 185 179 107 53 131 19 165 65 17 198 130 170 |30 45 123 13 154 115 157 49 167 98 27 22 174 143 144 |94 196 58 21 15 72 153 |134 54 120 118 5 88 113 51 39 41 47 147 83 71 |168 189 80 122 69 92 70 127 63 26 183 95 68 104 |62 56 75 99 195 163 78 146 171 96 34 114 64 184 178 200 ||20 151 129 74 81 48 79 9 40 121 101 110 103 |59 32 29 141 159 50 91 169 190 126 125 89 76 172 7 ||14 6 |150 |38 176 |57 93 |73 |36 |162 |181 |87 |44 |116 84 |2 |173 52 |28 140 |149 |112 4 |124 18 197 |199 66 12 |136 |85 |128 |164 |188 |132 |108 133 60 |55 35 |8 191 |138 67 |3 |61 |192 |82 175 1 |97 |11 161 |160 |187 10 |117 |46 |180 |90 |
35761 624777
189 56 45 134 115 157 99 195 49 167 27 98 174 |148 106 20 75 59 163 78 22 171 143 |168 120 76 51 39 95 183 54 70 63 26 127 122 68 104 41 47 |32 13 61 141 159 94 123 |80 100 156 43 105 77 166 24 58 21 139 194 16 145 152 186 102 |135 72 153 165 19 131 107 53 179 185 65 17 198 130 170 147 83 71 |129 96 146 119 30 62 111 197 64 184 178 103 |155 154 151 81 33 142 137 86 109 25 23 158 48 31 177 182 |37 69 5 118 29 113 88 125 126 190 169 91 50 172 7 |92 74 79 193 9 40 42 121 101 34 200 ||44 |10 18 |87 |14 6 |28 144 |150 |3 |67 84 |55 93 52 |38 46 |199 8 |97 162 |2 |176 60 82 |1 35 |196 187 |4 117 112 |164 |188 |128 181 |160 |57 |136 |116 114 133 |191 192 |180 |138 |85 |124 110 161 |66 |132 |11 |140 173 |149 |108 36 |73 |15 |90 |12 |89 |175 |
38605.5 611822
189 56 45 134 115 157 99 195 49 167 27 98 174 |148 106 20 75 59 163 78 22 171 143 |168 120 76 51 39 95 183 54 70 63 26 127 122 68 104 41 47 |32 13 61 141 159 94 123 |80 100 156 43 105 77 166 24 58 21 139 194 16 145 152 186 102 |135 72 153 165 19 131 107 53 179 185 65 17 198 130 170 147 83 71 |129 96 146 119 30 62 111 197 64 184 178 103 |155 154 151 81 33 142 137 86 109 25 23 158 48 31 177 182 |37 69 5 118 29 113 88 125 126 190 169 91 50 172 7 |92 74 79 193 9 40 42 121 101 34 200 ||199 196 |14 6 |150 |38 176 |57 93 |138 60 |140 52 |3 55 |67 84 |82 144 |2 |28 10 |44 |18 |162 |97 46 |187 |4 117 112 |164 |188 |128 181 |160 |1 |136 |87 |116 114 133 |191 192 |180 |8 |85 |124 110 161 |66 |132 |11 |35 |149 |108 36 |73 |15 |90 |12 173 |89 |175 |
38803.7 608634
189 56 45 134 115 157 99 195 49 167 27 98 174 |148 106 20 75 59 163 78 22 171 143 |168 120 76 51 39 95 183 54 70 63 26 127 122 68 104 41 47 |32 13 61 141 159 94 123 |80 100 156 43 105 77 166 24 58 21 139 194 16 145 152 186 102 |135 72 153 165 19 131 107 53 179 185 65 17 198 130 170 147 83 71 |129 96 146 119 30 62 111 197 64 184 178 103 |155 154 151 81 33 142 137 86 109 25 23 158 48 31 177 182 |37 69 5 118 29 113 88 125 126 190 169 91 50 172 7 |92 74 79 193 9 40 42 121 101 34 200 ||196 6 |150 |38 176 |138 60 |140 52 |3 55 |67 93 |84 144 |82 14 |87 |28 10 |46 |18 |199 |187 |4 |35 117 |188 |128 181 |160 162 |1 |136 |164 |112 |97 |116 |114 133 |192 57 |191 |8 |85 |180 |161 110 124 |2 |44 |66 |11 |132 |149 |108 36 |73 |15 |90 |12 173 |89 |175 |
39212.5 604722

Time:21
Last Iter:10
Last Update:10
Tabu:0
Last Time21
5
41 68 76 91 188 168 163 200 101 142 33 81 148 145 |186 103 62 137 23 21 131 107 70 113 88 126 50 115 56 |26 32 120 112 189 172 7 123 13 75 184 79 182 30 |176 138 108 125 29 54 127 122 198 72 194 58 166 177 31 74 34 |92 3 95 89 169 106 143 42 25 153 156 |151 129 158 193 121 18 197 64 114 174 98 45 159 5 83 65 179 24 |118 39 190 154 162 164 195 157 160 119 110 40 86 135 48 16 185 |60 17 53 139 187 161 178 140 9 49 59 134 61 141 51 183 69 80 |20 99 78 171 96 146 111 124 133 170 130 147 71 47 94 14 155 19 37 105 100 152 |35 165 43 77 102 109 22 27 167 97 192 104 63 ||128 181 |117 |12 6 |93 38 180 |73 |15 |150 |55 199 |136 |46 173 8 28 |52 84 |85 |2 |144 67 |10 |90 |196 |44 66 |1 149 |36 87 |116 11 |191 82 |4 |175 |57 |132 |
21543.4 1.59137e+06
105 120 54 36 39 51 89 |73 193 79 9 40 101 121 171 96 34 184 178 200 103 |151 77 152 145 16 194 149 165 65 17 198 147 83 71 |106 135 64 146 78 163 59 195 61 |81 37 174 27 22 143 111 119 30 62 42 142 33 137 86 109 25 23 158 177 173 182 186 102 |75 43 48 31 44 148 58 21 139 24 72 153 130 170 |168 166 136 80 122 69 127 70 63 26 183 95 68 104 41 |74 118 5 29 113 76 169 88 125 190 126 91 172 93 7 108 |100 92 107 156 175 19 185 131 53 179 155 189 47 |129 32 20 98 167 49 99 157 115 56 134 45 141 159 50 94 13 154 181 123 ||10 |12 |133 |161 |11 124 |85 |14 6 |150 |57 |66 |117 |90 |87 |3 |160 |18 |114 |84 |28 140 |67 |46 |197 |112 |199 |164 |188 |15 |192 |55 |8 110 |38 |2 |144 |116 176 60 |180 82 |128 138 52 |196 187 |1 35 |191 |162 97 |132 |4 |
26360.2 708863
74 42 48 158 135 151 81 109 25 86 137 33 142 193 9 79 177 44 148 16 145 152 182 |105 94 51 39 122 127 63 26 183 95 87 68 180 104 41 47 |23 4 165 153 |166 76 113 70 92 69 80 73 189 198 147 83 71 |62 31 58 21 24 149 72 139 194 187 186 102 |132 168 45 99 195 49 167 174 98 27 22 200 178 103 |185 163 78 146 96 111 40 101 121 18 64 184 34 171 143 |129 77 179 100 37 43 156 19 107 53 150 155 65 17 130 170 |131 30 59 75 20 106 56 134 115 97 13 154 123 7 |119 157 54 120 5 118 32 29 88 125 126 190 169 91 57 159 141 50 172 ||82 1 |162 |199 |85 |161 |117 60 |66 196 |67 28 |192 89 |114 197 140 |133 55 35 |181 128 |90 46 |160 |173 |61 |36 |11 |8 110 |38 |2 |124 144 |116 10 176 |164 138 |6 |188 |112 |3 |175 |14 |136 |84 |15 |52 |108 93 |191 12 
29246.1 680641
189 47 |151 106 163 78 146 42 62 30 119 111 64 34 96 171 200 ||168 129 48 81 25 109 86 137 33 142 193 9 40 121 101 184 178 |177 127 154 13 45 134 115 157 20 75 59 99 195 49 167 98 27 22 174 143 |141 77 24 58 21 139 194 16 145 152 186 102 |92 100 37 43 156 72 153 130 170 |166 122 155 131 19 107 53 179 185 165 65 17 198 147 83 71 |105 54 159 50 76 113 63 26 183 95 51 39 68 104 41 |80 74 135 79 23 158 31 148 66 182 103 |56 69 70 120 5 118 32 29 88 125 190 126 169 91 172 94 7 123 ||4 117 |112 |97 |3 |133 |116 11 124 |57 |60 55 35 |67 164 162 |10 199 6 |84 |38 |8 |176 28 173 |90 181 |160 |85 |175 |44 |87 |14 |150 |149 |192 |188 |15 196 |36 89 |73 |93 46 |197 |18 161 110 |191 |114 52 |144 138 |12 |180 |61 |2 |140 |132 |136 |108 128 |187 1 82 
30697.2 607992
151 106 163 78 146 42 62 30 119 111 64 34 96 171 200 |168 129 48 81 25 109 86 137 33 142 193 9 40 121 101 184 178 |177 127 154 13 45 134 115 157 20 75 59 99 195 49 167 98 27 22 174 143 |141 77 24 58 21 139 194 16 145 152 186 102 |92 100 37 43 156 72 153 130 170 |166 122 155 131 19 107 53 179 185 165 65 17 198 147 83 71 |105 54 159 50 76 113 63 26 183 95 51 39 68 104 41 |80 74 135 79 23 158 31 148 66 182 103 |56 69 70 120 5 118 32 29 88 125 190 126 169 91 172 94 7 123 |47 4 189 ||90 |3 |85 |89 |133 191 |46 |82 |161 |132 |173 |140 |11 |160 |55 |162 |108 38 |15 |36 |28 6 |67 181 |14 60 |97 |61 |57 |149 199 |112 |44 |180 |128 |114 8 |1 175 |197 |110 |116 124 |144 176 52 |73 |10 |35 |12 |2 |188 |196 |150 |84 |117 |18 |192 |87 |164 |136 |187 |138 93 |
41594.5 602992

Time:24
Last Iter:10
Last Update:10
Tabu:0
Last Time24
14
8 140 111 30 48 177 103 147 41 94 98 49 78 59 5 70 122 |164 195 97 56 7 76 92 155 131 83 153 194 25 109 86 81 129 151 40 96 |80 54 29 113 95 172 141 13 123 178 163 77 |143 18 42 119 9 23 31 21 166 65 47 189 127 120 169 |27 160 181 50 91 63 68 71 130 72 16 184 74 |17 170 55 117 180 39 89 126 88 134 168 22 34 142 158 152 165 53 156 |12 102 58 105 37 43 179 69 104 190 115 157 99 106 146 200 121 |79 110 101 161 28 64 176 144 174 188 20 159 26 73 150 139 186 182 |32 125 38 51 183 112 198 185 19 100 24 171 75 45 |61 128 154 167 62 193 33 137 135 148 2 196 145 107 118 ||162 |44 |132 |4 |124 84 |90 |85 |57 192 |46 52 11 |87 |197 173 |199 1 |36 |14 6 |149 |15 |93 82 |35 |3 |116 114 |187 66 10 133 |60 191 |175 |108 138 |136 |67 |
21924.8 1.69569e+06
50 125 118 112 189 165 43 72 170 178 111 78 174 |135 86 23 79 184 171 119 106 7 39 183 69 80 156 77 153 |136 1 179 58 148 59 20 141 26 63 122 |157 188 56 49 22 64 121 42 193 25 109 81 48 145 152 139 130 198 83 172 169 159 29 |138 176 28 62 85 195 91 126 95 3 71 19 100 166 |70 92 120 113 154 144 34 160 75 33 137 129 182 53 107 |181 13 94 51 88 104 41 17 155 187 186 31 74 40 167 115 134 |197 18 101 173 177 194 65 55 147 4 150 185 76 99 146 30 151 200 ||45 168 163 67 98 27 108 192 57 68 73 131 15 16 103 158 142 |9 110 96 143 162 123 47 82 102 196 21 24 105 37 127 54 5 32 190 ||44 |90 |35 117 |46 124 140 |128 |164 |52 93 |191 114 |11 |14 |116 84 161 |8 |2 |97 |133 199 |61 |60 180 |38 |87 |36 |6 66 10 |149 |175 |12 |89 |132 |
22107.1 1.6896e+06
61 7 83 26 118 32 29 134 75 195 163 98 200 79 23 77 |17 35 14 165 55 183 174 111 101 9 33 109 152 194 139 166 |81 48 177 44 16 21 37 65 198 47 51 13 56 121 62 |164 160 59 64 178 158 151 43 104 69 92 5 125 169 |131 189 60 145 148 31 25 137 142 119 146 34 184 94 50 88 45 106 |42 30 193 66 196 175 19 105 170 41 39 76 91 70 123 143 27 78 |95 63 120 126 167 182 186 153 82 71 179 53 |38 54 73 150 130 147 72 103 140 197 40 96 157 |4 117 80 122 68 180 36 113 172 159 154 90 67 99 20 168 135 129 86 102 185 156 |100 107 155 3 127 190 141 115 188 49 22 171 18 74 58 24 ||97 |199 187 8 |85 |162 |136 |84 |128 192 176 |112 |108 |57 |52 161 |1 149 |12 |46 138 |6 10 |87 |133 11 |2 |173 110 116 |114 124 |93 89 |132 |144 181 |191 28 |15 |
22153.1 1.65365e+06
173 186 110 42 163 7 50 169 32 54 147 |176 182 196 2 109 77 107 185 92 120 29 91 159 141 |37 100 1 16 145 148 193 129 111 171 99 115 134 76 51 5 104 |78 27 188 75 114 33 158 102 170 130 19 105 166 139 122 118 88 |187 6 194 165 127 125 94 174 98 34 184 30 40 86 81 151 |41 39 113 89 190 26 167 22 143 195 20 23 25 48 21 |146 164 97 157 59 168 138 128 61 126 183 87 80 179 131 24 58 152 103 9 |153 65 83 4 189 112 53 95 38 93 108 123 154 13 200 96 119 121 79 |3 63 36 47 17 155 73 43 177 137 142 135 74 62 56 |45 90 49 106 192 172 132 70 69 68 180 71 198 14 156 149 72 31 101 64 178 ||67 11 52 |197 |136 |150 |60 199 161 |140 18 |133 84 |175 |57 |160 116 |144 |162 181 |28 124 66 |15 |55 35 82 |10 |117 46 |191 8 |12 |85 |44 |
22445.6 1.61252e+06
123 34 200 |154 174 151 74 21 24 166 100 165 189 80 92 63 51 68 5 120 172 |42 94 193 86 79 195 91 88 95 70 147 17 156 19 |119 104 76 126 159 115 157 20 56 96 111 33 109 130 155 53 77 |22 143 62 44 65 127 69 122 41 |163 52 103 182 145 15 48 81 121 30 78 45 50 169 39 198 107 |131 185 14 55 83 3 26 132 125 190 13 167 67 98 164 99 106 171 178 40 137 129 177 16 194 105 |75 124 161 8 9 25 135 148 58 72 43 179 54 32 29 168 49 27 |23 7 184 84 11 146 85 141 57 118 183 47 170 102 |113 4 71 153 6 186 152 10 101 64 28 144 59 134 142 158 31 139 37 ||140 |181 138 108 133 |38 89 |2 |93 162 |87 |61 |90 |97 |82 187 |188 |36 180 |60 176 |150 |160 |191 12 |175 |192 128 |196 |114 |149 |116 197 18 110 |66 |1 35 |117 112 |73 |46 199 173 |136 |
23947.3 1.57597e+06
52 133 199 124 138 97 161 188 18 87 38 144 60 136 |150 74 135 173 101 121 40 42 62 30 119 111 64 184 34 178 200 116 |81 29 69 63 172 76 125 113 51 134 68 104 41 47 |54 45 126 88 32 118 120 70 92 127 26 183 95 36 |56 129 79 33 9 193 142 109 86 25 23 158 48 31 177 186 182 103 |151 5 39 106 20 75 59 157 99 195 49 167 27 174 |100 80 123 98 22 163 78 146 96 171 143 |2 115 13 154 190 169 91 159 141 50 94 7 |168 148 155 122 189 165 185 179 53 107 131 19 156 175 130 170 65 17 198 147 83 71 |137 43 153 72 37 105 77 166 24 58 21 15 139 194 16 145 152 102 ||140 |181 |57 |66 187 191 |93 |117 |197 |85 |192 |160 |46 |14 |61 |1 |12 |180 89 |112 73 |176 28 110 |84 |108 162 |3 |6 149 |44 |4 |67 90 |35 82 |196 |128 |8 114 |10 |11 |164 |55 |132 
24307.4 862460
100 122 80 189 198 65 17 82 165 161 72 153 130 170 |158 92 155 131 185 179 53 107 19 156 43 37 105 77 166 136 24 58 21 139 194 102 |46 154 13 90 123 |62 54 118 5 32 29 88 190 126 125 76 51 39 183 95 36 68 104 41 47 147 83 71 |109 69 70 127 26 113 94 141 159 169 91 57 50 172 7 |106 40 171 78 163 59 20 195 99 157 49 167 |56 45 134 115 84 22 27 98 174 143 |75 25 23 48 31 177 2 148 16 145 152 66 186 182 |63 146 178 184 101 121 97 64 111 96 34 200 ||120 168 119 30 42 86 129 74 81 151 135 137 33 142 193 9 79 103 ||188 |160 |196 |52 144 162 |60 191 173 |133 |44 |89 |85 |55 |15 |114 |180 3 |35 |197 |175 199 |1 |116 |128 38 |14 117 |149 |87 |132 |61 |150 |18 |6 12 |124 140 |67 181 176 |108 192 |4 |11 |164 |110 |138 93 |187 |112 73 |28 10 8 
29356 732194
81 29 69 63 172 76 125 132 113 51 39 68 104 41 47 |54 45 126 88 32 118 120 70 92 127 26 183 95 36 |56 129 79 33 9 193 142 109 86 25 23 158 48 31 177 186 182 |5 134 106 20 75 59 157 99 195 164 49 167 27 174 |100 80 123 98 22 78 171 143 |2 115 13 154 190 169 91 159 141 50 94 7 |148 155 122 189 165 185 179 53 107 131 19 156 175 130 170 65 17 198 147 83 71 |137 43 153 72 37 105 77 166 24 58 21 15 139 194 16 145 152 102 |168 74 135 119 30 62 42 40 121 140 101 103 |151 163 146 96 34 111 64 184 178 200 ||181 |57 |66 187 191 |93 |35 |117 |90 |197 |85 |192 |149 |196 |67 |160 |46 |6 |3 |14 |61 |112 |108 |1 |10 12 |82 |73 4 |180 |89 |150 |173 28 52 133 |8 199 |128 |124 162 138 |97 |44 |11 161 |110 |84 |188 |18 |87 |38 |55 |114 |144 176 |60 |136 |116 
29730.8 641423
74 105 166 24 155 179 185 53 131 19 165 153 |37 63 127 65 17 130 170 |188 186 152 145 16 194 139 72 102 |164 151 168 163 75 106 20 59 99 195 157 49 167 98 27 22 174 143 |135 77 58 21 148 48 31 79 9 193 25 23 158 177 182 |100 129 81 109 86 137 142 40 42 62 30 119 111 64 121 101 184 178 103 |43 33 146 78 171 96 34 200 ||5 134 115 13 154 7 172 76 51 39 95 68 104 41 47 |56 156 120 118 32 29 88 125 126 190 169 91 159 141 50 94 123 |107 45 113 183 26 54 70 92 69 122 80 189 198 147 83 71 ||55 38 |181 |57 |66 187 191 |93 |35 |117 |90 |197 |85 |192 |149 |196 |67 |160 |46 |6 |3 |14 |61 |112 |108 |1 |10 12 |82 |73 4 |180 |89 |150 |173 28 52 133 |8 199 |128 |124 162 138 |97 |44 |11 161 |110 |114 144 176 |15 60 |175 |2 |116 140 18 |87 36 |132 |84 |136 
33427.4 634527
105 127 155 185 179 53 131 19 165 153 130 170 |151 168 163 75 106 20 59 99 195 167 27 22 143 |135 148 48 31 79 9 193 25 23 158 177 182 |100 129 81 109 86 137 142 40 42 62 30 119 111 64 121 101 184 178 103 |43 33 146 78 171 96 34 200 ||5 13 154 7 172 76 51 39 95 68 104 41 47 |156 120 118 32 29 88 125 126 190 169 91 159 141 50 94 123 |107 113 183 26 54 70 92 69 122 80 189 65 17 198 147 83 71 |63 56 45 134 115 157 49 98 174 |74 37 58 77 166 24 21 139 72 194 16 145 152 186 102 ||117 |187 173 |196 |191 110 |175 1 60 |2 66 |124 116 140 |57 |136 |150 |114 18 |3 180 |128 144 |85 |6 82 199 |160 |4 |52 108 93 |11 |38 |197 |12 |87 |132 |73 |149 |15 133 |192 90 |8 46 |67 164 |36 89 |188 |35 |181 138 176 |28 84 |162 97 |55 112 |10 161 |61 |44 |14 |
35742.4 603023
151 168 163 75 106 20 59 99 195 167 27 22 143 |135 148 48 31 79 9 193 25 23 158 177 182 |100 129 81 109 86 137 142 40 42 62 30 119 111 64 121 101 184 178 103 |43 33 146 78 171 96 34 200 ||5 13 154 7 93 172 76 51 39 95 68 104 41 47 |156 120 118 32 29 88 125 126 190 169 91 159 141 50 94 123 |107 113 183 26 54 70 92 69 122 80 189 198 147 83 71 |63 56 45 134 115 157 49 98 174 |74 37 58 77 166 24 21 139 72 194 16 145 152 186 102 |105 127 153 165 19 185 131 53 179 155 65 17 130 170 ||187 1 |12 |57 |89 192 |180 |11 |14 |46 |61 |132 |144 |55 |85 |66 52 |197 191 133 |2 |67 124 |161 140 18 |173 |90 181 |175 60 |87 36 |38 |15 199 |110 116 |162 138 |73 112 |176 |97 |149 |6 |8 |82 |108 |150 |4 |3 |28 |35 |196 |128 |114 |84 |10 |44 |136 |117 |160 |188 |164 
37277.4 596259
151 168 163 75 106 20 59 99 195 167 27 22 143 |135 148 48 31 79 9 193 25 23 158 177 182 |100 129 81 109 86 137 142 40 42 62 30 119 111 64 121 101 184 178 103 |43 33 146 78 171 96 34 200 ||5 13 154 7 172 76 51 39 95 68 104 41 47 |156 120 118 32 29 88 125 126 190 169 91 159 141 50 94 123 |107 113 183 26 54 70 92 69 122 80 189 198 147 83 71 |63 56 45 134 115 157 49 98 174 |74 37 58 77 166 24 21 139 72 194 16 145 152 186 102 |105 127 153 165 19 185 131 53 179 155 65 17 130 170 ||187 1 |117 |196 |191 110 |173 |12 |181 |188 |85 |160 |82 149 |144 133 |112 |61 |2 66 |18 |28 |14 |93 108 90 46 |89 180 |150 |6 |60 |15 199 |84 176 |116 |35 4 |175 |192 |162 138 |67 |87 |3 |97 52 |73 |136 |38 36 |8 |57 |10 |124 161 |44 |140 |114 |197 |128 |11 |164 |55 |132 |
41135 595031
151 168 163 75 106 20 59 99 195 167 27 22 143 |135 148 48 31 79 9 193 25 23 158 177 182 |100 129 81 109 86 137 142 40 42 62 30 119 111 64 121 101 184 178 103 |43 33 146 78 171 96 34 200 ||5 13 154 7 172 76 51 39 95 68 104 41 47 |156 120 118 32 29 88 125 126 190 169 91 159 141 50 94 123 |107 113 183 26 54 70 92 69 122 80 189 198 147 83 71 |63 56 45 134 115 157 49 98 174 |74 37 58 77 166 24 21 139 72 194 16 145 152 186 102 |105 127 153 165 19 185 131 53 179 155 65 17 130 170 ||187 1 |12 |181 |85 |188 |160 |52 144 |36 |66 191 133 |18 |2 |93 |197 |61 |89 180 |14 |136 |161 173 10 |175 60 |15 199 |6 82 |117 46 |110 116 |97 |38 192 |87 |112 73 |162 138 |149 |8 176 |84 124 |4 |3 |108 |57 |140 |35 |44 |196 |128 |90 |114 |150 |28 11 |164 67 |132 |55 
42105.3 593424
151 168 163 75 106 20 59 99 195 167 27 22 143 |135 148 48 31 79 9 193 25 23 158 177 182 |100 129 81 109 86 137 142 40 42 62 30 119 111 64 121 101 184 178 103 |43 33 146 78 171 96 34 200 ||5 13 154 7 172 76 51 39 95 68 104 41 47 |156 120 118 32 29 88 125 126 190 169 91 159 141 50 94 123 |107 113 183 26 54 70 92 69 122 80 189 198 147 83 71 |63 56 45 134 115 157 49 98 174 |74 37 58 77 166 24 21 139 72 194 16 145 152 186 102 |105 127 153 165 19 185 131 53 179 155 65 17 130 170 ||187 1 |12 |117 |181 |188 |85 |160 |36 |52 144 |66 191 133 |18 |61 |2 |93 |197 |46 |89 180 |14 |136 |161 173 |175 60 |15 199 |87 |38 192 |110 116 |97 |150 |162 138 |112 73 |44 |149 6 |8 176 |82 |28 84 124 |4 |3 |140 |108 |57 |35 |196 |128 90 |114 |10 |11 67 |164 |132 |55 
44772.4 592818

Time:36
Last Iter:10
Last Update:10
Tabu:0
Last Time36
15
168 157 195 49 163 193 137 48 31 71 104 63 91 169 |192 128 190 132 32 127 147 155 24 152 186 178 143 171 96 40 135 |88 113 26 69 122 107 19 16 158 109 151 30 115 50 |81 18 182 21 105 179 198 130 70 54 56 99 |79 101 119 27 167 97 7 57 126 159 141 39 92 80 47 153 148 165 53 |78 160 67 174 134 89 41 83 103 42 25 23 74 77 37 |2 196 145 6 102 17 185 189 183 51 61 154 146 33 |98 64 62 142 86 129 177 44 194 72 58 166 43 131 65 95 29 118 5 120 125 172 |124 184 34 11 22 164 59 90 13 94 76 87 3 68 35 156 139 111 |106 20 75 45 138 123 200 114 121 9 66 15 170 100 ||173 8 116 |150 |93 82 |46 52 176 144 |38 |84 197 |136 |85 |162 |175 |140 10 |60 187 |12 |28 161 |108 |112 |188 |199 191 55 |4 |73 |149 |110 133 |181 |180 36 |117 14 |1 |
21729.5 1.66175e+06
81 23 140 163 20 168 45 141 76 51 29 63 127 54 68 104 83 147 165 194 16 |96 59 115 134 94 123 169 71 103 145 139 24 43 193 142 |100 105 77 186 178 64 62 22 99 7 172 126 125 159 92 155 |35 17 14 41 95 120 154 157 75 171 200 102 48 |53 107 65 170 72 173 177 9 111 30 129 98 190 5 80 |113 38 93 180 55 189 122 37 143 34 167 33 137 |135 86 109 158 79 161 78 31 58 21 153 131 69 70 39 |18 42 40 25 151 182 196 198 179 150 26 89 57 61 13 49 27 106 |136 156 19 4 47 130 60 152 184 197 119 160 195 174 56 50 91 88 118 |166 149 185 36 183 32 90 85 146 121 101 74 148 ||2 66 |52 176 144 |1 175 |3 |87 |138 |6 199 191 133 |97 |108 67 |116 |73 112 |28 124 162 |192 128 |164 |187 |181 |117 |11 |132 |188 |10 8 110 |82 |15 |114 84 46 |12 |44 |
22047 1.63313e+06
160 97 106 184 33 129 31 177 102 170 17 185 131 179 107 43 80 69 54 120 29 |92 26 132 134 157 59 85 78 98 96 135 |178 28 116 114 193 182 153 130 155 53 100 77 58 123 174 159 91 190 |99 164 162 143 34 42 158 81 72 47 127 70 63 88 126 45 56 168 |89 51 36 172 125 5 7 198 194 21 137 151 101 64 171 22 27 163 75 |95 76 141 128 49 195 20 200 103 79 62 83 65 189 73 |71 147 41 180 122 94 154 115 121 40 30 25 23 48 166 37 156 |165 150 105 24 16 145 152 66 191 148 86 74 167 50 169 104 |142 9 109 111 119 146 84 124 144 187 19 39 32 118 |138 181 13 61 93 68 87 183 113 55 35 136 139 186 ||188 |18 |12 |112 |82 |57 |175 |108 38 |15 |197 11 |90 |3 |140 161 176 46 |192 |14 6 |67 |110 133 |196 52 |2 199 |60 1 |173 10 8 |4 117 |44 |149 |
22914.2 1.61515e+06
104 68 36 76 88 91 141 97 168 96 151 81 166 105 165 47 |78 84 42 129 48 31 16 130 17 147 179 63 |56 61 169 39 120 185 83 72 24 145 142 74 62 30 171 49 |65 71 41 117 3 172 143 101 25 135 59 20 |45 134 106 195 160 163 174 111 119 121 9 102 153 194 58 37 156 198 189 80 127 69 183 113 5 |125 26 54 35 44 64 22 98 |107 43 77 15 139 186 158 23 109 86 146 188 115 7 95 |126 132 29 70 92 4 155 150 53 175 182 79 184 34 11 157 13 159 50 |137 33 193 40 177 148 21 103 52 144 178 75 94 |152 170 19 131 100 73 112 122 51 32 118 190 154 123 167 27 99 200 ||164 46 |191 187 8 |28 124 18 140 110 |12 |93 128 |180 |197 |196 |2 |176 181 162 |55 82 |10 114 |38 |90 |173 |1 14 |116 161 |138 |66 |57 |136 |149 6 60 133 |108 |85 |199 192 |67 |87 |89 |
23734.8 1.50676e+06
169 122 189 155 179 21 145 9 142 86 135 146 75 |139 68 47 198 17 130 38 143 34 121 62 178 |140 19 83 170 88 167 195 200 30 81 48 158 |106 110 79 177 33 64 184 98 163 134 45 91 190 125 113 95 26 53 72 194 24 102 |151 137 2 15 117 120 76 159 141 154 27 78 20 123 |31 101 124 173 84 22 99 157 90 13 7 71 185 43 80 69 92 63 118 51 104 |176 181 73 196 16 10 103 |59 152 153 175 131 107 37 166 58 65 127 183 29 50 111 74 129 193 |39 186 172 128 56 49 174 96 42 40 25 109 23 12 105 156 147 41 |70 54 5 32 36 180 35 94 126 115 168 171 119 182 148 77 100 165 ||150 |112 |28 197 18 114 |188 |11 |55 4 |44 191 |46 52 8 |187 |93 |164 162 |82 |97 |144 |3 |132 |61 |1 |89 |160 |116 161 |138 |66 |57 |136 |149 6 60 133 |108 |85 |199 192 |67 |87 |14 |
24854.9 1.42644e+06
43 18 124 93 128 187 149 72 52 144 108 89 |49 167 143 |107 119 146 |75 7 123 188 163 121 33 135 130 17 53 156 104 127 63 26 183 39 172 159 50 |99 147 195 59 13 76 118 185 58 177 31 48 23 25 109 86 81 137 193 111 64 184 |27 71 22 67 97 20 200 47 41 95 113 70 92 136 105 166 21 194 186 182 |117 157 68 180 36 51 56 174 78 62 79 74 16 139 77 19 165 153 102 |168 192 91 169 190 29 120 54 155 170 145 24 178 30 151 142 9 101 |106 148 158 129 42 103 65 179 131 5 32 88 125 126 141 154 134 |45 198 14 37 100 6 152 40 34 96 171 98 160 115 94 122 80 69 189 83 ||164 138 |173 |116 176 46 |175 1 |55 73 |132 |61 |60 199 82 |38 |90 |191 |197 |4 35 |196 |11 |112 |57 |44 |114 110 |3 |15 |2 |162 |181 133 |161 140 |84 |85 |150 |66 12 |87 |28 10 8 
25049.4 1.3067e+06
31 88 125 76 172 126 190 91 169 141 159 50 94 192 7 123 |75 129 40 109 86 151 135 137 33 142 193 9 79 101 121 64 184 178 103 |30 168 106 56 134 45 13 154 167 49 98 27 22 174 143 |115 5 32 118 70 92 69 127 122 80 189 47 71 |62 105 77 24 156 19 107 131 185 17 170 |157 100 43 155 179 53 165 65 198 147 83 |37 74 81 48 25 23 158 177 148 186 182 |20 119 111 146 59 99 195 163 85 78 171 96 84 34 |166 54 120 29 200 51 63 113 183 95 39 26 68 41 |42 21 104 153 130 72 58 15 139 194 16 145 152 102 ||196 10 |14 |161 |136 |175 |61 |44 66 |36 |12 173 |150 |112 4 |93 |97 |60 199 187 |133 |124 138 144 176 |55 180 |116 |140 18 110 |2 |87 |188 |181 162 |117 73 |89 38 |197 11 |108 |90 |3 |164 |57 |1 6 |149 |114 |132 |128 |82 |191 |8 |46 |28 67 52 |160 |35 
27644.4 653631
106 171 123 154 50 141 159 169 91 126 89 76 |5 148 156 105 77 166 24 136 153 130 170 71 |168 119 146 78 59 195 99 56 45 134 115 188 157 49 167 98 27 22 174 143 144 |151 163 31 177 158 23 109 86 25 193 9 79 101 64 184 178 103 |29 100 43 72 58 21 139 194 196 16 145 152 186 182 102 |75 48 129 135 81 137 33 142 40 121 42 62 30 111 96 34 200 ||107 127 122 80 189 47 |32 165 19 131 53 185 179 155 35 65 17 198 147 83 |74 20 13 190 125 88 113 51 172 94 7 |37 61 118 120 54 69 92 70 63 26 183 95 39 36 68 104 41 ||110 8 |140 |66 |160 |73 |97 176 |180 55 133 |84 161 |15 187 199 |87 |181 67 |4 112 117 |6 82 |124 114 18 |85 |12 173 |11 |38 |2 |164 |44 |46 108 128 |191 28 |3 |52 138 |60 149 |10 |150 |192 57 |132 |14 1 |90 93 |197 116 |162 |175 
31317.9 638072
31 88 125 76 172 126 190 91 169 141 159 50 94 192 7 123 |75 129 40 109 86 151 135 137 33 142 193 9 79 101 121 64 184 178 103 |30 168 106 56 134 45 13 154 167 49 98 27 22 174 143 |115 5 32 118 70 92 69 127 122 80 189 47 71 |62 105 77 24 156 19 107 131 185 17 170 |157 100 43 155 179 53 165 65 198 147 83 |37 74 81 48 25 23 158 177 148 186 182 |20 119 111 146 59 99 195 163 78 171 96 34 200 ||166 54 120 29 113 51 63 26 183 95 39 68 104 41 |42 21 130 153 72 58 139 194 16 145 152 102 ||181 |161 10 |14 |89 |136 |175 |61 |44 66 |36 |12 173 |150 |11 67 |149 82 |2 |164 162 |93 46 133 |140 18 110 |15 60 |87 180 |199 |188 |73 55 |97 138 |187 196 |124 144 176 116 |191 |108 38 |57 |197 |117 4 |90 |3 |1 6 |114 |132 |128 |84 |112 |8 |28 52 |160 |35 |85 
32218.4 609273
31 88 125 76 172 126 190 91 169 141 159 50 94 192 7 123 |75 129 40 109 86 151 135 137 33 142 193 9 79 101 121 64 184 178 103 |30 168 106 56 134 45 13 154 167 49 98 27 22 174 143 |115 5 32 118 70 92 69 127 122 80 189 47 71 |62 105 77 24 156 19 107 131 185 17 170 |157 100 43 155 179 53 165 65 198 147 83 |37 74 81 48 25 23 158 177 148 186 182 |20 119 111 146 59 99 195 163 78 171 96 34 200 ||166 54 120 29 113 51 63 26 183 95 39 68 104 41 |42 21 130 153 72 58 139 194 16 145 152 102 ||11 |149 |97 |67 |2 |44 |124 |164 |61 |55 |85 |187 8 |73 |1 52 |117 |89 |128 90 |175 |87 |36 |180 4 |82 |160 |162 |136 |196 66 |150 |15 199 |176 10 |46 |114 84 |112 |197 144 |12 |38 |108 |35 |60 191 6 |138 |133 |18 140 116 |3 |14 |188 |132 |57 |161 |28 |93 |181 |110 |173 
35856.8 608424
31 88 125 76 172 126 190 91 169 141 159 50 94 192 7 123 |75 129 40 109 86 151 135 137 33 142 193 9 79 101 121 64 184 178 103 |30 168 106 56 134 45 13 154 167 49 98 27 22 174 143 |115 5 32 118 70 92 69 127 122 80 189 47 71 |62 105 77 24 156 19 107 131 185 17 170 |157 100 43 155 179 53 165 65 198 147 83 |37 74 81 48 25 23 158 177 148 186 182 |20 119 111 146 59 99 195 163 78 171 96 34 200 ||166 54 120 29 113 51 63 26 183 95 39 68 104 41 |42 21 130 153 72 58 139 194 16 145 152 102 ||181 |161 10 |14 |89 |136 |175 |61 |44 66 |36 |12 173 |150 |11 67 |149 82 |2 |73 |128 162 |4 55 |117 |97 |15 |52 |196 1 |176 |133 |87 |116 |160 |199 140 |18 110 |85 46 |108 |180 |90 |3 |60 114 |38 |93 |197 |144 |35 |188 |57 |191 |132 |84 |164 |112 |8 |28 |6 |124 |187 |138 
36483.6 607612
31 88 125 76 172 126 190 91 169 141 159 50 94 192 7 123 |75 129 40 109 86 151 135 137 33 142 193 9 79 101 121 64 184 178 103 |30 168 106 56 134 45 13 154 167 49 98 27 22 174 143 |115 5 32 118 70 92 69 127 122 80 189 47 71 |62 105 77 24 156 19 107 131 185 17 170 |157 100 43 155 179 53 165 65 198 147 83 |37 74 81 48 25 23 158 177 148 186 182 |20 119 111 146 59 99 195 163 78 171 96 34 200 ||166 54 120 29 113 51 63 26 183 95 39 68 104 41 |42 21 130 153 72 58 139 194 16 145 152 102 ||11 |161 |67 |97 |2 |44 |124 6 |35 82 |164 |136 |85 |52 |144 |187 |61 |28 46 |15 |90 |181 |14 55 |89 |175 60 |196 |36 |150 |138 93 |38 180 |197 84 176 |57 |112 |162 |12 10 |117 4 |128 |110 18 |133 |87 |188 |1 |149 |132 |191 199 66 |8 116 |108 |160 |140 114 |73 |3 |173 
36651.1 607611
42 58 21 139 194 72 153 |31 88 125 76 172 126 190 91 169 141 159 50 94 192 7 123 |75 129 40 109 86 151 135 137 33 142 193 9 79 101 121 64 184 178 103 |30 168 106 56 134 45 13 154 167 49 98 27 22 174 143 |115 5 32 118 70 92 69 127 122 80 189 47 71 |62 105 77 24 156 19 107 131 185 17 130 170 |157 100 43 155 179 53 165 65 198 147 83 |37 74 81 48 25 23 158 177 148 16 145 152 186 182 102 |20 119 111 146 59 99 195 163 78 171 96 34 200 ||166 54 120 29 113 51 63 26 183 95 39 68 104 41 ||161 10 |14 |89 |136 |175 |61 |44 66 |36 |12 173 |150 |97 162 |55 180 93 46 |60 199 187 196 133 |124 138 144 176 |117 4 |11 116 |140 18 110 |15 |2 |87 |188 |73 |164 |108 38 |197 |90 |82 52 |128 181 |57 |1 6 191 |3 |85 |160 67 |28 |149 |35 |132 |8 |84 |112 |114 
39459.1 606021
42 58 21 139 194 72 153 |31 88 125 76 172 126 190 91 169 141 159 50 94 192 7 123 |75 129 40 109 86 151 135 137 33 142 193 9 79 101 121 64 184 178 103 |30 168 106 56 134 45 13 154 167 49 98 27 22 174 143 |115 5 32 118 70 92 69 127 122 80 189 47 71 |62 105 77 24 156 19 107 131 185 17 130 170 |157 100 43 155 179 53 165 65 198 147 83 |37 74 81 48 25 23 158 177 148 16 145 152 186 182 102 |20 119 111 146 59 99 195 163 78 171 96 34 200 ||166 54 120 29 113 51 63 26 183 95 39 68 104 41 ||161 10 |14 |89 |136 |175 |61 |44 |173 |36 |66 |160 |73 117 55 |15 60 |2 199 |87 180 |46 187 133 |150 |188 |93 124 176 |196 |97 138 |144 11 116 |12 |4 |140 18 110 |164 |108 38 |197 |90 |82 52 |128 181 |57 |1 6 191 |3 |85 |162 67 |28 |149 |35 |132 |8 |84 |112 |114 
39588.1 603366
42 58 21 139 194 72 153 |31 88 125 76 172 126 190 91 169 141 159 50 94 7 123 |75 129 40 109 86 151 135 137 33 142 193 9 79 101 121 64 184 178 103 |30 168 106 56 134 45 13 154 167 49 98 27 22 174 143 |115 5 32 118 70 92 69 127 122 80 189 47 71 |62 105 77 24 156 19 107 131 185 17 130 170 |157 100 43 155 179 53 165 65 198 147 83 |37 74 81 48 25 23 158 177 148 16 145 152 186 182 102 |20 119 111 146 59 99 195 163 78 171 96 34 200 ||166 54 120 29 113 51 63 26 183 95 39 68 104 41 ||161 10 |67 |150 |2 |82 |164 162 |136 |128 |188 |52 176 144 |173 |60 180 |112 73 |138 |197 133 |196 1 |35 4 55 |199 192 93 |87 36 |11 116 124 46 |160 |140 |18 110 |85 |108 |89 |90 |3 |114 |38 |61 |149 |14 117 |97 |8 66 |6 |175 |132 |12 187 |57 |84 |191 |181 |28 |44 |15 |
44547.4 601090

Time:44
Last Iter:10
Last Update:10
Tabu:0
Last Time44
14
124 171 167 97 134 61 88 51 39 95 183 120 83 165 131 37 86 81 121 |91 172 89 87 32 5 112 147 153 102 182 184 62 142 20 56 |101 119 78 106 198 179 156 100 72 194 |99 195 157 22 11 111 40 23 77 105 41 70 118 159 |139 187 130 170 14 155 94 141 169 98 168 42 79 151 74 |113 26 104 47 71 82 53 24 158 193 129 178 34 163 75 115 13 7 |25 109 31 145 15 19 65 54 125 45 49 174 123 200 30 |154 50 190 132 38 92 69 80 189 117 17 175 166 21 148 44 177 137 135 186 103 146 59 |64 96 116 138 90 126 76 68 127 122 63 185 107 43 16 9 33 |196 152 6 191 2 58 48 143 27 108 29 73 ||66 52 |4 55 |144 162 |114 197 |192 |84 |28 8 110 |199 18 |181 128 |150 |136 |35 1 |176 67 |161 140 |188 |60 173 10 |164 |160 |85 |133 46 93 |180 36 |149 |12 |3 |57 |
22360.2 1.72324e+06
116 192 90 117 82 187 181 34 114 96 171 22 27 98 162 144 |151 53 74 33 142 193 109 25 23 158 177 72 149 24 58 21 139 194 16 145 152 186 182 191 102 60 |40 80 127 69 92 70 63 26 87 68 104 41 47 |137 106 59 85 146 119 30 62 42 111 64 121 101 184 178 200 103 |148 115 157 78 163 75 20 99 195 164 49 167 174 143 176 46 |168 31 48 9 79 153 107 179 155 189 4 198 147 83 71 |135 54 120 5 32 183 95 39 51 113 76 38 172 |81 118 29 159 141 13 154 123 7 |129 56 134 45 88 125 190 126 169 91 57 50 94 |86 122 100 166 77 105 37 43 156 19 131 185 165 65 17 130 170 ||66 196 |188 |128 |61 |3 |140 |1 |199 6 |138 67 |197 |150 |173 12 |14 |44 |136 |160 133 |35 |2 |73 112 |180 36 |89 |108 |132 |93 52 |55 |84 |175 |15 |161 18 |11 |97 |10 8 110 28 124 
22529.6 721854
136 87 117 187 17 65 198 89 |100 36 182 186 152 145 16 194 139 21 58 166 24 72 153 130 170 103 |77 148 179 107 156 19 53 131 165 185 155 189 112 80 180 |43 137 158 23 9 110 101 121 146 163 160 78 171 96 34 200 ||59 31 177 48 25 109 86 129 74 81 135 33 142 193 40 42 62 30 119 111 64 184 178 |151 168 75 20 99 195 22 27 98 174 |37 79 154 13 56 134 115 157 49 167 143 |122 45 172 91 159 141 50 94 123 7 |105 5 120 54 70 92 69 127 63 26 183 95 68 104 41 47 147 83 71 |106 102 76 169 190 126 125 88 118 32 29 113 51 39 ||55 |114 8 |28 176 138 |93 108 60 |67 11 |61 |10 140 |1 |38 192 |15 196 |164 |44 |197 161 46 52 |191 |3 |57 |173 |85 |124 18 |175 199 |2 |128 181 |66 12 |4 |188 |73 |149 |132 |84 |90 |14 |150 |116 144 133 |6 |162 97 |82 35 
27843 713887
81 168 56 45 134 115 13 154 94 7 123 |100 194 14 155 189 122 68 104 41 47 147 130 170 |54 139 63 32 88 76 39 51 113 125 126 190 169 91 159 141 195 99 157 97 49 167 98 27 22 174 |80 151 135 33 193 79 101 103 |118 72 34 96 146 30 119 111 161 200 ||77 50 69 92 70 127 26 183 95 172 20 75 59 163 160 78 171 143 |29 37 153 107 105 43 156 19 131 53 179 185 165 65 17 198 83 71 |5 166 129 9 142 137 86 109 25 23 158 182 |106 58 21 148 48 31 177 152 145 16 186 102 |120 24 74 40 62 42 121 64 184 178 ||132 |8 173 |162 116 124 |188 |46 144 |84 |138 192 |191 |150 |55 35 |140 |180 |2 |66 |61 |6 12 |36 |197 110 133 |57 |3 |108 128 181 |87 |11 |85 |117 73 |1 175 |164 |10 |44 |199 |196 82 |149 60 |187 176 52 |93 |28 18 114 |89 38 |136 |90 67 |15 |4 112 
27965.5 686479
54 154 155 165 185 179 53 107 131 19 156 175 130 170 |141 37 43 69 92 70 63 26 127 122 80 189 147 83 71 |99 120 76 95 39 51 113 118 5 32 29 88 125 190 169 91 126 172 68 |183 100 58 24 21 139 145 16 194 72 153 17 65 198 47 41 104 |151 13 163 59 20 106 168 56 45 134 115 188 157 49 167 98 174 |105 109 193 9 101 121 111 171 123 7 |75 129 74 135 119 146 78 143 |81 77 31 177 158 23 25 86 137 33 142 40 30 62 42 64 184 178 103 |166 159 50 94 144 27 22 84 96 34 200 ||195 79 48 2 148 152 66 186 182 102 ||128 |87 |73 |97 |160 |89 |36 180 |136 |110 |112 |55 187 |114 8 |28 176 138 |93 108 60 |67 11 |61 |10 140 |1 |38 192 |15 196 |164 |44 |197 161 46 52 |191 |3 |57 |173 |85 |133 124 18 116 |12 6 |162 181 90 |132 |199 14 |82 35 117 |150 |4 |149 
30351.3 682557
100 45 30 119 96 146 78 163 195 99 49 167 22 27 98 174 143 200 |180 36 104 47 |106 107 43 194 139 21 77 166 24 149 72 153 65 17 198 130 170 |20 53 58 121 101 79 23 158 48 31 177 12 148 16 145 152 186 102 |54 37 165 179 185 155 127 3 122 80 189 147 83 71 |75 57 141 56 134 157 115 13 154 123 |59 156 182 25 109 81 74 129 151 135 137 33 142 193 9 40 42 62 111 64 34 184 178 103 |168 171 126 190 169 91 159 50 94 7 |86 131 120 5 118 32 29 88 125 113 51 39 76 172 |105 19 69 92 70 63 26 183 95 68 41 ||124 |89 |87 |11 |187 |82 14 |15 |132 |38 |97 |61 |162 160 |73 117 |175 |112 |44 |116 138 108 |90 52 144 |196 6 191 |2 66 |4 55 |28 8 110 |199 18 |181 128 192 |150 |136 |114 197 |84 |35 1 |176 67 |161 140 |188 |60 173 10 |164 |85 |133 46 93 
30470.9 653778
172 100 37 77 166 24 58 21 139 72 153 130 170 |134 151 129 74 81 86 109 23 158 9 79 103 |20 25 137 33 142 193 40 96 34 200 143 |135 106 115 157 99 75 59 163 85 164 49 167 22 27 98 174 13 154 123 7 |78 190 126 88 5 54 70 92 69 127 3 104 |195 105 155 107 156 19 131 53 179 185 165 65 17 198 147 83 |168 171 146 42 62 30 119 111 64 121 101 184 178 28 |43 177 48 31 44 148 194 16 145 152 186 182 102 133 |45 76 51 189 80 122 41 47 71 |118 56 94 50 141 159 91 169 125 132 113 29 32 120 63 26 183 95 39 68 ||11 |10 |136 |124 |55 |196 |191 |138 |57 |18 114 116 |2 |6 |150 |52 8 |1 149 |140 |12 |162 160 |38 |61 |161 |181 |35 112 |117 |197 110 173 |199 187 66 |82 14 |144 84 |60 175 |128 |36 87 |73 |15 |188 |97 176 |67 93 |89 192 |108 90 46 |4 180 
33159 650035
120 123 94 189 80 122 69 92 70 63 26 183 95 87 68 104 41 47 |100 118 50 141 159 91 126 5 32 29 125 113 39 51 89 76 172 7 |54 127 60 21 139 196 194 16 145 152 186 102 |105 56 45 115 134 168 75 20 59 195 99 157 49 167 67 98 27 22 174 143 |106 58 166 24 175 156 19 165 65 17 198 147 83 71 |190 155 179 185 149 72 153 |169 37 107 53 131 136 130 170 |77 42 148 48 74 129 151 135 79 121 101 64 184 178 103 |88 81 31 111 119 30 62 40 9 193 142 33 137 86 109 25 23 158 177 182 |43 13 154 176 146 163 78 171 96 34 200 ||191 |150 |55 35 |140 |82 180 |2 |12 |36 |6 |73 |4 |116 |1 |197 84 |138 |15 199 |8 173 161 |66 |61 |38 |164 |117 |108 |52 18 46 |10 |187 |90 162 |114 |110 |132 |128 181 |188 |44 |97 |160 |85 |14 133 |3 |57 93 |144 192 |11 124 28 |112 
33529.2 649425
43 176 146 163 78 171 96 34 200 |59 48 129 74 135 42 62 30 119 111 64 184 178 |151 168 75 20 99 195 22 27 98 174 |37 79 154 13 56 134 115 157 49 167 143 |122 45 172 91 159 141 50 94 123 7 |105 5 120 54 70 92 69 127 63 26 183 95 68 104 41 47 147 83 71 |106 76 169 190 126 125 88 118 32 29 113 51 39 |100 153 72 166 24 58 21 139 194 148 16 145 152 186 182 191 102 |86 80 189 165 19 156 107 131 185 53 179 150 155 65 17 198 130 170 |77 81 31 177 158 23 109 25 137 33 142 193 9 40 121 101 103 ||55 35 |140 |82 180 |2 |12 |36 |6 |73 |4 |116 |1 |197 84 |138 |15 199 |8 173 161 |66 |61 |38 |164 |117 |108 |52 18 46 |10 |187 |90 162 |114 |110 |132 |128 181 |188 |44 |97 |160 |85 |14 133 |3 |57 93 |144 192 |11 124 28 |112 |87 |89 |60 196 |67 |175 |149 |136 |
34205.2 611089
146 43 101 40 9 193 142 33 137 109 25 23 158 177 |77 121 163 78 171 96 34 200 ||59 48 129 74 81 135 42 62 30 119 111 64 184 178 103 |151 168 75 20 99 195 22 27 98 174 |37 79 154 13 56 134 115 157 49 167 143 |122 45 172 91 159 141 50 94 123 7 |105 5 120 54 70 92 69 127 63 26 183 95 68 104 41 47 147 83 71 |106 76 169 190 126 125 88 118 32 29 113 51 39 |100 31 153 72 166 24 58 21 139 194 148 16 145 152 186 182 191 102 |86 80 189 165 19 156 107 131 185 53 179 150 155 65 17 198 130 170 ||55 35 |140 |82 180 |2 |12 |36 |6 |73 |4 |116 |1 |197 84 |138 |15 199 |8 173 161 |66 |61 |38 |164 |117 |108 |52 18 46 |10 |187 |90 162 |114 |110 |132 |128 181 |188 |44 |97 |160 |85 |14 133 |3 |57 93 |144 192 |11 124 28 |112 |87 |89 |60 196 |67 |175 |149 |176 |136 
35189.1 610521
43 176 146 163 78 171 96 34 200 |59 48 129 74 135 42 62 30 119 111 64 184 178 |151 168 75 20 99 195 22 27 98 174 |37 79 154 13 56 134 115 157 49 167 143 |122 45 172 91 159 141 50 94 123 7 |105 5 120 54 70 92 69 127 63 26 183 95 68 104 41 47 147 83 71 |106 76 169 190 126 125 88 118 32 29 113 51 39 |100 153 72 166 24 58 21 139 194 148 16 145 152 186 182 199 102 |86 80 189 165 19 156 107 131 185 53 179 150 155 65 17 198 130 170 |77 81 31 177 158 23 109 25 137 33 142 193 9 40 121 101 103 ||61 |117 |52 |66 6 |164 |180 |2 |188 |12 |35 |116 |138 |15 |108 |191 |140 |3 55 |161 11 |160 |82 |196 173 |84 |97 |181 90 |44 |67 |114 197 28 |124 187 |73 4 |10 18 |1 |85 |36 |162 |14 133 |46 |57 93 |144 192 |38 |112 |87 |89 |60 8 |110 |175 |149 |136 |128 |132 
39421.1 609385
43 137 146 163 78 171 96 34 200 |59 48 129 74 135 42 62 30 119 111 64 184 178 |151 168 75 20 99 195 22 27 98 174 |37 79 154 13 56 134 115 157 49 167 143 |122 45 172 91 159 141 50 94 123 7 |105 5 120 54 70 92 69 127 63 26 183 95 68 104 41 47 147 83 71 |106 76 169 190 126 125 88 118 32 29 113 51 39 |100 153 72 166 24 58 21 139 194 148 16 145 152 186 182 191 102 |86 80 189 165 19 156 107 131 185 53 179 150 155 65 17 198 130 170 |77 81 31 177 158 23 109 25 33 142 193 9 40 121 101 103 ||35 |55 |140 |8 |44 66 |61 |38 36 |132 |162 93 |6 173 52 |116 84 |138 |15 196 |108 |114 |2 133 |180 176 |160 |192 124 |11 46 |112 4 |10 18 110 |136 |12 |57 |3 |87 |164 67 |85 |199 60 |149 |14 117 |144 181 90 |187 28 |161 |97 |89 |197 |188 |73 |1 |82 |175 |128 |
39474.2 609261
43 137 146 163 78 171 96 34 200 |59 48 129 74 135 42 62 30 119 111 64 184 178 |151 168 75 20 99 195 22 27 98 174 |37 79 154 13 56 134 115 157 49 167 143 |122 45 172 91 159 141 50 94 123 7 |105 5 120 54 70 92 69 127 63 26 183 95 68 104 41 47 147 83 71 |106 76 169 190 126 125 88 118 32 29 113 51 39 |100 153 72 166 24 58 21 139 194 148 16 145 152 186 182 191 102 |86 80 189 165 19 156 107 131 185 53 179 150 155 65 17 198 130 170 |77 81 31 177 158 23 109 25 33 142 193 9 40 121 101 103 ||55 35 |140 |180 |2 |66 |61 |6 12 |36 |197 173 |116 84 |196 15 |114 |133 108 138 |124 176 |160 |192 93 |38 |11 46 |4 112 |10 |18 110 |136 |57 |3 |87 |199 |164 67 |149 |14 60 |144 |28 |161 |187 |97 181 |89 |188 |132 |90 |117 |85 |44 |162 52 |73 |1 82 |8 |175 |128 |
40608.6 607181
43 137 146 163 78 171 96 34 200 |59 48 129 74 135 42 62 30 119 111 64 184 178 |151 168 75 20 99 195 22 27 98 174 |37 79 154 13 56 134 115 157 49 167 143 |122 45 172 91 159 141 50 94 123 7 |105 5 120 54 70 92 69 127 63 26 183 95 68 104 41 47 147 83 71 |106 76 169 190 126 125 88 118 32 29 113 51 39 |100 153 72 166 24 58 21 139 194 148 16 145 152 186 182 191 102 |86 80 189 165 19 156 107 131 185 53 179 150 155 65 17 198 130 170 |77 81 31 177 158 23 109 25 33 142 193 9 40 121 101 103 ||55 35 |140 |8 |44 66 |61 |38 36 |132 |162 93 |6 |173 |52 |116 84 |108 138 |15 196 |114 |2 133 |180 176 |160 |11 46 |4 112 |10 197 |18 110 |136 |57 |3 |87 |199 |164 67 |149 |14 60 |144 |28 |161 |187 |97 181 |89 |188 |12 |90 |117 |85 |192 |124 |73 |1 82 |175 |128 |
42302.1 605061

Time:38
Last Iter:10
Last Update:10
Tabu:0
Last Time38
5
32 200 94 88 61 141 159 50 91 169 190 126 172 7 |129 146 30 106 99 195 20 75 59 163 85 160 78 22 27 98 174 143 144 |119 120 122 5 54 26 63 70 92 69 127 3 68 104 |100 80 125 76 89 113 51 39 183 95 87 41 |29 96 171 167 49 157 56 45 134 115 188 13 154 123 |168 74 184 142 33 137 109 86 193 25 23 158 177 148 44 10 103 |81 170 178 34 64 111 62 42 40 9 79 121 140 101 110 173 182 186 191 102 |118 107 156 19 165 185 131 53 179 150 155 35 65 17 198 147 83 |151 77 105 37 43 14 189 4 47 71 |135 130 31 48 152 145 16 194 139 58 21 15 166 24 149 72 153 60 ||117 |52 |82 |124 11 |162 |138 67 |133 114 |93 108 |175 |112 |164 46 |176 161 |84 |196 66 |116 28 8 |187 1 199 |97 |2 |132 |90 181 192 |38 |197 18 |57 |128 |36 |73 |180 55 |6 12 |136 
20917.7 697300
65 168 106 75 99 56 45 134 115 157 90 123 |48 160 119 146 96 171 103 |129 198 153 170 78 85 163 59 195 164 49 167 22 27 98 174 143 |107 118 32 159 141 13 154 94 7 |20 130 69 92 70 26 63 88 125 126 190 169 91 50 172 |101 121 64 34 200 ||37 86 31 74 81 135 137 109 25 158 142 193 79 9 40 42 62 30 111 184 178 |33 17 177 148 72 24 166 58 21 139 194 16 145 152 186 182 102 |151 80 122 127 54 120 5 29 76 113 51 39 183 95 68 104 41 |23 100 77 105 43 156 19 53 131 165 185 179 155 189 47 71 147 83 ||136 |108 |196 |188 |140 |187 |15 |12 |60 |132 |55 36 |1 175 |35 4 |180 112 |150 |89 |197 114 52 |2 |173 110 |128 |191 |18 |3 |14 |192 |44 |117 |84 11 116 124 |67 144 46 |87 |61 |138 176 133 |6 149 |8 10 |93 162 |38 |57 |73 |97 |161 199 |82 66 |181 28 
29473.6 657094
74 80 120 5 26 183 95 39 51 113 132 76 172 68 104 41 47 |167 49 22 27 98 174 |92 106 75 20 195 99 157 134 56 45 115 13 154 123 |70 168 59 163 78 146 30 62 42 111 64 184 178 |143 171 96 34 200 ||37 119 81 151 135 86 109 25 137 33 142 193 9 40 121 101 103 |129 166 79 23 158 48 31 177 148 194 16 145 152 186 182 102 |69 21 139 72 153 155 131 165 65 198 147 83 71 |127 58 77 105 100 43 156 19 107 53 179 185 17 130 170 |24 54 189 122 63 118 32 29 88 125 126 190 169 91 141 159 50 94 7 ||38 |3 |14 |87 |73 |44 199 |35 112 |191 173 28 |117 55 |10 |97 138 |11 |149 |187 |12 |84 |164 |160 67 |140 |180 |2 |85 52 |108 |116 161 |8 |110 176 144 |175 |128 93 192 |114 |136 |60 196 |188 |89 36 |150 |197 |1 |4 |133 |90 46 |61 |124 18 |15 6 |57 |66 |162 |82 |181 
31620.6 604019
74 80 120 5 26 183 95 39 51 113 76 172 68 104 41 47 |167 49 22 27 98 174 |92 106 75 20 195 99 157 134 56 45 115 13 154 123 |70 168 59 163 78 146 30 62 42 111 64 184 178 |143 171 96 34 200 ||37 119 81 151 135 86 109 25 137 33 142 193 9 40 121 101 103 |129 166 79 23 158 48 31 177 148 194 16 145 152 186 182 102 |69 21 139 72 153 155 131 165 65 198 147 83 71 |127 58 136 77 105 100 43 156 19 107 53 179 185 17 130 170 |24 54 189 122 63 118 32 29 88 125 126 190 169 91 141 159 50 94 7 ||44 |11 |108 |114 |138 |117 |66 |8 |38 |82 |10 191 60 |12 187 |176 |89 |110 46 |181 |192 |199 |35 4 55 |180 112 |73 |14 |160 |28 |149 1 |2 |36 |162 |188 |128 |52 |197 116 |6 |196 |132 |57 |3 |84 |61 |97 |85 144 |15 |164 67 |87 |175 |18 |90 |133 124 173 |93 |150 |161 140 
36415.5 603459
74 80 120 5 26 183 95 39 51 113 76 172 68 104 41 47 |167 49 22 27 98 174 |92 106 75 20 195 99 157 134 56 45 115 13 154 123 |70 168 59 163 78 146 30 62 42 111 64 184 178 |143 171 96 34 200 ||37 119 81 151 135 86 109 25 137 33 142 193 9 40 121 101 103 |129 166 79 23 158 48 31 177 148 194 16 145 152 186 182 102 |69 21 139 72 153 155 131 165 65 198 147 83 71 |127 58 77 105 100 43 156 19 107 53 179 185 17 130 170 |24 54 189 122 63 118 32 29 88 125 126 190 169 91 141 159 50 94 7 ||67 |196 |140 |10 |14 |12 |187 |90 |3 |36 |197 18 |38 192 |161 |87 |89 |176 46 |175 |110 173 |4 55 |15 |2 |114 |117 |44 |108 |84 |150 |144 181 93 |1 |136 |8 133 |124 |149 |73 |162 128 |28 60 |61 |132 |191 |180 |82 |11 |112 |66 |97 |160 |188 |85 |52 |116 |6 |138 164 |199 35 |57 
36919.8 598872

Time:42
Last Iter:10
Last Update:10
Tabu:0
Last Time42
9
200 184 114 42 158 31 2 145 16 17 185 179 53 118 32 50 141 134 49 78 |75 157 154 190 113 39 189 155 105 77 182 178 34 101 135 163 |12 177 23 148 21 186 102 153 147 83 47 80 27 22 167 45 168 64 62 30 |14 149 72 43 70 76 88 7 56 59 40 142 74 |35 198 4 73 122 92 36 41 125 169 159 98 9 137 81 109 194 58 131 |174 162 46 93 104 112 127 63 51 89 132 29 54 37 86 129 111 119 |96 171 146 197 161 10 52 123 181 20 5 65 |69 150 107 19 156 24 187 130 170 71 172 128 13 115 195 79 33 |15 166 100 165 152 25 121 99 94 91 126 183 95 26 |66 139 48 193 151 103 143 188 106 57 68 120 ||38 192 |199 6 173 |117 |175 82 |55 |87 |97 |18 |136 |60 196 |110 140 |44 |85 |28 11 |1 133 |116 124 176 144 |67 160 |90 |61 |3 |191 8 |108 138 |164 |84 |180 |
22362 1.73379e+06
197 193 22 174 147 69 92 185 131 43 37 100 166 58 |78 98 195 157 94 41 47 83 19 156 177 48 86 111 125 29 5 120 |151 23 40 121 163 126 63 127 54 155 165 65 |180 95 132 128 7 138 143 200 84 85 75 106 168 134 42 135 182 186 102 21 53 179 |169 91 183 3 122 104 198 170 158 20 115 |76 51 88 32 70 50 35 105 77 24 16 148 25 142 33 81 79 184 178 |56 97 154 192 159 113 189 17 130 103 152 109 137 74 9 30 146 96 34 |14 107 80 118 89 123 181 167 49 45 64 101 119 194 139 |153 82 175 150 73 4 71 52 108 13 141 190 26 171 145 |57 172 39 68 61 99 59 27 11 18 161 62 129 31 72 ||87 |38 144 |191 6 10 |114 140 133 |164 |112 |93 |187 15 |1 149 |12 66 60 |173 |90 162 |116 8 |188 |196 |28 |136 |36 55 |46 176 124 110 |199 |117 |160 67 |2 |44 |
22914.9 1.57624e+06
156 192 190 126 169 91 57 50 159 141 13 154 90 123 71 83 147 170 |59 135 42 184 62 30 119 111 64 197 121 140 101 110 |37 2 129 151 23 25 109 86 137 33 142 193 40 9 79 8 103 |105 148 182 72 24 58 15 21 139 194 196 16 145 152 187 186 102 133 |166 1 31 48 158 177 178 124 200 ||107 153 34 171 96 146 163 85 78 22 27 143 52 |74 165 130 157 115 134 45 56 168 106 75 20 99 195 164 49 167 67 98 174 |43 69 189 120 118 5 32 29 88 125 132 113 89 76 93 |81 77 19 185 131 53 179 155 65 17 198 104 38 172 94 108 7 |100 54 117 80 122 3 127 92 70 63 26 183 95 51 39 36 68 180 41 47 ||87 |161 |128 |116 173 |181 |61 |55 |114 |14 |12 |97 |112 73 |4 |136 |35 |175 60 |28 6 |149 |66 |150 |188 |199 82 |138 162 |84 11 144 176 46 |10 18 |160 |44 191 
23215.1 723112
100 45 172 141 159 169 190 126 91 50 94 7 |152 116 22 27 59 163 78 11 200 178 103 |148 13 154 181 123 52 |165 99 75 20 168 106 56 134 115 157 49 167 98 174 138 |166 120 54 70 92 69 127 122 80 117 83 71 |105 74 31 109 86 25 23 158 177 151 145 16 58 21 15 139 194 72 153 130 170 |63 24 81 135 137 33 142 193 9 79 124 184 64 114 34 96 171 143 |48 37 131 43 156 19 107 53 179 185 155 4 189 35 65 17 198 147 |77 26 76 125 88 118 5 32 29 113 51 39 183 95 68 104 41 47 |129 195 30 119 146 84 111 62 42 40 121 101 182 186 102 ||73 |164 |150 |87 |128 |60 149 |55 |8 |90 162 |28 |89 |61 |14 |196 |36 |136 |144 191 6 |1 |18 161 |85 |57 |133 140 |44 |38 93 176 |2 |180 |187 |3 |110 173 |199 197 |66 82 |192 108 |97 |160 67 |112 |188 |46 |132 |175 |12 10 
28408.2 696641
100 24 43 37 166 48 130 170 |164 61 148 120 26 127 63 69 113 76 125 126 190 169 91 141 159 50 94 |137 183 80 189 155 150 179 53 107 156 19 131 185 165 65 17 198 147 83 |118 31 177 182 186 152 145 16 194 58 21 139 72 153 102 |105 129 74 109 158 23 25 86 33 142 193 9 79 178 103 |106 151 135 40 101 121 111 64 184 34 200 ||122 75 20 168 56 45 134 115 13 154 123 |77 29 7 172 70 54 5 32 51 39 95 68 104 41 47 71 |92 157 78 163 59 99 195 49 167 98 27 22 174 |88 81 42 62 30 119 146 96 171 143 ||10 8 110 52 |15 196 |44 66 |18 60 |87 36 |128 176 |138 93 192 |89 38 |161 |85 |117 |133 |136 |11 |14 |35 55 |160 |57 |180 112 |108 162 |191 199 |73 4 |175 |97 |3 |114 116 |197 |82 |124 |12 |132 |28 |187 149 |1 |2 |140 |6 144 |173 |90 181 |46 |84 |188 |67 |
30382.4 656352
61 148 120 69 127 26 63 113 76 125 126 190 169 91 141 159 50 94 |137 183 80 189 155 179 53 107 19 131 185 165 65 17 198 147 83 |118 31 177 182 186 152 145 16 194 58 21 139 72 102 |105 129 74 109 158 23 25 86 33 142 193 9 79 178 103 |106 151 135 40 101 121 111 64 184 34 200 ||122 75 20 168 56 45 134 115 13 154 123 |29 7 172 70 54 5 32 51 39 95 68 104 41 47 71 |92 157 78 163 59 99 195 49 167 98 27 22 174 |88 81 42 62 30 119 146 96 171 143 |48 77 100 37 43 156 166 24 153 130 170 ||97 162 |196 |44 |36 |15 |128 |35 |93 55 |11 116 |66 110 |161 199 |8 18 |46 |87 |192 133 |52 187 |14 |85 |136 |150 |112 117 |180 |12 |1 |173 191 |197 |60 |82 176 |175 |2 |28 114 140 |73 |132 |3 |160 |90 108 |6 124 |57 |149 |4 |10 |89 38 |188 |164 138 |144 181 |67 84 |
32123.7 616998
61 148 120 69 127 26 63 113 76 125 126 190 169 91 141 159 50 94 |137 183 80 189 155 179 53 107 19 131 185 165 65 17 198 147 83 |118 31 177 182 186 152 145 16 194 58 21 139 72 102 |105 129 74 109 158 23 25 86 33 142 193 9 79 178 103 |106 151 135 40 101 121 111 64 184 34 200 ||122 75 20 168 56 45 134 115 13 154 123 |29 7 172 70 54 5 32 51 39 95 68 104 41 47 71 |92 157 78 163 59 99 195 49 167 98 27 22 174 |88 81 42 62 30 119 146 96 171 143 |48 77 100 37 43 156 166 24 153 130 170 ||8 |97 162 |10 |93 |173 |15 |35 |196 191 199 |11 116 |66 110 |2 |18 |46 |87 |112 |57 |114 |36 38 |136 |52 |150 |175 1 |73 117 |12 |3 |14 |197 |133 |60 82 176 |140 |132 |28 |187 |44 |180 |124 |160 |90 181 108 |6 161 |128 |149 |4 |192 55 |89 |84 144 |164 138 |67 |188 |85 
35829.8 613151
148 120 69 127 26 63 113 76 125 126 190 169 91 141 159 50 94 |137 183 80 189 155 179 53 107 19 131 185 165 65 17 198 147 83 |118 31 177 182 186 152 145 16 194 58 21 139 72 102 |105 129 74 109 158 23 25 86 33 142 193 9 79 178 103 |106 151 135 40 101 121 111 64 184 34 200 ||122 75 20 168 56 45 134 115 13 154 123 |29 7 172 70 54 5 32 51 39 95 87 68 104 41 47 71 |92 157 78 163 59 99 195 49 167 98 27 22 174 |88 81 42 62 30 119 146 96 171 143 |48 77 100 37 43 156 166 24 153 130 170 ||112 180 |187 |191 199 |110 173 |175 |66 60 |57 192 |97 |149 1 |38 89 |2 |55 |161 |8 18 116 |35 |52 128 |11 |108 162 |36 |136 |73 4 |150 |14 117 |93 |12 |3 |196 |160 |197 124 133 |82 176 |140 |132 |28 |114 |44 |90 144 |181 |46 |10 |6 15 |188 |85 |67 138 |84 |164 |61 
36166.2 610344
148 120 69 127 26 63 113 76 125 126 190 169 91 141 159 50 94 |137 183 80 189 155 179 53 107 19 131 185 165 65 17 198 147 83 |118 31 177 182 186 152 145 16 194 58 21 139 72 102 |105 129 74 109 158 23 25 86 33 142 193 9 79 178 103 |106 151 135 40 101 121 111 64 184 34 200 ||122 75 20 168 56 45 134 115 13 154 123 |29 7 172 70 54 5 32 51 39 95 68 104 41 47 71 |92 157 78 163 59 99 195 49 167 98 27 22 174 |88 81 42 62 30 119 146 96 171 143 |48 77 100 37 43 156 166 24 153 130 170 ||15 |44 |136 |133 |14 |112 |191 199 |110 173 |175 |66 60 |57 192 |97 162 |149 1 |38 89 |2 |196 52 |128 108 |61 |18 116 28 |87 180 |197 124 161 |82 176 |140 8 |132 |93 55 |114 11 |35 4 117 |187 |160 |36 |73 |150 |12 |3 |90 144 |181 |46 |10 |6 |188 |85 |67 138 |84 |164 
46145.1 606309

Time:39
Last Iter:10
Last Update:10
Tabu:0
Last Time39
17
11 171 98 97 115 134 159 126 183 63 120 41 155 53 72 152 31 25 109 74 40 64 |150 107 19 156 189 47 83 7 113 125 157 75 168 101 23 48 16 |138 167 78 200 30 193 33 148 165 147 127 172 190 |51 50 141 94 20 106 146 178 186 79 86 135 105 43 |56 181 123 57 132 29 65 185 179 42 81 |122 54 68 38 154 13 90 49 27 22 103 194 9 142 129 119 |5 88 95 70 112 104 198 153 166 177 158 151 59 195 99 |196 139 149 37 14 82 170 182 110 184 116 143 174 96 188 61 91 76 39 69 80 |102 191 130 17 131 100 77 24 15 58 137 62 111 28 160 85 164 45 169 92 |145 21 60 133 71 55 26 118 32 34 121 163 ||52 140 |66 |175 |89 |136 |192 162 |4 117 |73 |87 36 |124 197 |3 |144 161 18 |6 10 |93 199 |173 187 |35 1 |176 114 |8 |84 |128 |12 |108 46 |67 |180 |2 |44 |
21704.5 1.68392e+06
110 111 78 195 106 56 45 159 125 39 71 153 77 |142 197 114 84 97 115 13 57 91 132 88 5 120 183 51 80 189 47 130 |42 8 124 48 129 59 75 168 113 53 156 |112 127 95 172 190 7 174 134 103 40 86 21 100 |162 49 164 61 169 104 65 185 107 19 37 101 121 30 |62 64 34 143 98 163 152 72 166 179 17 26 92 |105 194 196 44 31 23 79 9 193 33 160 20 141 118 63 83 |58 24 2 148 177 158 25 137 151 74 184 178 102 147 198 122 54 94 167 157 99 |165 43 139 16 145 186 182 173 200 96 146 119 135 81 22 27 123 50 76 29 69 68 41 |32 70 3 155 131 175 170 12 109 18 171 90 154 126 ||133 55 |89 |136 |82 |161 |38 |73 |66 187 |138 67 |11 |15 |36 87 |117 |150 |35 1 |46 6 199 191 |116 |4 60 |108 |14 |85 |128 192 |180 |28 10 |140 |188 |149 |52 176 144 181 93 |
21858.3 1.56175e+06
110 111 78 195 106 56 45 159 125 39 71 153 77 |142 116 114 4 97 115 13 57 91 132 88 5 120 183 51 80 189 47 130 |42 8 60 48 129 59 75 168 113 53 156 |112 127 95 172 190 7 174 134 103 40 86 21 100 |162 49 164 61 169 104 65 185 107 19 37 101 121 30 |62 64 34 143 98 163 152 72 166 179 17 26 92 |105 194 196 44 31 23 79 9 193 33 160 20 141 118 63 83 |58 24 2 148 177 158 25 137 151 74 184 178 102 147 198 122 54 94 167 157 99 |165 43 139 16 145 186 182 191 200 96 146 119 135 81 22 27 123 50 76 29 69 68 41 |32 70 3 155 131 175 170 12 109 18 171 90 154 126 ||133 55 |89 |136 |82 |161 |38 |73 |66 187 |6 |11 67 |15 |36 87 |117 |150 |35 1 |199 |52 138 |173 197 |124 84 |108 |14 |85 |128 192 |180 |28 10 |140 |188 |149 |46 176 144 181 93 |
22088.7 1.56108e+06
37 22 174 27 98 49 167 134 56 45 141 159 |69 52 162 124 81 189 179 53 107 131 19 165 153 103 |185 106 59 75 20 |118 195 99 157 115 13 154 181 123 7 |100 126 169 91 50 163 160 78 171 143 144 46 88 94 190 172 76 39 51 113 5 32 29 183 87 68 104 41 47 |129 146 79 |63 43 155 80 122 127 95 26 70 54 120 151 33 137 86 25 193 142 40 42 62 30 111 34 96 11 200 ||92 156 148 177 8 182 16 145 152 186 191 6 102 |74 125 105 77 166 24 58 21 15 139 194 72 71 83 147 65 17 198 130 170 |168 135 31 48 109 158 23 9 119 64 197 121 110 101 140 184 178 ||175 |173 |85 |73 55 |84 161 |35 117 |128 108 |44 |112 |18 |57 |199 114 |14 |4 |132 |180 3 |60 187 82 |176 93 192 |138 90 |1 |164 |12 |97 |116 |188 |36 |61 |38 89 |136 |150 |28 10 66 |67 |133 196 |149 |2 
28437 890025
81 189 155 179 53 107 131 19 165 153 103 |185 106 59 75 20 157 115 13 154 181 123 7 |100 126 169 91 50 163 160 78 171 143 144 46 |43 54 88 94 190 172 76 113 5 32 29 87 |129 146 79 151 33 137 86 25 193 142 40 42 62 30 111 34 96 11 200 ||156 148 177 8 182 16 145 152 186 191 6 102 |74 105 77 166 24 58 21 15 139 194 72 71 83 147 65 17 198 130 170 |168 135 31 48 109 158 23 9 119 64 197 121 110 101 140 184 178 |175 118 127 80 122 69 92 70 63 26 183 95 51 39 68 104 41 47 |37 120 125 159 141 45 56 134 99 195 49 167 98 27 22 174 ||173 |85 |73 55 |84 161 |35 117 |128 108 |44 |112 |18 |57 |199 114 |14 |4 |132 |180 3 |60 187 82 |176 93 192 |138 90 |1 |164 |12 |97 |116 |188 |36 |61 |38 89 |136 |150 |28 10 66 |67 |133 196 |149 |2 |52 162 124 
29172.9 694621
54 77 105 37 43 156 107 155 179 53 131 185 65 17 198 |56 76 49 195 168 106 20 75 59 163 160 78 22 27 98 174 144 46 |5 172 88 32 29 113 87 189 147 83 71 |91 48 40 158 23 25 109 86 137 33 142 42 62 30 111 146 96 11 171 143 |45 74 81 9 79 8 182 186 |166 24 19 165 72 6 102 |100 31 177 148 58 21 15 139 194 16 145 152 153 130 170 |99 129 193 119 200 34 64 197 121 110 101 140 184 178 103 |135 175 118 127 80 122 69 92 70 63 26 183 95 51 39 68 104 41 47 |151 120 141 190 125 126 169 159 50 94 154 13 134 115 157 167 123 7 ||173 |117 |161 84 |73 55 |85 |35 |128 108 |44 |191 |112 |18 |57 |199 114 |14 |4 |132 |180 3 |60 187 82 |176 93 192 |138 90 |1 |164 |12 |97 |116 |188 |36 |61 |38 89 |136 |150 |28 10 66 |67 |133 196 |149 |2 |52 162 124 |181 
30884.5 675834
58 56 63 92 122 80 189 155 185 165 1 153 130 170 |81 106 174 115 157 99 195 49 167 98 163 78 146 96 161 |168 72 194 139 21 148 124 177 16 145 152 186 102 |182 200 143 |75 127 141 88 113 76 172 126 91 169 159 50 94 13 154 123 7 |134 119 30 42 121 34 171 22 27 |45 74 151 135 137 33 142 193 40 62 111 64 184 178 |69 77 24 100 105 37 43 156 19 131 107 53 179 65 17 198 147 83 71 |166 59 190 125 29 32 5 118 120 54 70 26 183 95 51 39 68 104 41 47 |20 129 31 48 86 109 25 23 158 79 9 101 103 ||136 |8 46 |191 |116 144 |138 97 |140 114 |12 |85 |196 82 |73 |89 |38 36 |132 |4 |28 52 192 |2 199 |164 |176 108 |175 |87 |160 162 |61 |67 11 |15 187 |150 |188 |90 |55 35 117 |3 |57 |112 180 |60 173 6 |197 84 |14 |110 66 |149 |181 128 |18 |93 133 |44 |10 
31173 666019
80 135 110 31 148 21 194 145 16 152 186 102 |129 92 50 45 168 75 59 163 78 49 167 98 27 22 171 143 |37 141 54 70 69 127 183 26 63 118 5 32 29 88 125 113 76 51 39 68 104 41 47 147 83 71 |48 189 139 24 19 165 72 153 |95 58 151 109 193 142 33 137 86 25 23 158 177 182 |169 74 119 30 62 42 101 121 64 184 178 103 |120 134 159 190 91 172 192 123 174 116 |166 81 79 9 40 111 146 96 34 200 ||100 122 105 43 156 107 155 179 53 131 185 14 65 17 198 130 170 |77 126 56 106 20 195 99 157 115 13 154 94 7 93 ||181 |114 140 |132 |57 |112 |162 164 |61 |196 |2 |191 |3 |133 55 |89 |136 |82 175 |161 18 |38 |73 |12 |90 |44 |160 |66 187 |6 |11 67 |15 |36 87 |117 |150 |35 1 |199 |52 138 |173 197 |124 46 144 176 |10 60 |149 |85 |128 108 |84 28 |8 |180 4 |97 |188 |
31370.2 652199
77 154 13 115 157 167 49 174 98 27 163 78 96 171 143 |134 155 92 70 54 120 118 5 32 29 88 125 190 126 172 |107 69 169 76 113 51 39 183 95 68 104 41 47 |168 22 195 146 64 121 101 184 178 103 |86 106 56 45 141 159 91 50 94 7 123 |75 72 185 179 53 131 19 156 43 37 105 166 24 58 21 139 194 16 145 152 186 182 102 |20 63 26 127 122 80 189 65 17 153 130 170 147 83 71 |109 59 129 74 25 23 158 48 31 9 79 |100 81 151 135 137 33 142 193 40 42 62 30 119 111 34 200 ||99 177 148 165 198 ||175 |114 116 |11 |128 38 |89 |36 55 |199 |150 |164 |124 28 |140 110 |133 |187 6 46 176 |1 149 |93 180 |97 181 |14 |136 |188 |84 |197 8 |52 108 90 |117 60 |44 |196 82 |132 |162 138 |35 112 |3 |144 |73 |85 |4 |61 |160 |10 12 |15 |192 |66 173 |161 |2 |67 |18 |191 |57 |87 
34455.2 640429
77 62 40 42 111 101 121 64 184 34 96 171 200 |86 134 163 59 75 20 195 99 157 115 |109 182 119 146 78 49 167 98 27 22 174 143 |106 56 88 125 190 169 76 172 94 7 |5 165 25 23 158 48 31 177 148 194 16 145 152 186 102 |168 54 120 118 29 113 126 91 50 159 141 128 13 154 123 |166 139 189 155 179 53 131 185 65 17 198 147 83 71 |21 30 129 74 81 151 135 137 33 142 193 9 79 178 103 |32 58 24 107 100 105 37 43 156 19 153 130 170 |45 72 80 122 69 92 127 70 63 26 183 95 51 39 68 104 41 47 ||82 |44 |52 116 11 |110 |149 |132 |14 |57 |10 |2 |84 18 |144 93 |133 60 |176 55 |164 162 138 |180 38 |140 197 161 |173 196 |28 191 |73 |12 |90 |3 |160 |89 |136 |175 |66 46 |108 181 |188 |124 |192 199 |1 6 187 |67 |36 87 |61 |8 114 |15 |112 117 4 |150 |85 |97 |35 |
36039.3 619453
185 5 120 118 63 26 127 70 92 69 122 80 189 147 83 71 |54 157 172 169 190 125 88 76 113 51 39 183 95 68 104 41 47 |48 105 37 43 156 19 107 131 53 179 155 65 17 198 |134 32 29 126 50 159 141 94 13 154 123 7 |56 195 30 111 119 146 171 96 34 200 ||42 45 168 106 75 20 99 163 78 49 167 98 27 22 174 143 |91 129 74 151 135 81 109 86 25 193 9 79 103 |115 31 177 158 23 137 33 142 40 101 121 64 184 178 |62 165 58 148 16 145 152 186 182 102 |59 100 77 166 24 21 139 194 72 153 130 170 ||82 |84 |52 116 11 |110 |6 |18 |149 |132 |14 |35 117 |128 108 |44 |144 93 |133 176 |60 55 |164 162 138 |180 38 |140 197 161 |173 196 |4 112 |89 |46 124 8 199 |73 |3 |87 36 |187 28 |85 |2 |61 |10 12 |15 |192 90 |136 |150 |181 |114 |67 160 |175 1 |191 |57 |66 |97 |188 
36560.5 608615
185 5 120 118 63 26 127 70 92 69 122 80 189 147 83 71 |54 157 172 169 190 125 88 76 113 51 39 183 95 68 104 41 47 |48 105 37 43 156 19 107 131 53 179 155 65 17 198 |134 32 29 126 50 159 141 94 13 154 123 7 |56 195 30 111 119 146 171 96 34 200 ||42 45 168 106 75 20 99 163 78 49 167 98 27 22 174 143 |91 129 74 151 135 81 109 86 25 193 9 79 103 |115 31 177 158 23 137 33 142 40 101 121 64 184 178 |62 165 58 148 16 145 152 186 182 102 |59 100 77 166 24 21 139 194 72 153 130 170 ||82 |44 |116 11 |110 |160 |132 |14 |57 |6 |2 |84 18 |181 93 |133 128 |90 |164 162 |180 38 192 |140 161 |61 |4 112 55 |89 |15 196 |117 73 |3 |87 36 |28 8 |150 |12 |136 |35 1 |199 |52 138 |173 197 |124 46 144 176 |10 60 |149 |85 |67 |114 |175 |191 108 |187 |66 |97 |188 
37211.2 606315
185 5 120 118 63 26 127 70 92 69 122 80 189 147 83 71 |54 157 172 169 190 125 88 76 113 51 39 183 95 68 104 41 47 |48 105 37 43 156 19 107 131 53 179 155 65 17 198 |134 32 29 126 50 159 141 94 13 154 123 7 |56 195 30 111 119 146 171 96 34 200 ||42 45 168 106 75 20 99 163 78 49 167 98 27 22 174 143 |91 129 74 151 135 81 109 86 25 193 9 79 103 |115 31 177 158 23 137 33 142 40 101 121 64 184 178 |62 165 58 148 16 145 152 186 182 102 |59 100 77 166 24 21 139 194 72 153 130 170 ||149 |52 116 |110 |11 176 |8 173 133 |187 82 |73 |97 |150 |44 |2 |84 18 |144 93 |57 |67 |60 55 6 |164 162 138 |180 38 |140 197 161 |196 |4 112 |89 |46 124 |199 |117 |3 |87 36 |132 |28 |85 |136 |12 10 |90 192 108 |160 |128 |191 |181 |114 |175 |61 |66 |1 |35 |15 |14 |188 
38116.5 602932
185 5 120 118 63 26 127 70 92 69 122 80 189 147 83 71 |54 157 172 169 190 125 88 76 113 51 39 183 95 68 104 41 47 |48 105 37 43 156 19 107 131 53 179 155 65 17 198 |134 32 29 126 50 159 141 94 13 154 123 7 |56 195 30 111 119 146 171 96 34 200 ||42 45 168 106 75 20 99 163 78 49 167 98 27 22 174 143 |91 129 74 151 135 81 109 86 25 193 9 79 103 |115 31 177 158 23 137 33 142 40 101 121 64 184 178 |62 165 58 148 16 145 152 186 182 102 |59 100 77 166 24 21 139 194 72 153 130 170 ||149 |52 |116 |110 |11 176 |8 173 133 |187 82 |73 |97 |150 |44 |2 |84 18 |144 93 |57 |67 |60 55 6 |164 162 138 |180 38 |140 197 161 |196 |4 112 |89 |46 |199 |124 |3 |87 36 |132 |85 |108 128 |28 |12 10 |136 |192 90 |160 |117 |181 |114 |175 |61 |66 191 |1 |35 |15 |14 |188 
38628.1 602237
185 5 120 118 63 26 127 70 92 69 122 80 189 147 83 71 |54 157 172 169 190 125 88 76 113 51 39 183 95 68 104 41 47 |48 105 37 43 156 19 107 131 53 179 155 65 17 198 |134 32 29 126 50 159 141 94 13 154 123 7 |56 195 30 111 119 146 171 96 34 200 ||42 45 168 106 75 20 99 163 78 49 167 98 27 22 174 143 |91 129 74 151 135 81 109 86 25 193 9 79 103 |115 31 177 158 23 137 33 142 40 101 121 64 184 178 |62 165 58 148 16 145 152 186 182 102 |59 100 77 166 24 21 139 194 72 153 130 170 ||149 |52 116 |110 |11 176 |8 173 133 |187 82 |73 |97 |150 |44 |2 |84 18 |144 93 |57 |67 |60 55 6 |164 162 138 |180 38 |140 197 161 |196 |4 112 |89 |46 |199 |117 |3 |87 36 |132 |28 |85 |160 |61 |124 |10 12 |1 |90 |181 |35 |108 |15 |192 |114 |14 |175 |191 |128 |136 |66 |188 |
39366.9 602021
185 5 120 118 63 26 127 70 92 69 122 80 189 147 83 71 |54 157 172 169 190 125 88 76 113 51 39 183 95 68 104 41 47 |48 105 37 43 156 19 107 131 53 179 155 65 17 198 |134 32 29 126 50 159 141 94 13 154 123 7 |56 195 30 111 119 146 171 96 34 200 ||42 45 168 106 75 20 99 163 78 49 167 98 27 22 174 143 |91 129 74 151 135 81 109 86 25 193 9 79 103 |115 31 177 158 23 137 33 142 40 101 121 64 184 178 |62 165 58 148 16 145 152 186 182 102 |59 100 77 166 24 21 139 194 72 153 130 170 ||110 |44 |144 |196 82 |73 |89 |38 36 |132 |57 |52 192 |2 199 |164 138 |176 108 |175 |87 |191 |180 93 |140 197 161 |173 |10 18 |84 11 |46 60 55 |8 |117 |3 |14 |136 |187 |6 |116 162 |133 |90 |12 |1 |28 |150 |124 |181 |112 4 |160 |85 |61 |15 |114 |128 |67 |66 |35 |149 |97 |188 
40460.6 601394
185 5 120 118 63 26 127 70 92 69 122 80 189 147 83 71 |54 157 172 169 190 125 88 76 113 51 39 183 95 68 104 41 47 |48 105 37 43 156 19 107 131 53 179 155 65 17 198 |134 32 29 126 50 159 141 94 13 154 123 7 |56 195 30 111 119 146 171 96 34 200 ||42 45 168 106 75 20 99 163 78 49 167 98 27 22 174 143 |91 129 74 151 135 81 109 86 25 193 9 79 103 |115 31 177 158 23 137 33 142 40 101 121 64 184 178 |62 165 58 148 16 145 152 186 182 102 |59 100 77 166 24 21 139 194 72 153 130 170 ||149 |44 |116 |11 |110 |176 |8 |187 82 |97 |57 |160 |14 |2 |84 18 |144 93 |133 |90 162 |6 60 |164 |38 |180 |140 161 |4 112 |55 |196 |89 |117 46 |124 |36 |87 |132 |35 1 |136 |12 |10 28 |199 192 |138 52 |128 |173 191 |181 |150 |197 |3 |175 |73 |61 |85 |67 |114 |108 |15 |66 |188 
42799.9 599047

Time:0
Last Iter:10
Last Update:10
Tabu:0
Last Time0
17
11 171 98 97 115 134 159 126 183 63 120 41 155 53 72 152 31 25 109 74 40 64 |150 107 19 156 189 47 83 7 113 125 157 75 168 101 23 48 16 |138 167 78 200 30 193 33 148 165 147 127 172 190 |51 50 141 94 20 106 146 178 186 79 86 135 105 43 |56 181 123 57 132 29 65 185 179 42 81 |122 54 68 38 154 13 90 49 27 22 103 194 9 142 129 119 |5 88 95 70 112 104 198 153 166 177 158 151 59 195 99 |196 139 149 37 14 82 170 182 110 184 116 143 174 96 188 61 91 76 39 69 80 |102 191 130 17 131 100 77 24 15 58 137 62 111 28 160 85 164 45 169 92 |145 21 60 133 71 55 26 118 32 34 121 163 ||52 140 |66 |175 |89 |136 |192 162 |4 117 |73 |87 36 |124 197 |3 |144 161 18 |6 10 |93 199 |173 187 |35 1 |176 114 |8 |84 |128 |12 |108 46 |67 |180 |2 |44 |
21704.5 1.68392e+06
110 111 78 195 106 56 45 159 125 39 71 153 77 |142 197 114 84 97 115 13 57 91 132 88 5 120 183 51 80 189 47 130 |42 8 124 48 129 59 75 168 113 53 156 |112 127 95 172 190 7 174 134 103 40 86 21 100 |162 49 164 61 169 104 65 185 107 19 37 101 121 30 |62 64 34 143 98 163 152 72 166 179 17 26 92 |105 194 196 44 31 23 79 9 193 33 160 20 141 118 63 83 |58 24 2 148 177 158 25 137 151 74 184 178 102 147 198 122 54 94 167 157 99 |165 43 139 16 145 186 182 173 200 96 146 119 135 81 22 27 123 50 76 29 69 68 41 |32 70 3 155 131 175 170 12 109 18 171 90 154 126 ||133 55 |89 |136 |82 |161 |38 |73 |66 187 |138 67 |11 |15 |36 87 |117 |150 |35 1 |46 6 199 191 |116 |4 60 |108 |14 |85 |128 192 |180 |28 10 |140 |188 |149 |52 176 144 181 93 |
21858.3 1.56175e+06
110 111 78 195 106 56 45 159 125 39 71 153 77 |142 116 114 4 97 115 13 57 91 132 88 5 120 183 51 80 189 47 130 |42 8 60 48 129 59 75 168 113 53 156 |112 127 95 172 190 7 174 134 103 40 86 21 100 |162 49 164 61 169 104 65 185 107 19 37 101 121 30 |62 64 34 143 98 163 152 72 166 179 17 26 92 |105 194 196 44 31 23 79 9 193 33 160 20 141 118 63 83 |58 24 2 148 177 158 25 137 151 74 184 178 102 147 198 122 54 94 167 157 99 |165 43 139 16 145 186 182 191 200 96 146 119 135 81 22 27 123 50 76 29 69 68 41 |32 70 3 155 131 175 170 12 109 18 171 90 154 126 ||133 55 |89 |136 |82 |161 |38 |73 |66 187 |6 |11 67 |15 |36 87 |117 |150 |35 1 |199 |52 138 |173 197 |124 84 |108 |14 |85 |128 192 |180 |28 10 |140 |188 |149 |46 176 144 181 93 |
22088.7 1.56108e+06
37 22 174 27 98 49 167 134 56 45 141 159 |69 52 162 124 81 189 179 53 107 131 19 165 153 103 |185 106 59 75 20 |118 195 99 157 115 13 154 181 123 7 |100 126 169 91 50 163 160 78 171 143 144 46 88 94 190 172 76 39 51 113 5 32 29 183 87 68 104 41 47 |129 146 79 |63 43 155 80 122 127 95 26 70 54 120 151 33 137 86 25 193 142 40 42 62 30 111 34 96 11 200 ||92 156 148 177 8 182 16 145 152 186 191 6 102 |74 125 105 77 166 24 58 21 15 139 194 72 71 83 147 65 17 198 130 170 |168 135 31 48 109 158 23 9 119 64 197 121 110 101 140 184 178 ||175 |173 |85 |73 55 |84 161 |35 117 |128 108 |44 |112 |18 |57 |199 114 |14 |4 |132 |180 3 |60 187 82 |176 93 192 |138 90 |1 |164 |12 |97 |116 |188 |36 |61 |38 89 |136 |150 |28 10 66 |67 |133 196 |149 |2 
28437 890025
81 189 155 179 53 107 131 19 165 153 103 |185 106 59 75 20 157 115 13 154 181 123 7 |100 126 169 91 50 163 160 78 171 143 144 46 |43 54 88 94 190 172 76 113 5 32 29 87 |129 146 79 151 33 137 86 25 193 142 40 42 62 30 111 34 96 11 200 ||156 148 177 8 182 16 145 152 186 191 6 102 |74 105 77 166 24 58 21 15 139 194 72 71 83 147 65 17 198 130 170 |168 135 31 48 109 158 23 9 119 64 197 121 110 101 140 184 178 |175 118 127 80 122 69 92 70 63 26 183 95 51 39 68 104 41 47 |37 120 125 159 141 45 56 134 99 195 49 167 98 27 22 174 ||173 |85 |73 55 |84 161 |35 117 |128 108 |44 |112 |18 |57 |199 114 |14 |4 |132 |180 3 |60 187 82 |176 93 192 |138 90 |1 |164 |12 |97 |116 |188 |36 |61 |38 89 |136 |150 |28 10 66 |67 |133 196 |149 |2 |52 162 124 
29172.9 694621
54 77 105 37 43 156 107 155 179 53 131 185 65 17 198 |56 76 49 195 168 106 20 75 59 163 160 78 22 27 98 174 144 46 |5 172 88 32 29 113 87 189 147 83 71 |91 48 40 158 23 25 109 86 137 33 142 42 62 30 111 146 96 11 171 143 |45 74 81 9 79 8 182 186 |166 24 19 165 72 6 102 |100 31 177 148 58 21 15 139 194 16 145 152 153 130 170 |99 129 193 119 200 34 64 197 121 110 101 140 184 178 103 |135 175 118 127 80 122 69 92 70 63 26 183 95 51 39 68 104 41 47 |151 120 141 190 125 126 169 159 50 94 154 13 134 115 157 167 123 7 ||173 |117 |161 84 |73 55 |85 |35 |128 108 |44 |191 |112 |18 |57 |199 114 |14 |4 |132 |180 3 |60 187 82 |176 93 192 |138 90 |1 |164 |12 |97 |116 |188 |36 |61 |38 89 |136 |150 |28 10 66 |67 |133 196 |149 |2 |52 162 124 |181 
30884.5 675834
58 56 63 92 122 80 189 155 185 165 1 153 130 170 |81 106 174 115 157 99 195 49 167 98 163 78 146 96 161 |168 72 194 139 21 148 124 177 16 145 152 186 102 |182 200 143 |75 127 141 88 113 76 172 126 91 169 159 50 94 13 154 123 7 |134 119 30 42 121 34 171 22 27 |45 74 151 135 137 33 142 193 40 62 111 64 184 178 |69 77 24 100 105 37 43 156 19 131 107 53 179 65 17 198 147 83 71 |166 59 190 125 29 32 5 118 120 54 70 26 183 95 51 39 68 104 41 47 |20 129 31 48 86 109 25 23 158 79 9 101 103 ||136 |8 46 |191 |116 144 |138 97 |140 114 |12 |85 |196 82 |73 |89 |38 36 |132 |4 |28 52 192 |2 199 |164 |176 108 |175 |87 |160 162 |61 |67 11 |15 187 |150 |188 |90 |55 35 117 |3 |57 |112 180 |60 173 6 |197 84 |14 |110 66 |149 |181 128 |18 |93 133 |44 |10 
31173 666019
80 135 110 31 148 21 194 145 16 152 186 102 |129 92 50 45 168 75 59 163 78 49 167 98 27 22 171 143 |37 141 54 70 69 127 183 26 63 118 5 32 29 88 125 113 76 51 39 68 104 41 47 147 83 71 |48 189 139 24 19 165 72 153 |95 58 151 109 193 142 33 137 86 25 23 158 177 182 |169 74 119 30 62 42 101 121 64 184 178 103 |120 134 159 190 91 172 192 123 174 116 |166 81 79 9 40 111 146 96 34 200 ||100 122 105 43 156 107 155 179 53 131 185 14 65 17 198 130 170 |77 126 56 106 20 195 99 157 115 13 154 94 7 93 ||181 |114 140 |132 |57 |112 |162 164 |61 |196 |2 |191 |3 |133 55 |89 |136 |82 175 |161 18 |38 |73 |12 |90 |44 |160 |66 187 |6 |11 67 |15 |36 87 |117 |150 |35 1 |199 |52 138 |173 197 |124 46 144 176 |10 60 |149 |85 |128 108 |84 28 |8 |180 4 |97 |188 |
31370.2 652199
77 154 13 115 157 167 49 174 98 27 163 78 96 171 143 |134 155 92 70 54 120 118 5 32 29 88 125 190 126 172 |107 69 169 76 113 51 39 183 95 68 104 41 47 |168 22 195 146 64 121 101 184 178 103 |86 106 56 45 141 159 91 50 94 7 123 |75 72 185 179 53 131 19 156 43 37 105 166 24 58 21 139 194 16 145 152 186 182 102 |20 63 26 127 122 80 189 65 17 153 130 170 147 83 71 |109 59 129 74 25 23 158 48 31 9 79 |100 81 151 135 137 33 142 193 40 42 62 30 119 111 34 200 ||99 177 148 165 198 ||175 |114 116 |11 |128 38 |89 |36 55 |199 |150 |164 |124 28 |140 110 |133 |187 6 46 176 |1 149 |93 180 |97 181 |14 |136 |188 |84 |197 8 |52 108 90 |117 60 |44 |196 82 |132 |162 138 |35 112 |3 |144 |73 |85 |4 |61 |160 |10 12 |15 |192 |66 173 |161 |2 |67 |18 |191 |57 |87 
34455.2 640429
77 62 40 42 111 101 121 64 184 34 96 171 200 |86 134 163 59 75 20 195 99 157 115 |109 182 119 146 78 49 167 98 27 22 174 143 |106 56 88 125 190 169 76 172 94 7 |5 165 25 23 158 48 31 177 148 194 16 145 152 186 102 |168 54 120 118 29 113 126 91 50 159 141 128 13 154 123 |166 139 189 155 179 53 131 185 65 17 198 147 83 71 |21 30 129 74 81 151 135 137 33 142 193 9 79 178 103 |32 58 24 107 100 105 37 43 156 19 153 130 170 |45 72 80 122 69 92 127 70 63 26 183 95 51 39 68 104 41 47 ||82 |44 |52 116 11 |110 |149 |132 |14 |57 |10 |2 |84 18 |144 93 |133 60 |176 55 |164 162 138 |180 38 |140 197 161 |173 196 |28 191 |73 |12 |90 |3 |160 |89 |136 |175 |66 46 |108 181 |188 |124 |192 199 |1 6 187 |67 |36 87 |61 |8 114 |15 |112 117 4 |150 |85 |97 |35 |
36039.3 619453
185 5 120 118 63 26 127 70 92 69 122 80 189 147 83 71 |54 157 172 169 190 125 88 76 113 51 39 183 95 68 104 41 47 |48 105 37 43 156 19 107 131 53 179 155 65 17 198 |134 32 29 126 50 159 141 94 13 154 123 7 |56 195 30 111 119 146 171 96 34 200 ||42 45 168 106 75 20 99 163 78 49 167 98 27 22 174 143 |91 129 74 151 135 81 109 86 25 193 9 79 103 |115 31 177 158 23 137 33 142 40 101 121 64 184 178 |62 165 58 148 16 145 152 186 182 102 |59 100 77 166 24 21 139 194 72 153 130 170 ||82 |84 |52 116 11 |110 |6 |18 |149 |132 |14 |35 117 |128 108 |44 |144 93 |133 176 |60 55 |164 162 138 |180 38 |140 197 161 |173 196 |4 112 |89 |46 124 8 199 |73 |3 |87 36 |187 28 |85 |2 |61 |10 12 |15 |192 90 |136 |150 |181 |114 |67 160 |175 1 |191 |57 |66 |97 |188 
36560.5 608615
185 5 120 118 63 26 127 70 92 69 122 80 189 147 83 71 |54 157 172 169 190 125 88 76 113 51 39 183 95 68 104 41 47 |48 105 37 43 156 19 107 131 53 179 155 65 17 198 |134 32 29 126 50 159 141 94 13 154 123 7 |56 195 30 111 119 146 171 96 34 200 ||42 45 168 106 75 20 99 163 78 49 167 98 27 22 174 143 |91 129 74 151 135 81 109 86 25 193 9 79 103 |115 31 177 158 23 137 33 142 40 101 121 64 184 178 |62 165 58 148 16 145 152 186 182 102 |59 100 77 166 24 21 139 194 72 153 130 170 ||82 |44 |116 11 |110 |160 |132 |14 |57 |6 |2 |84 18 |181 93 |133 128 |90 |164 162 |180 38 192 |140 161 |61 |4 112 55 |89 |15 196 |117 73 |3 |87 36 |28 8 |150 |12 |136 |35 1 |199 |52 138 |173 197 |124 46 144 176 |10 60 |149 |85 |67 |114 |175 |191 108 |187 |66 |97 |188 
37211.2 606315
185 5 120 118 63 26 127 70 92 69 122 80 189 147 83 71 |54 157 172 169 190 125 88 76 113 51 39 183 95 68 104 41 47 |48 105 37 43 156 19 107 131 53 179 155 65 17 198 |134 32 29 126 50 159 141 94 13 154 123 7 |56 195 30 111 119 146 171 96 34 200 ||42 45 168 106 75 20 99 163 78 49 167 98 27 22 174 143 |91 129 74 151 135 81 109 86 25 193 9 79 103 |115 31 177 158 23 137 33 142 40 101 121 64 184 178 |62 165 58 148 16 145 152 186 182 102 |59 100 77 166 24 21 139 194 72 153 130 170 ||149 |52 116 |110 |11 176 |8 173 133 |187 82 |73 |97 |150 |44 |2 |84 18 |144 93 |57 |67 |60 55 6 |164 162 138 |180 38 |140 197 161 |196 |4 112 |89 |46 124 |199 |117 |3 |87 36 |132 |28 |85 |136 |12 10 |90 192 108 |160 |128 |191 |181 |114 |175 |61 |66 |1 |35 |15 |14 |188 
38116.5 602932
185 5 120 118 63 26 127 70 92 69 122 80 189 147 83 71 |54 157 172 169 190 125 88 76 113 51 39 183 95 68 104 41 47 |48 105 37 43 156 19 107 131 53 179 155 65 17 198 |134 32 29 126 50 159 141 94 13 154 123 7 |56 195 30 111 119 146 171 96 34 200 ||42 45 168 106 75 20 99 163 78 49 167 98 27 22 174 143 |91 129 74 151 135 81 109 86 25 193 9 79 103 |115 31 177 158 23 137 33 142 40 101 121 64 184 178 |62 165 58 148 16 145 152 186 182 102 |59 100 77 166 24 21 139 194 72 153 130 170 ||149 |52 |116 |110 |11 176 |8 173 133 |187 82 |73 |97 |150 |44 |2 |84 18 |144 93 |57 |67 |60 55 6 |164 162 138 |180 38 |140 197 161 |196 |4 112 |89 |46 |199 |124 |3 |87 36 |132 |85 |108 128 |28 |12 10 |136 |192 90 |160 |117 |181 |114 |175 |61 |66 191 |1 |35 |15 |14 |188 
38628.1 602237
185 5 120 118 63 26 127 70 92 69 122 80 189 147 83 71 |54 157 172 169 190 125 88 76 113 51 39 183 95 68 104 41 47 |48 105 37 43 156 19 107 131 53 179 155 65 17 198 |134 32 29 126 50 159 141 94 13 154 123 7 |56 195 30 111 119 146 171 96 34 200 ||42 45 168 106 75 20 99 163 78 49 167 98 27 22 174 143 |91 129 74 151 135 81 109 86 25 193 9 79 103 |115 31 177 158 23 137 33 142 40 101 121 64 184 178 |62 165 58 148 16 145 152 186 182 102 |59 100 77 166 24 21 139 194 72 153 130 170 ||149 |52 116 |110 |11 176 |8 173 133 |187 82 |73 |97 |150 |44 |2 |84 18 |144 93 |57 |67 |60 55 6 |164 162 138 |180 38 |140 197 161 |196 |4 112 |89 |46 |199 |117 |3 |87 36 |132 |28 |85 |160 |61 |124 |10 12 |1 |90 |181 |35 |108 |15 |192 |114 |14 |175 |191 |128 |136 |66 |188 |
39366.9 602021
185 5 120 118 63 26 127 70 92 69 122 80 189 147 83 71 |54 157 172 169 190 125 88 76 113 51 39 183 95 68 104 41 47 |48 105 37 43 156 19 107 131 53 179 155 65 17 198 |134 32 29 126 50 159 141 94 13 154 123 7 |56 195 30 111 119 146 171 96 34 200 ||42 45 168 106 75 20 99 163 78 49 167 98 27 22 174 143 |91 129 74 151 135 81 109 86 25 193 9 79 103 |115 31 177 158 23 137 33 142 40 101 121 64 184 178 |62 165 58 148 16 145 152 186 182 102 |59 100 77 166 24 21 139 194 72 153 130 170 ||110 |44 |144 |196 82 |73 |89 |38 36 |132 |57 |52 192 |2 199 |164 138 |176 108 |175 |87 |191 |180 93 |140 197 161 |173 |10 18 |84 11 |46 60 55 |8 |117 |3 |14 |136 |187 |6 |116 162 |133 |90 |12 |1 |28 |150 |124 |181 |112 4 |160 |85 |61 |15 |114 |128 |67 |66 |35 |149 |97 |188 
40460.6 601394
185 5 120 118 63 26 127 70 92 69 122 80 189 147 83 71 |54 157 172 169 190 125 88 76 113 51 39 183 95 68 104 41 47 |48 105 37 43 156 19 107 131 53 179 155 65 17 198 |134 32 29 126 50 159 141 94 13 154 123 7 |56 195 30 111 119 146 171 96 34 200 ||42 45 168 106 75 20 99 163 78 49 167 98 27 22 174 143 |91 129 74 151 135 81 109 86 25 193 9 79 103 |115 31 177 158 23 137 33 142 40 101 121 64 184 178 |62 165 58 148 16 145 152 186 182 102 |59 100 77 166 24 21 139 194 72 153 130 170 ||149 |44 |116 |11 |110 |176 |8 |187 82 |97 |57 |160 |14 |2 |84 18 |144 93 |133 |90 162 |6 60 |164 |38 |180 |140 161 |4 112 |55 |196 |89 |117 46 |124 |36 |87 |132 |35 1 |136 |12 |10 28 |199 192 |138 52 |128 |173 191 |181 |150 |197 |3 |175 |73 |61 |85 |67 |114 |108 |15 |66 |188 
42799.9 599047

