Time:2
Last Iter:1
Last Update:1
Tabu:0
Last Time2
3
123 34 168 115 106 197 175 125 78 189 151 58 60 128 162 41 53 154 135 |92 13 147 96 63 3 |199 84 191 94 137 105 113 89 7 139 174 50 183 11 102 |79 170 40 97 116 198 173 110 148 111 127 42 181 145 184 101 131 16 194 6 121 159 129 |46 132 126 166 61 93 178 23 146 177 9 118 157 4 124 130 90 62 |98 185 33 45 85 99 71 15 22 200 25 2 |186 134 51 103 182 43 8 52 104 82 57 68 21 27 196 133 95 164 73 190 144 |171 20 161 5 32 87 136 26 59 75 193 55 66 100 |69 187 17 65 72 24 163 83 80 48 158 77 12 156 |120 140 138 141 172 112 35 31 150 44 114 38 67 81 153 19 142 91 54 ||165 |119 |30 14 |88 |37 |64 |176 109 |47 1 |179 |18 |143 155 |56 149 |70 |167 |169 |107 |49 |76 |28 86 |10 188 |192 |160 |122 152 |39 180 |117 195 29 |74 |36 |108 
21120.9 858731
43 69 163 84 5 24 72 191 94 137 7 139 80 136 26 59 174 |170 113 168 175 125 106 189 151 58 60 128 162 53 66 75 193 55 154 100 |31 25 38 132 45 99 71 15 22 200 90 130 62 2 |186 112 166 103 51 185 104 8 52 196 27 21 68 57 93 178 23 146 126 63 |171 65 187 20 17 87 83 48 158 183 11 12 156 |161 89 197 40 97 34 127 145 184 6 164 73 |32 105 41 78 115 42 181 101 131 194 121 159 102 |182 120 111 148 110 173 198 134 116 199 133 95 149 190 56 96 144 |98 35 85 140 138 141 172 114 44 150 67 81 153 19 142 91 70 77 54 |46 33 157 82 61 177 123 79 4 9 118 124 179 13 3 ||122 |1 |117 |49 |16 |135 |160 |119 92 |155 29 |165 152 |39 |169 88 |108 10 |195 147 176 |36 143 129 |37 14 |28 64 |167 |47 86 |50 |107 |192 |188 30 |180 |18 |109 |74 |76 
26030.9 845941
161 113 69 191 24 87 84 65 32 163 83 80 136 174 26 59 183 102 |97 112 172 138 99 71 45 157 4 146 119 190 96 3 |89 40 170 120 197 58 151 189 106 115 168 121 |42 48 17 20 158 187 142 91 77 54 11 12 156 |186 132 95 199 134 198 110 148 111 34 127 145 181 131 194 164 73 144 |114 173 57 166 61 93 178 23 177 123 79 9 118 62 25 2 |38 116 185 33 82 104 52 8 51 103 43 182 21 68 27 196 126 63 |44 5 171 98 94 72 137 139 7 75 193 55 66 154 100 |133 105 41 53 162 128 60 175 125 78 184 101 6 159 |46 141 150 35 140 31 67 81 153 19 85 15 22 200 90 130 124 179 ||169 18 |129 135 108 |50 |56 |192 |37 |1 |49 147 |107 |39 195 |149 |155 109 10 |143 |117 92 |36 |14 122 88 |176 64 |16 |167 |180 |160 |47 |152 30 29 |165 |70 |28 13 |74 |86 |188 76 
27282.3 844950

Time:1
Last Iter:1
Last Update:1
Tabu:0
Last Time1
4
98 112 141 132 157 4 124 130 90 64 3 30 |5 111 125 115 152 100 154 162 128 60 58 151 189 106 108 168 155 |148 32 113 137 191 72 24 163 136 80 83 87 17 48 37 183 122 11 |69 134 199 185 57 68 196 27 21 43 182 133 95 149 195 73 190 96 144 |186 42 175 78 41 53 46 105 89 139 26 59 174 7 75 193 66 55 10 102 |171 110 97 170 120 40 197 34 127 181 145 184 101 194 131 164 6 121 159 |94 173 198 116 103 51 8 52 104 82 33 166 61 178 93 23 146 9 118 63 |138 126 177 123 79 45 99 71 15 22 200 ||35 161 84 20 187 158 77 85 25 28 62 2 |65 172 140 31 67 81 38 114 44 150 153 19 142 91 47 74 88 54 12 156 ||143 |50 |18 |16 129 |160 |14 1 |29 13 188 147 |76 |179 |107 |180 |135 |117 |167 |49 109 |36 |165 |169 |192 |119 92 |86 70 |39 56 176 
21272.2 880418
97 166 52 133 116 198 148 111 181 184 101 194 131 164 73 |69 183 129 149 117 190 144 |138 98 87 17 48 158 187 81 153 19 142 86 25 12 156 |170 58 40 145 42 134 199 95 119 147 96 |33 171 139 137 89 113 105 46 41 60 128 162 53 66 154 109 155 |186 35 67 31 141 172 112 150 44 114 38 91 70 77 54 11 102 |140 103 23 85 99 71 15 200 22 45 157 4 118 124 130 90 62 2 |191 185 132 123 79 177 9 146 93 178 61 82 57 68 21 43 182 27 196 126 63 3 |120 104 51 173 110 34 127 197 78 125 175 189 151 106 115 168 6 121 159 |8 161 94 20 84 65 32 5 24 72 163 83 80 136 26 59 174 7 75 193 55 100 ||47 |152 |167 |10 74 14 |107 |76 188 |30 176 195 56 |50 165 |108 |169 |180 |64 |160 |92 13 |36 |37 18 122 |135 88 |192 |49 39 |179 29 |143 |28 1 |16 |
22701.8 863399
186 138 81 19 153 187 158 48 83 136 59 174 183 11 102 156 |5 51 23 43 182 133 95 39 164 73 190 96 144 |111 132 22 200 85 25 29 13 147 3 |20 41 69 94 32 65 84 80 139 26 7 75 193 155 154 55 66 36 100 |163 35 15 71 141 172 112 140 31 150 44 114 38 142 91 77 54 12 |98 45 8 93 146 177 123 79 157 4 9 118 124 130 90 62 2 |191 99 185 178 61 166 33 82 104 52 57 68 21 27 196 126 63 |67 103 134 199 116 198 173 110 148 42 181 131 194 |161 170 120 40 175 125 197 34 127 145 101 184 6 |97 171 17 87 24 72 137 89 113 105 46 53 162 128 60 58 151 189 106 78 115 168 121 159 ||143 |117 129 |16 56 |135 108 |47 122 |167 |64 |180 |160 |192 |109 |195 149 |1 28 |176 152 |18 37 |188 10 |50 74 |86 70 |179 |169 |76 |119 49 |30 88 |107 |165 |14 92 
24744.8 862639
17 112 132 123 177 79 4 157 90 130 64 2 |20 185 51 43 182 82 104 8 52 57 68 21 27 196 126 63 3 |120 67 45 141 172 35 140 150 44 114 38 99 71 15 22 200 62 25 14 |32 46 168 115 78 197 40 97 34 127 145 184 101 194 6 121 159 |171 170 125 106 189 151 58 60 128 162 53 109 193 165 11 102 |111 31 85 187 81 153 19 142 91 158 37 77 74 54 12 156 |138 110 103 33 61 93 178 23 146 9 118 124 |65 175 41 113 89 137 94 191 72 80 139 7 174 75 55 66 154 100 |166 148 116 133 95 199 134 198 42 181 131 164 73 190 96 144 |84 173 105 69 186 98 161 5 24 163 83 87 48 136 26 59 183 ||92 |169 |28 |160 |76 |147 |195 117 56 |70 86 |107 |49 |149 |1 |155 39 |18 |179 |167 |119 129 |122 50 |29 88 |135 143 |192 |188 30 152 |36 10 |108 |47 176 13 |16 |180 
28876.7 839487

Time:2
Last Iter:1
Last Update:1
Tabu:0
Last Time2
1
98 34 116 173 198 42 181 111 127 145 184 101 16 194 131 164 73 144 |185 172 45 23 178 166 33 82 104 8 52 43 182 68 21 27 196 117 190 96 3 |138 103 61 93 146 123 177 79 157 4 9 118 179 124 130 90 |20 197 110 134 199 95 133 57 76 126 63 2 |171 187 141 150 44 114 38 99 71 15 22 200 85 25 62 |148 132 35 112 31 67 81 153 160 19 142 91 77 54 11 12 |51 113 89 163 65 32 84 17 158 169 48 87 83 80 136 26 59 174 183 102 156 |140 105 24 5 161 186 191 72 94 137 139 7 75 193 55 66 |46 97 40 170 175 125 189 106 115 168 6 121 159 |69 120 78 151 58 60 128 162 41 53 167 143 154 100 30 ||39 |152 109 |122 |149 |49 147 29 |86 |180 |13 64 |36 50 |37 |119 |195 |107 |28 47 |176 155 |1 74 |92 56 |135 |192 |108 129 |10 165 |188 88 14 |70 18 
20969.5 836496

Time:2
Last Iter:1
Last Update:1
Tabu:0
Last Time2
3
141 20 25 185 8 52 33 166 61 178 93 23 146 76 3 |72 148 95 133 51 103 43 182 68 27 126 176 63 |187 132 104 82 57 21 196 119 190 96 144 |171 71 35 31 140 112 114 38 44 150 67 81 153 19 142 91 86 77 54 11 12 |123 161 191 48 87 84 65 32 5 163 83 80 26 59 174 7 75 193 66 55 10 |24 111 120 175 125 106 189 151 58 41 53 162 60 128 168 108 154 100 |172 98 69 46 105 113 89 137 139 136 169 158 183 102 156 |186 97 170 40 197 34 127 115 184 101 145 131 164 39 73 |94 78 110 173 199 116 198 134 180 42 181 194 6 121 159 |138 17 99 85 15 200 22 45 157 79 177 4 9 118 124 130 90 62 2 ||117 |16 |13 |122 |167 |18 30 |147 155 |160 |74 |107 |179 188 |49 |28 |50 135 |149 |143 36 |56 195 |14 70 |192 |47 |37 |165 |129 152 |109 |88 1 |92 29 64 
20247.3 856567
120 4 184 110 173 198 134 116 199 95 133 43 182 27 196 149 96 144 |67 40 148 111 34 127 181 145 101 194 131 180 164 73 190 147 63 3 |112 7 17 32 65 84 87 48 59 26 139 174 165 193 75 102 |171 153 161 191 137 94 72 24 163 83 80 136 192 183 122 |185 132 141 138 172 81 187 19 142 91 77 158 18 37 11 54 12 156 |97 15 57 68 21 103 8 52 104 82 33 166 61 178 93 23 123 79 177 146 9 118 124 188 2 |20 51 157 35 140 31 150 44 114 38 99 71 85 200 22 90 130 62 25 14 |45 5 186 69 46 105 113 89 66 55 100 |98 197 175 125 106 162 128 168 6 121 159 |170 126 42 115 78 189 151 58 60 41 53 143 154 ||30 |160 |119 |47 176 |135 109 50 |64 |167 |29 |36 |16 |108 10 |92 13 28 |39 117 |107 155 |76 |195 49 |152 88 |70 86 74 |1 |169 |56 |179 129 
22598.5 848434
40 52 133 182 185 8 82 57 178 61 68 21 27 196 126 63 3 |71 72 24 5 65 32 87 17 48 158 183 122 11 156 |138 51 104 33 166 93 23 146 123 79 177 9 118 124 130 90 62 2 |84 99 31 140 35 141 172 38 114 44 150 67 81 153 19 142 91 77 54 12 |120 171 69 186 98 191 94 137 139 80 83 136 26 59 174 7 193 75 102 |112 105 58 175 125 184 101 145 181 42 131 194 121 159 |20 97 34 127 197 151 189 106 78 115 168 6 |187 43 111 148 110 173 198 134 116 199 95 164 73 190 96 144 |170 163 89 113 46 41 60 128 162 53 143 66 55 154 100 135 |161 103 4 157 132 45 22 200 15 85 25 47 ||108 |167 |76 |180 |107 |195 |56 |88 37 |129 30 188 |169 |16 |192 |28 14 13 |49 36 |117 |29 10 |18 70 |86 |64 179 |165 |149 |50 |1 |176 109 |160 |39 |119 147 |74 92 |152 155 
27969.1 820424

Time:2
Last Iter:1
Last Update:1
Tabu:0
Last Time2
2
43 69 72 191 89 113 105 46 41 60 128 162 53 66 55 154 100 |35 187 158 77 47 62 63 29 3 |98 44 64 132 45 99 71 15 22 200 85 28 25 30 |172 20 141 38 114 140 31 150 67 81 19 142 91 86 54 11 12 156 |94 170 40 97 110 173 116 198 134 199 133 95 195 190 96 |138 161 137 7 193 58 151 189 106 125 78 115 168 6 121 159 |185 120 175 197 184 101 145 127 34 111 148 42 181 131 194 164 73 |186 75 166 33 82 104 8 52 103 182 21 68 57 27 196 126 144 |112 51 146 61 93 178 23 177 123 79 157 4 9 118 124 130 90 2 |171 153 17 87 84 65 32 5 24 163 83 80 136 139 174 26 59 48 183 102 ||188 13 176 56 |37 18 |117 |50 152 |165 |167 |76 |180 |135 155 108 |1 |179 |119 147 |14 |39 |143 |169 |74 122 |107 |192 |160 |16 49 |88 70 |149 92 |109 36 10 129 |
20765.6 837112
171 58 137 98 84 65 32 24 80 83 87 17 48 183 102 30 |166 5 72 94 139 7 174 136 26 59 158 86 25 54 |82 40 111 34 127 184 101 145 181 131 164 73 195 190 144 |191 151 89 113 105 46 41 60 128 162 53 66 193 75 55 154 100 |20 170 120 197 175 125 189 106 78 115 168 194 6 121 159 |161 97 148 110 173 198 134 116 199 21 68 27 196 126 63 3 |69 45 185 33 104 52 8 51 103 43 182 133 95 96 |61 42 57 93 178 23 146 177 123 79 157 4 9 118 124 |186 35 31 140 112 172 114 38 99 71 15 85 22 200 90 130 62 2 |163 132 138 141 44 150 67 81 153 187 19 142 91 77 11 12 156 ||188 13 176 56 |117 |37 18 |50 152 |155 108 |169 |76 |180 |135 |1 |179 |119 147 |14 |39 |143 |167 |74 122 |165 |107 |192 |160 |16 49 |88 70 |149 92 |109 36 10 129 |47 29 |64 28 
24370.8 831529

Time:2
Last Iter:1
Last Update:1
Tabu:0
Last Time2
3
141 171 186 98 191 94 72 24 163 83 80 136 139 174 26 59 48 183 11 |31 185 199 103 51 8 104 82 33 166 146 9 118 90 130 63 29 |120 65 69 137 46 105 113 89 66 55 193 75 50 102 |170 182 6 173 110 148 111 34 127 145 101 184 197 175 125 78 115 168 108 152 |116 7 5 84 87 17 158 70 86 62 92 3 |40 45 159 106 189 151 58 41 53 60 128 162 154 100 |161 132 35 112 44 38 172 138 99 71 15 22 200 85 25 12 156 |114 97 121 126 196 27 68 93 178 23 177 123 79 157 4 124 2 |150 43 61 52 57 21 147 133 95 134 198 42 181 131 194 164 73 190 96 144 |140 32 20 187 67 81 153 19 142 91 77 54 ||10 37 |74 |179 |160 |167 |76 176 |28 |14 |155 |169 18 |13 56 49 129 |39 195 |135 36 |119 188 |192 |16 |180 |107 |64 |47 |165 |1 |122 |117 149 |88 |143 109 30 
23090.6 864601
170 137 58 175 106 189 151 60 128 41 105 53 162 66 55 154 100 |112 157 185 33 8 52 104 82 57 68 21 27 196 126 117 190 |94 97 148 111 34 127 181 194 131 42 198 134 180 39 164 73 144 |98 187 20 158 17 87 80 136 26 59 174 139 7 193 75 |113 31 35 172 141 138 132 45 90 130 124 179 2 |67 79 123 51 103 43 182 133 95 96 63 3 |171 199 166 61 178 93 23 146 177 9 118 4 25 54 11 12 156 |161 40 116 173 110 78 125 197 145 101 184 115 168 6 121 159 |120 46 89 69 191 72 24 5 32 65 84 163 83 48 183 102 |186 140 85 77 91 142 19 153 81 150 44 114 38 99 71 15 22 200 62 ||13 135 |16 |18 |167 |169 |119 |107 |1 86 74 |29 195 |49 109 |147 188 14 |92 129 |155 |47 122 |50 165 |143 |76 |160 |70 |149 |64 |30 10 |56 |192 |88 37 |176 |36 108 |28 |152 
23660.1 848245
161 35 187 20 17 87 5 84 65 32 163 24 72 83 80 136 26 59 183 156 |51 98 69 89 113 105 46 41 58 60 128 162 53 66 154 100 |52 120 197 106 151 189 175 78 115 168 164 73 190 96 144 |48 185 103 43 182 133 95 199 116 198 134 42 181 131 16 194 |140 104 176 4 9 118 124 130 90 62 74 54 |125 186 191 94 137 55 174 139 7 193 75 102 |82 170 40 97 173 110 148 111 34 127 145 101 184 6 121 159 |166 81 45 157 123 79 177 146 23 93 178 61 57 68 21 27 196 126 63 29 3 |8 31 138 141 172 112 114 38 44 150 67 153 19 158 142 91 70 77 11 12 |171 33 132 99 71 15 22 200 85 25 2 ||37 169 |14 28 30 |152 |18 |1 |119 |180 56 |86 |108 |107 |167 |117 |143 |47 |192 |160 |10 50 36 |92 64 188 129 |76 13 |39 49 |155 |195 149 |122 88 |165 |179 |135 147 |109 |
25434.8 827588

Time:1
Last Iter:1
Last Update:1
Tabu:0
Last Time1
4
114 186 98 137 139 59 48 77 91 54 11 12 156 |67 45 8 61 93 178 23 146 118 9 177 123 79 157 4 124 130 90 200 62 188 2 |172 85 150 32 65 84 87 17 20 187 81 153 19 158 183 122 102 |35 15 138 141 140 44 142 25 154 143 108 |31 171 161 5 191 94 72 24 163 83 80 136 26 174 7 193 75 |132 69 89 113 105 46 41 60 128 162 53 66 55 100 |170 173 97 40 197 175 125 34 127 145 181 42 194 6 121 159 |38 120 168 58 151 189 106 78 115 184 101 131 164 73 |71 111 148 110 198 134 116 199 95 133 126 190 96 144 |112 99 22 185 166 33 82 104 52 51 103 43 182 21 68 57 27 196 63 3 ||36 |47 |192 |107 |70 |39 |169 |18 |64 |28 |160 |119 49 |16 |135 176 29 |117 149 |195 |1 86 88 |109 50 152 |167 |179 |10 |76 13 |14 74 37 |129 30 155 |147 |165 |92 |180 56 
22766.5 891298
40 51 199 116 127 34 111 148 110 173 198 134 42 181 145 184 101 131 164 73 |120 171 55 137 41 162 128 60 58 151 189 106 78 115 168 6 39 16 194 121 159 |170 103 185 104 8 52 57 68 21 27 196 133 95 190 96 144 |5 99 182 43 166 33 82 61 23 178 93 126 63 |35 158 71 15 157 4 79 123 177 146 |113 9 118 124 130 90 2 3 |161 125 31 140 112 172 141 138 132 45 22 200 85 62 |114 175 66 65 24 69 94 191 72 163 83 80 136 139 174 26 59 48 183 102 |197 186 32 84 87 17 20 187 153 81 67 150 44 38 19 142 91 77 11 156 |97 98 100 154 53 46 105 89 7 193 75 54 25 12 ||107 |49 36 |1 |179 |160 |167 |129 108 |165 |195 |37 169 |109 176 |18 122 |180 29 |135 155 |86 |192 |64 |117 |74 28 |149 |76 188 |50 |119 |10 152 |92 13 147 56 |88 47 70 14 |30 143 
23766.2 891183
97 69 183 5 24 94 98 191 72 163 83 80 136 59 26 174 139 7 165 75 193 55 66 154 100 102 |171 35 150 141 112 85 45 132 157 123 79 177 4 124 179 |84 172 17 187 67 81 153 19 44 114 38 99 71 15 22 200 62 25 88 54 11 12 156 |138 32 46 170 120 40 197 175 125 78 106 189 151 58 60 128 162 108 |89 20 48 77 142 91 90 130 146 9 118 2 |65 166 33 82 104 51 103 43 182 21 68 27 196 96 144 |158 8 23 93 178 61 57 126 63 3 |31 185 52 133 95 190 121 159 |140 186 87 137 113 105 41 53 6 168 115 184 101 145 194 73 |161 199 127 34 111 148 110 116 173 198 134 42 181 131 164 ||169 |50 |64 |149 188 |18 122 |70 28 |1 47 30 |76 147 |29 119 |107 155 |74 86 14 92 |49 39 129 |135 152 176 |13 10 |167 |37 |143 |56 117 |180 |192 |160 |109 36 |16 |195 
24072.8 890545
150 52 34 127 111 110 173 198 134 116 199 95 164 73 190 96 144 |38 148 133 104 185 51 103 43 182 57 68 21 27 196 126 63 3 |171 172 157 132 45 99 71 15 22 200 90 130 62 |98 44 114 141 112 35 140 31 67 81 153 187 19 142 91 77 11 |170 69 161 5 32 65 84 87 17 20 158 48 136 26 59 174 |97 113 137 94 191 72 24 163 83 80 139 7 193 75 183 102 |186 40 194 131 145 101 184 197 175 125 78 106 189 151 115 168 6 121 159 |138 42 82 33 166 61 93 178 123 79 177 23 146 9 118 4 124 2 |120 181 147 85 25 88 54 12 156 |8 89 105 46 41 58 60 128 162 53 167 66 55 154 100 ||129 56 117 |109 36 |192 |169 |86 |47 14 176 |188 |165 |49 29 30 |92 179 |135 143 152 10 |37 18 |149 195 |76 |160 |28 1 |16 |13 |70 |107 |74 |50 |155 108 |64 |122 |39 180 |119 
24352.2 823468

Time:1
Last Iter:1
Last Update:1
Tabu:0
Last Time1
4
31 5 191 72 24 163 83 80 139 136 26 59 174 7 75 193 55 154 |132 51 182 196 27 68 57 61 93 146 9 118 126 96 63 3 |20 21 111 148 110 173 134 198 116 199 133 95 164 73 190 144 |171 170 189 115 78 197 34 127 184 101 145 181 42 131 194 6 121 159 |94 67 140 35 172 138 71 15 22 200 90 130 2 |141 87 187 153 81 150 44 114 38 99 85 25 62 |43 32 98 186 69 137 89 113 105 46 41 162 53 66 36 100 |112 185 103 8 52 104 82 33 166 178 23 177 123 79 157 4 124 188 |161 183 65 84 17 48 158 19 142 1 91 77 54 11 12 156 |45 120 97 40 175 125 106 151 58 60 128 168 108 102 ||165 |192 |117 |149 |29 122 |86 |129 180 |179 |167 |195 |64 |50 143 |28 70 |152 |176 135 109 |169 |107 |39 147 13 |155 30 92 |14 37 |18 74 |10 56 49 |119 |76 |88 47 |160 |16 
22108 851042
61 170 97 40 197 175 125 189 151 106 78 115 168 155 |171 132 43 33 8 52 104 82 57 68 21 182 133 27 196 119 149 117 |51 75 90 130 124 123 4 118 9 177 146 23 178 93 76 126 63 29 3 |161 103 157 38 114 44 150 67 81 153 19 1 142 91 70 77 11 12 156 |5 166 45 138 140 35 112 141 172 99 71 15 22 200 85 25 62 2 |31 191 20 65 137 94 72 24 17 87 83 80 136 192 26 59 183 102 |98 79 193 89 113 105 46 41 58 60 128 162 108 154 66 55 100 |53 187 84 32 163 7 139 174 48 158 54 |186 120 34 127 111 148 42 181 145 184 101 131 194 6 121 159 |69 185 95 110 173 198 116 199 134 180 39 164 73 190 147 96 144 ||30 88 |18 |13 176 135 |16 |37 |143 |109 152 36 |169 |122 |47 |49 |92 129 |74 |165 |56 195 |107 |167 |160 |50 10 |28 86 |188 179 |64 14 
22486.2 849716
170 71 185 166 33 82 104 8 52 68 21 164 73 190 147 63 3 |172 79 130 22 200 15 99 85 1 25 54 12 |35 103 61 178 93 57 27 182 95 133 196 119 126 96 144 |141 43 116 134 198 173 110 148 111 127 115 168 |186 31 19 20 87 84 65 32 163 83 80 136 48 26 59 183 102 |161 113 69 98 171 5 24 191 94 72 139 174 7 193 75 |46 140 138 112 114 38 44 150 67 81 153 187 158 142 91 77 11 156 |17 132 45 157 123 177 23 146 9 118 4 124 90 62 2 |199 137 105 41 175 78 106 189 151 58 60 128 162 53 66 55 154 100 |51 89 97 40 120 125 197 34 42 181 145 101 184 131 194 6 121 159 ||180 29 |167 |176 152 |108 |107 |76 |143 |10 |192 |109 74 |28 70 |13 92 135 |179 188 |88 47 86 |36 49 |155 16 |195 56 |160 |122 50 |37 169 |64 30 |14 |117 |165 |18 129 |39 149 
23135.5 843935
31 69 191 87 20 84 65 32 5 24 163 83 80 136 26 59 174 139 7 193 75 102 |170 161 137 89 162 128 60 41 46 105 113 53 167 66 55 154 100 |98 135 158 17 48 183 11 88 25 14 12 156 |196 72 187 140 35 141 138 172 38 114 44 150 67 81 153 19 142 91 77 54 |171 99 79 61 82 52 51 103 43 182 133 95 190 96 144 |58 185 166 33 104 27 21 68 57 93 178 23 177 9 118 146 126 63 3 |8 116 199 134 198 42 73 |123 97 173 110 148 111 34 127 181 145 184 101 194 131 164 |186 120 40 197 175 125 189 151 106 78 115 168 6 121 159 |94 112 71 4 157 132 45 15 85 200 22 90 130 124 62 2 ||176 188 |86 |160 |74 |56 |47 |147 64 |107 |1 92 |10 |179 |180 39 |122 37 |109 165 |117 13 29 30 |152 49 |18 |76 |195 149 |16 |192 |169 |119 |129 155 36 |143 |50 |70 |28 |108 
27078.8 836716

Time:2
Last Iter:1
Last Update:1
Tabu:0
Last Time2
3
170 126 96 190 73 164 55 66 143 154 |163 182 173 110 148 111 97 34 127 197 175 125 78 115 107 168 |38 69 171 161 98 191 72 83 80 136 139 7 75 193 135 |140 94 120 189 106 151 58 60 41 128 162 53 167 |150 186 5 32 65 84 17 87 48 26 59 174 183 102 |141 185 177 79 4 132 85 99 71 15 22 200 90 130 124 62 2 3 |20 45 133 68 21 43 51 8 52 104 82 33 166 61 178 93 23 146 118 63 144 |35 158 24 137 89 113 105 46 100 |103 138 187 31 112 172 114 44 67 81 153 19 142 91 77 25 54 11 12 156 |40 157 9 123 57 27 196 95 199 134 116 198 42 181 145 101 184 131 194 6 121 159 ||117 |188 92 129 |28 |192 |122 |147 39 56 |179 64 |76 |86 |18 |16 |180 |152 29 30 |14 74 |108 36 |119 |37 70 |160 |169 |88 13 |10 50 165 |149 195 49 |109 155 |47 1 |176 
21470.6 866545
48 51 133 103 43 182 21 68 57 27 196 76 126 63 |8 7 42 181 127 34 111 148 110 173 198 134 116 199 95 195 190 144 |31 5 67 150 44 38 114 112 172 141 138 71 15 85 19 142 91 77 54 12 |161 35 187 140 99 132 45 22 200 90 130 62 25 |153 185 23 166 33 104 82 61 178 93 146 |97 69 139 94 89 113 105 46 53 41 60 128 168 6 121 159 |20 52 4 157 123 79 177 9 118 124 2 3 |40 171 137 186 98 191 72 24 163 32 65 84 17 87 83 80 136 26 59 174 102 |170 158 151 58 162 66 55 154 100 193 75 183 122 11 156 |81 120 197 106 189 175 125 78 115 184 101 145 131 194 164 73 117 96 ||155 107 |18 |169 |92 179 |1 47 |30 149 176 |180 147 |109 143 10 |29 39 |70 37 |108 |14 28 64 |88 86 |50 |16 |160 |152 135 56 |129 74 |165 |119 |167 |188 49 |36 |192 |13 
24035.2 843461
48 185 104 123 79 157 132 45 90 130 124 64 62 2 3 |170 171 17 20 187 81 153 19 142 85 91 77 54 12 |138 139 158 67 31 140 112 141 172 150 44 38 99 71 15 22 200 25 |114 115 33 4 118 9 177 146 23 93 178 61 82 8 52 57 68 21 27 196 126 63 |51 173 198 116 199 133 95 190 96 144 |40 103 182 134 42 181 194 131 164 73 |120 43 110 148 111 34 127 145 101 184 6 121 159 |97 87 168 197 175 125 78 106 189 58 60 128 41 53 162 154 100 |35 151 94 65 32 5 161 191 72 24 163 83 80 136 26 59 174 7 75 183 11 156 |166 98 84 186 69 137 46 105 113 89 193 66 55 102 ||107 |135 |76 |119 |192 |39 13 |129 88 |18 122 |149 30 |165 10 |74 109 |143 155 |147 195 176 |180 |169 |36 152 |56 |70 |108 |167 |179 |28 188 29 |37 92 |16 49 |160 |47 1 14 |117 |50 |86 
32637.6 838774

Time:1
Last Iter:1
Last Update:1
Tabu:0
Last Time1
6
84 33 182 52 8 104 82 61 93 178 23 146 118 9 177 123 79 157 4 124 188 64 2 |46 185 43 57 68 21 27 133 95 199 116 198 134 49 159 121 135 |113 132 140 112 38 114 44 150 19 142 91 37 169 158 77 54 11 12 |81 103 126 129 168 115 184 101 145 16 164 73 190 96 144 |187 120 97 197 175 125 78 106 189 151 58 60 128 162 41 53 167 154 |35 83 67 31 141 172 138 99 71 85 200 22 90 130 62 25 63 3 |166 153 105 89 137 69 186 98 191 94 72 24 163 80 136 26 174 |51 15 20 17 87 139 59 48 183 102 156 |45 171 161 5 65 32 7 75 193 66 55 |170 196 40 34 127 111 148 110 173 42 181 131 194 6 100 ||180 |117 |14 29 |36 |10 |92 88 74 |179 |192 |13 147 |70 122 |50 |39 149 |86 1 |160 |107 |76 |56 155 |152 109 143 |108 |30 47 |165 |195 |119 |28 |18 |176 
23167.6 907982
138 139 26 136 11 85 118 9 146 195 92 188 13 |69 8 168 111 148 173 198 199 134 42 181 131 194 164 73 |17 120 115 58 189 106 78 125 175 197 34 127 184 101 6 121 159 2 |171 97 51 104 33 166 4 157 123 177 23 61 178 93 76 126 63 3 |20 185 95 133 82 52 103 43 182 57 68 21 27 196 149 190 96 144 |137 35 112 172 132 45 22 200 90 130 124 62 25 |170 19 186 161 84 65 32 5 24 191 94 72 80 83 48 183 |110 141 187 153 81 67 31 140 150 44 114 38 99 71 15 142 91 77 54 12 |98 40 151 60 41 128 162 53 46 105 113 89 193 55 66 154 100 |145 116 79 158 87 163 59 174 7 75 102 156 ||165 |180 |179 64 |122 |155 56 |176 |37 |39 117 |160 |50 |47 86 1 |108 |70 |29 49 152 |28 14 30 129 |135 143 |16 |107 |109 74 |18 |10 36 |147 119 |167 |88 169 |192 
23680.7 903830
19 51 126 27 196 199 134 198 42 131 194 164 73 144 |185 170 97 173 116 133 95 195 117 190 96 63 3 |141 171 186 137 105 53 162 135 108 |48 120 40 34 127 110 148 111 181 145 101 184 115 107 6 121 |44 157 4 29 14 85 25 47 91 142 77 54 12 |98 123 79 177 103 43 182 21 68 57 52 8 104 82 33 166 61 178 93 23 146 9 118 |138 20 35 112 114 38 132 45 99 71 15 22 200 90 130 124 62 2 |140 94 31 67 81 153 187 158 17 87 84 65 32 5 161 191 72 24 163 83 80 136 26 174 75 |150 125 41 46 113 89 66 55 193 7 139 59 183 11 102 156 |172 69 175 197 78 106 189 151 58 60 128 168 159 154 100 ||16 |119 |155 13 |165 |180 49 |160 |167 143 |70 86 88 |37 50 10 |192 |28 188 176 |39 149 |129 30 56 147 |109 |179 |18 |169 |92 64 |36 |1 74 |76 |122 152 
24207.3 894906
127 138 141 35 140 150 44 114 38 99 71 15 85 25 |67 69 98 161 5 24 80 83 87 48 158 183 11 156 |133 186 113 105 46 41 53 162 128 60 58 151 189 106 78 115 168 143 154 100 152 |125 45 172 112 31 81 153 19 160 91 77 12 |170 171 94 191 72 137 7 10 135 194 6 121 159 |197 132 22 70 142 1 54 102 |97 123 185 33 61 93 178 23 177 79 4 9 118 179 124 130 90 200 62 2 |175 157 146 166 82 104 52 8 51 103 43 182 21 68 57 27 196 76 126 63 3 |187 40 34 184 101 145 111 148 110 181 131 42 173 198 134 116 199 95 164 73 190 96 144 |120 89 20 17 84 65 32 163 136 59 26 139 174 75 193 66 55 ||108 |192 |29 149 |122 50 |39 |195 49 |92 188 |86 |165 |28 88 |56 117 |155 107 |169 |167 |180 30 |13 74 |109 |47 176 |37 18 |147 129 |14 |36 |16 |64 |119 |
24474.6 877225
132 186 89 46 60 151 106 189 175 125 115 168 |185 40 97 34 148 111 42 181 145 184 101 131 194 6 121 159 |140 20 72 105 113 137 139 174 7 75 193 55 66 143 154 100 |171 142 48 69 94 98 191 24 163 32 65 84 87 83 80 136 26 59 183 102 |127 25 157 33 104 166 123 79 9 118 146 23 178 93 57 196 96 144 |161 170 197 78 58 41 53 162 128 108 |5 138 91 19 44 99 15 85 200 22 124 130 90 62 2 176 3 |120 71 45 4 61 82 52 51 103 43 182 21 68 27 126 63 |110 177 31 35 141 172 112 114 38 150 67 81 153 187 158 18 77 54 11 12 156 |17 8 95 133 116 199 173 198 134 180 39 164 73 190 ||107 |192 |10 50 |195 |169 |109 |167 |129 30 13 |37 74 |49 135 |28 1 |36 |160 |76 |16 |117 |86 88 |188 64 92 29 |119 147 |179 14 |155 152 |149 56 |165 122 |70 47 
25034.9 846679
120 137 89 162 41 128 60 58 151 189 106 175 125 78 115 184 101 107 168 6 121 159 |197 94 53 105 113 7 139 174 75 193 55 66 154 100 102 |182 171 186 98 191 72 24 5 32 65 84 163 83 80 136 26 59 48 183 11 |153 133 33 166 123 79 177 146 9 118 157 4 124 63 3 |46 51 8 52 104 82 61 23 178 93 57 68 21 27 196 126 96 |69 170 97 110 173 116 199 198 134 95 190 144 |103 140 44 35 112 141 172 114 38 99 71 15 85 25 |185 40 148 111 34 127 145 181 42 131 194 164 73 |161 138 81 150 132 45 22 200 90 130 62 2 |43 31 67 187 20 17 87 169 158 19 142 91 77 54 12 156 ||14 |39 195 117 |36 155 |122 |16 |180 |167 |10 |152 |147 119 |70 1 |108 135 129 |13 |143 |109 165 |56 |74 86 28 |37 |179 |160 |192 |149 29 92 |88 50 |176 188 |47 |64 |30 |18 |49 |76 
26753 813495

Execution time: 18.111 seconds
