Time:1
Last Iter:1
Last Update:1
Tabu:0
Last Time1
9
15 45 144 49 121 135 151 123 140 62 164 193 115 |158 67 55 76 92 105 60 87 190 64 95 4 81 106 129 153 |172 134 34 102 63 24 21 12 32 150 126 141 25 56 57 71 16 |148 65 8 159 156 27 70 170 58 109 185 124 85 107 166 69 93 |157 74 103 14 80 53 173 152 59 131 |160 94 168 37 50 54 162 19 40 177 79 77 86 22 111 29 |99 44 98 120 33 189 72 88 145 163 97 125 184 132 113 83 104 100 96 197 |181 89 73 5 91 2 161 142 52 165 114 38 154 200 42 |108 147 20 84 23 139 192 66 143 199 191 75 137 119 36 1 117 167 176 |6 110 51 31 18 90 17 30 26 46 68 78 118 128 ||179 122 |186 136 7 |10 13 |11 |127 |180 |195 |149 188 |178 196 112 |41 |9 |175 |43 |35 198 |101 28 82 |39 155 169 |183 187 174 |47 61 |182 |171 194 |48 |3 |138 116 |146 133 |130 |
22275 1.71445e+06
76 197 132 53 139 185 124 143 118 95 145 30 34 90 38 |153 182 19 162 32 3 96 190 165 170 141 105 92 166 157 123 93 68 |106 1 4 86 198 111 78 147 85 50 126 164 100 168 104 |35 69 59 131 73 134 45 200 159 176 6 173 60 |83 149 152 80 65 55 189 46 63 24 120 66 64 |13 151 108 140 52 41 87 114 58 37 17 117 184 75 89 158 154 144 22 199 128 |16 62 84 99 109 25 167 51 150 142 177 54 115 129 125 135 77 |20 192 146 91 178 14 27 70 12 79 121 97 |71 163 88 138 174 81 8 36 42 28 39 172 40 57 |113 186 148 137 21 15 49 181 56 107 179 130 2 29 110 94 160 193 ||61 |67 82 101 7 |187 180 |47 188 |102 |127 |10 195 74 |103 |119 |18 169 112 5 |98 |23 48 |196 31 |133 |44 |116 |11 |26 |191 |122 161 33 |155 43 |156 175 |183 171 136 |72 |194 |9 |
22403.9 1.6218e+06
118 88 77 4 17 53 100 150 184 140 99 |15 42 45 129 28 119 134 158 40 |75 177 78 29 145 62 110 94 167 27 115 152 |71 101 137 21 24 176 160 60 66 16 111 123 93 59 68 55 |144 147 36 12 38 175 186 117 6 25 92 |8 51 80 165 31 50 20 64 151 69 73 154 37 164 58 170 |114 82 11 34 106 9 200 127 83 168 190 126 85 120 91 2 157 57 89 135 189 46 49 86 131 |136 90 153 81 65 198 5 13 121 95 163 97 166 143 52 96 87 193 104 113 162 142 148 |44 124 76 178 56 19 32 132 70 159 22 1 30 199 128 |102 79 187 183 172 54 43 156 63 125 197 107 105 109 185 192 141 173 ||39 |61 3 |41 14 |10 116 180 67 |174 |195 146 84 |139 |149 169 |47 |74 122 130 |112 103 |138 |98 |161 196 171 |133 179 |23 |35 |181 108 |191 |7 |72 |18 33 48 |155 188 |182 |194 |26 |
24348.3 1.53911e+06
159 46 148 177 |124 166 128 30 |15 156 162 40 49 121 69 118 71 163 145 91 92 192 99 50 60 165 80 141 173 117 |17 88 95 191 111 57 107 185 109 104 132 137 158 4 1 106 144 21 12 90 19 |199 64 181 68 16 87 114 190 150 184 25 176 38 63 129 |78 34 120 143 62 44 20 105 52 27 8 154 135 55 157 |97 122 140 151 138 75 172 153 197 167 110 160 51 142 |24 126 125 86 72 77 2 54 113 32 115 152 37 168 6 164 94 |70 98 66 130 84 139 193 53 83 45 42 22 189 79 56 73 93 59 |200 147 85 29 123 131 26 81 36 134 65 89 100 58 170 96 ||179 103 48 |174 |175 136 |5 74 |41 |116 10 101 |3 149 |102 |23 |180 67 |31 |182 187 161 178 |146 108 |14 |127 |188 155 |33 76 47 169 196 |171 |9 7 |61 18 183 |198 195 |35 13 |133 |43 186 |82 28 112 |194 |119 |11 |39 |
25008.3 1.32046e+06
77 121 181 59 68 |141 62 124 109 99 105 41 165 114 190 96 197 177 |185 113 132 53 104 70 115 17 83 149 27 176 193 100 160 167 51 80 150 47 142 |117 123 71 91 157 2 151 29 13 57 56 |97 194 106 154 36 24 63 21 45 129 153 38 39 90 137 19 162 184 54 148 |168 200 42 159 144 8 81 1 4 30 174 86 46 135 89 75 |120 32 152 37 173 6 164 25 58 170 94 110 126 87 60 50 23 52 |128 78 189 34 125 134 158 65 172 40 7 |12 69 199 163 145 95 88 93 49 131 79 55 |22 118 111 16 166 143 66 64 192 20 85 147 140 92 107 73 ||191 |175 |155 3 |11 |188 |102 |119 |171 82 76 |130 |72 |182 112 |15 |61 |127 |44 |35 10 183 |31 43 |180 187 |196 |138 |156 |9 |84 195 |101 186 |33 67 116 |28 136 |26 |161 198 |133 |14 139 |48 122 108 |98 103 178 |74 179 18 |169 5 146 
30217.2 745299
152 64 192 124 99 50 60 23 105 20 85 92 147 140 107 |25 62 104 37 160 110 58 170 94 164 6 53 100 193 176 70 115 17 83 149 32 113 132 162 184 |141 12 24 63 154 144 42 22 106 81 11 34 158 65 |91 15 134 153 137 90 19 54 148 |38 16 120 78 69 118 93 191 49 46 135 89 75 |143 27 167 117 1 4 102 30 86 189 56 |173 166 109 126 87 41 52 165 114 190 80 51 96 150 197 142 177 |168 159 200 36 21 45 9 8 129 125 172 40 |185 199 163 123 71 157 2 151 29 111 57 73 |66 97 128 145 88 95 121 131 77 79 59 68 55 ||48 |130 |186 188 |127 |3 |33 180 |174 |194 |112 155 101 171 |183 |84 |122 |98 |35 74 179 |169 |119 |18 31 5 |67 181 |108 |103 133 |47 |138 116 |178 146 |82 182 7 196 |187 43 |39 |156 |13 161 76 |14 139 |44 |175 28 |195 10 |198 61 |72 |26 |136 
31272.2 723630
12 163 88 93 49 86 30 4 1 81 45 125 182 134 172 40 |2 126 87 109 99 105 50 60 52 48 147 140 107 73 |21 128 191 97 199 123 71 118 69 121 131 77 79 46 189 135 89 75 |145 166 143 66 124 185 192 62 44 20 85 |64 92 120 78 91 157 29 111 59 57 56 68 55 |151 42 63 24 36 154 159 144 22 106 8 129 34 158 65 |90 153 137 19 148 177 |95 38 17 83 27 193 167 117 132 32 113 162 54 |16 115 70 173 164 160 100 51 80 150 184 142 |200 165 152 176 104 37 168 53 6 25 141 58 170 94 110 114 190 96 197 ||112 |169 31 |155 |26 |84 161 |39 28 |174 |102 |180 67 18 |146 178 |74 108 76 |9 |196 43 136 |179 35 |103 23 |82 175 |139 14 |3 61 |194 |181 13 |133 |72 |15 |188 149 |7 198 |41 |98 |156 |138 |186 5 |116 10 171 101 |195 |11 |119 |47 183 |122 130 |127 |33 187 
34505.4 708909
25 60 170 164 173 37 168 53 6 160 100 193 167 117 132 162 184 142 |95 12 38 127 27 152 70 115 17 83 32 113 19 54 148 |137 125 158 65 172 40 |21 128 163 145 93 46 49 131 77 121 79 59 68 55 75 |22 88 97 199 123 71 69 111 29 2 151 78 91 57 56 |176 99 124 64 66 143 166 16 120 147 140 107 73 |157 4 90 153 81 34 30 86 189 135 89 |110 1 106 42 144 159 200 24 63 36 154 8 45 129 134 |109 104 141 94 58 126 87 165 114 190 80 51 150 96 |118 50 105 185 192 62 20 85 92 52 197 177 ||9 |156 |101 |26 |196 |14 |178 33 187 5 |122 |31 186 169 |35 10 198 |7 175 39 |84 18 |171 67 112 |138 174 |11 |47 188 |130 74 108 |41 133 |136 |191 180 |102 |44 |194 |72 |116 181 |146 98 |161 182 |103 |82 |15 |119 |195 |28 |179 |139 |155 |61 43 |76 183 |48 |3 149 |23 |13 
39359.8 705950
50 152 115 6 100 160 164 25 141 58 170 94 110 80 150 142 |64 120 66 192 60 126 87 165 114 190 96 177 |109 17 173 53 168 37 104 70 176 27 193 167 51 117 132 184 54 |157 124 185 99 105 20 85 92 52 197 148 |162 32 113 90 137 19 |128 159 8 154 63 24 38 12 21 45 129 153 125 134 158 65 172 40 |143 200 22 42 144 106 4 1 81 34 30 86 46 135 |62 57 49 131 77 189 89 75 |36 16 199 97 163 145 95 88 93 121 79 59 68 55 56 |83 166 123 71 118 69 111 29 2 151 91 78 140 147 107 73 ||194 |44 |191 |15 |3 39 |43 155 198 |84 23 76 |61 112 161 195 |183 181 180 116 187 |47 41 178 |14 31 |119 7 |11 182 |156 175 |138 |127 |74 13 |72 |26 |169 18 10 |146 130 |102 |9 |48 5 33 |98 |108 122 179 103 |67 |186 |139 |171 82 28 |136 |174 |149 188 |101 196 |133 |35 
39896.7 692747

Time:1
Last Iter:1
Last Update:1
Tabu:0
Last Time1
9
50 109 84 96 190 70 54 172 158 189 81 106 36 |113 186 162 112 41 94 167 134 125 200 57 107 62 192 66 71 |194 119 136 17 141 150 60 105 140 75 89 59 128 |87 126 99 197 177 56 2 118 199 95 154 115 176 104 117 |91 78 195 196 19 12 24 63 1 86 20 64 |85 98 44 120 16 145 88 72 46 68 137 90 21 22 51 80 110 58 53 |92 103 147 23 165 25 100 193 43 184 33 69 111 144 |37 6 152 83 188 155 101 82 153 42 30 135 77 121 29 151 157 123 143 |65 171 7 40 55 198 73 146 108 185 124 139 31 114 160 173 132 32 129 45 4 49 131 79 93 |168 164 170 27 38 8 159 34 116 163 97 166 52 142 148 ||67 10 18 |13 |102 |9 |14 |138 |130 74 179 5 |187 |3 |26 |47 61 |28 |127 |48 122 |161 76 169 182 |191 |174 |39 |11 |15 |175 |35 |180 |149 178 |183 181 |156 |133 |
22154.4 1.77744e+06
121 77 67 56 158 144 88 123 111 120 105 150 80 51 |191 138 15 153 38 132 117 27 176 96 57 78 |189 59 73 142 126 152 45 8 71 97 16 62 64 |75 89 33 181 118 128 2 91 92 52 165 87 110 141 53 70 162 63 24 86 |46 49 30 11 9 90 54 184 65 135 55 85 50 60 124 66 170 58 25 164 173 104 |145 163 72 194 1 129 21 36 159 156 32 17 115 160 190 20 192 |23 48 140 143 29 199 93 174 79 68 40 125 106 42 113 193 6 |166 185 103 178 19 155 119 12 200 131 37 168 |4 81 34 22 171 10 177 148 31 147 99 109 94 100 |172 137 82 134 154 39 83 167 47 197 196 107 98 114 151 157 69 95 ||136 |74 130 |3 |14 |183 198 101 |26 |187 180 |195 146 179 |28 43 169 |76 7 |133 122 5 |41 |112 18 |116 |188 |44 161 |61 186 |108 13 |84 |139 |175 182 |35 |102 |127 |149 |
22293.1 1.71857e+06
149 104 25 87 73 135 2 81 42 |159 8 49 77 88 91 20 62 197 |63 200 144 106 175 83 141 126 52 60 109 189 163 199 |70 115 100 58 124 66 111 69 123 95 4 154 12 90 |71 128 29 57 79 26 34 36 40 150 80 110 6 165 50 |116 55 89 7 56 5 108 140 143 114 132 113 176 153 125 134 158 30 93 |41 84 103 192 64 151 157 97 59 75 172 19 148 167 94 168 17 119 129 |68 198 65 177 162 96 51 27 152 37 170 127 45 16 166 |21 24 1 28 137 101 54 32 117 193 164 173 190 105 185 147 92 107 78 131 145 |142 169 184 76 85 133 23 99 160 53 38 22 86 46 121 118 120 ||11 10 33 |18 14 |44 |183 171 43 |186 136 |15 |156 |194 |48 112 |139 178 |67 182 82 |61 3 |39 |195 179 122 35 |181 |188 47 196 |187 74 |31 |130 |98 |138 |72 |191 180 |161 146 |174 |155 |102 |9 |13 |
22491.9 1.68841e+06
200 144 106 194 158 65 75 189 72 145 57 162 113 132 190 170 104 105 |134 153 15 127 176 193 110 87 52 197 107 147 78 120 123 |49 116 55 151 199 128 8 152 167 85 109 124 66 |32 51 80 25 148 56 135 77 118 |53 6 173 94 126 41 192 143 130 29 79 89 40 137 1 42 86 83 70 |88 163 71 69 59 91 74 108 140 62 64 166 96 150 184 177 34 4 |172 19 54 142 112 47 117 155 82 129 81 63 131 73 157 20 50 60 |99 185 98 16 161 68 30 125 21 22 17 115 114 |165 141 160 149 38 12 36 159 90 169 76 5 111 2 97 95 46 |13 35 121 93 26 45 154 24 27 37 168 100 164 58 23 92 ||171 183 178 18 |146 84 31 |136 |180 |156 |119 |191 187 |188 186 |33 10 67 7 |43 175 |122 |138 |102 |28 |195 103 |3 39 |61 |179 |11 101 |198 181 |48 133 |44 |196 |9 |174 |139 |182 |14 |
23387.3 1.66794e+06
4 129 19 75 189 93 71 166 92 165 193 152 |40 55 86 145 78 107 147 20 87 126 94 167 104 90 |17 3 25 41 105 109 16 177 45 154 81 121 88 128 97 |123 29 130 191 134 162 12 176 168 |99 192 178 73 118 142 184 113 100 164 173 37 |52 60 50 44 76 57 77 131 199 34 125 21 119 156 38 36 42 132 117 27 53 58 114 80 150 |188 70 6 160 141 170 110 51 31 54 153 63 24 30 46 68 56 140 85 185 |115 83 32 18 172 65 33 161 196 197 48 139 62 91 2 157 79 49 144 |116 180 95 69 108 66 124 190 155 137 158 89 8 159 |198 59 67 135 148 96 84 64 143 120 151 111 163 1 106 22 200 ||61 28 |183 13 10 |186 149 |182 82 |136 |9 |14 |179 74 |101 |72 |127 |47 |11 |174 138 187 |7 169 112 146 |35 |15 |195 122 |102 |26 |23 103 |43 175 171 |5 181 |133 98 |194 |39 |
24083.8 1.65357e+06
146 98 48 103 47 3 35 139 136 14 174 195 133 181 |159 125 153 137 40 |100 30 158 81 144 90 162 51 25 66 73 151 157 123 97 88 189 |141 95 69 2 78 140 56 184 117 167 150 94 80 142 |106 118 134 65 55 59 79 148 54 197 87 109 185 124 62 143 16 83 38 |99 200 89 75 57 111 120 46 4 8 12 37 168 173 170 165 |91 27 193 160 53 152 32 96 52 23 126 166 29 68 121 145 86 45 36 21 |22 7 169 28 119 1 49 77 163 199 107 64 58 6 104 176 132 |93 113 128 71 33 177 19 63 24 154 17 115 70 114 190 105 |191 129 131 116 135 187 10 172 34 15 9 42 156 127 164 110 60 50 20 147 192 85 92 ||112 |179 |82 |39 155 196 |171 11 |5 |44 |180 |72 |26 |183 |76 |102 |18 |13 161 |61 186 |175 43 |31 |188 149 |108 122 74 |41 |84 178 |101 182 198 |130 |194 |67 |138 
26071.4 1.60232e+06
115 105 97 128 199 123 71 118 157 2 151 29 111 57 5 56 |27 185 147 140 179 91 78 122 107 73 |22 127 150 173 37 53 6 94 58 141 25 164 100 193 80 51 167 117 132 142 |120 83 126 50 109 99 124 64 143 66 192 62 98 20 85 92 |70 166 69 189 135 34 125 82 134 101 |19 90 32 113 155 162 184 54 148 177 |42 95 46 49 86 30 4 1 81 11 158 65 75 |152 12 17 176 160 170 110 114 190 165 87 60 48 52 96 197 196 |104 16 145 163 88 93 191 121 131 77 79 59 68 55 89 7 |168 21 38 24 63 36 154 200 159 144 106 8 45 129 153 28 137 172 40 ||72 |3 |10 116 |26 |186 |136 |67 138 |161 39 |61 169 |84 |18 146 |156 |183 175 |15 |102 |139 |130 |31 195 |13 |23 |9 |108 133 |43 149 |112 182 |180 174 |198 181 |74 |119 |47 188 |33 187 35 |14 41 76 178 |44 103 |171 194 
28547 742388
24 37 173 100 94 110 96 150 80 51 167 117 132 184 142 177 |63 120 16 157 111 29 2 151 91 78 195 |97 22 19 137 153 45 129 82 125 134 158 65 |144 104 193 168 53 6 160 164 25 141 58 170 126 114 190 165 52 197 |200 90 38 17 83 115 152 70 176 27 188 32 113 162 54 148 |159 86 30 4 1 21 12 36 154 8 81 34 172 40 |42 163 145 95 88 93 121 79 77 131 49 46 189 135 89 75 |166 128 123 71 118 69 57 59 68 55 56 73 |199 99 185 124 143 66 64 192 62 147 140 107 |106 87 60 109 50 23 105 20 85 92 ||48 |33 |13 |84 |112 155 |161 169 |181 |11 18 196 |14 |179 31 |3 149 |47 39 |102 |9 |186 136 43 |119 |194 |156 175 |138 183 |146 |191 |72 |76 178 122 74 |116 |98 |139 |171 187 |180 |26 |61 28 |127 |7 67 101 |15 182 |130 108 5 |44 103 |35 10 198 |133 41 |174 
32231 697559
200 49 86 30 1 34 129 125 134 158 65 172 40 |141 157 121 79 131 77 46 189 135 89 68 55 75 177 |159 166 143 66 192 62 20 147 140 107 |93 64 124 185 99 109 50 105 85 92 |17 60 58 126 87 114 190 165 52 197 |16 38 167 193 100 6 160 164 25 170 94 110 80 51 150 96 142 |78 115 173 168 53 37 104 152 70 176 27 117 132 32 113 162 184 54 148 |144 88 95 145 163 128 97 199 123 71 118 69 59 56 |42 120 91 151 2 29 111 57 73 |83 22 4 81 106 8 45 63 154 36 24 12 21 153 137 90 19 ||3 |103 133 |116 |48 |72 |130 10 |191 |35 5 161 |171 183 178 18 112 |146 84 31 |136 101 |180 |156 28 |119 |23 |182 |127 |149 |82 196 |9 |61 195 |139 14 |169 179 108 |188 |44 |39 7 33 |186 |102 |26 |98 |41 76 |155 |74 |174 |15 |194 |175 43 |47 |122 |11 198 |181 13 |138 67 187 
43076.5 690630

Time:1
Last Iter:1
Last Update:1
Tabu:0
Last Time1
8
88 199 69 181 130 16 87 6 104 152 129 8 158 |51 3 110 94 190 99 44 85 140 120 166 2 97 56 75 172 12 154 144 159 |71 111 145 147 185 114 80 53 168 37 83 38 148 |19 90 155 132 117 142 197 52 165 91 59 55 125 34 200 143 |49 174 30 189 198 29 123 192 167 27 70 115 21 36 106 81 42 |92 48 84 41 139 109 98 78 73 68 46 95 24 193 100 170 173 96 |161 31 186 160 141 58 62 66 89 135 77 86 4 1 63 137 40 |54 162 177 65 134 163 64 105 60 164 176 |45 22 127 32 25 126 116 121 93 128 157 |150 47 184 113 149 17 153 101 76 107 146 74 35 151 118 79 131 57 20 50 124 ||138 |195 133 122 |61 188 |23 |72 |39 43 112 178 |5 108 103 |13 |7 180 |191 10 |102 |14 |179 |175 156 |169 136 |15 |194 |119 |26 |33 183 171 67 |182 82 28 18 |196 187 |11 |9 |
21898.9 1.71773e+06
169 10 82 106 95 123 20 87 190 58 104 152 |130 44 75 8 32 150 94 25 100 |3 17 53 165 124 29 69 59 135 158 34 129 36 24 177 |167 188 27 70 164 114 96 197 92 147 113 137 153 45 12 89 46 118 71 128 |97 163 145 26 52 105 126 110 168 37 66 143 |40 171 55 79 72 42 9 21 83 176 117 142 148 73 50 109 64 141 |2 151 16 62 185 41 51 115 90 54 189 86 4 22 |77 121 49 138 68 65 134 182 81 144 159 63 38 39 162 184 107 120 60 |200 154 1 101 172 183 76 31 80 193 149 85 140 78 91 111 157 199 93 131 |166 192 99 14 170 160 6 173 132 155 136 127 119 125 19 56 57 30 88 ||108 187 33 |47 61 |102 |139 161 |112 103 |74 |122 35 |7 18 186 43 |28 |23 |181 180 |156 |98 |179 133 48 |11 |15 |196 195 146 |175 |191 |194 |198 116 |84 |13 |174 67 178 |5 |
22154 1.65563e+06
100 140 37 17 51 162 197 107 29 157 118 97 4 1 159 129 |44 2 185 109 130 91 177 148 142 150 80 19 40 65 134 125 153 81 154 36 89 |128 163 46 30 55 151 120 147 32 38 22 |70 13 92 69 71 95 93 131 121 194 8 12 176 53 168 160 94 110 |174 52 189 116 79 199 123 16 85 124 114 132 193 6 173 104 21 24 |64 103 54 184 175 188 164 58 170 139 112 172 137 158 34 144 |62 96 192 98 66 143 166 50 87 190 117 90 101 102 68 111 |78 39 113 |60 73 75 10 181 196 195 105 165 167 141 152 63 106 42 86 49 88 145 |25 126 99 20 156 108 57 56 59 77 135 45 200 83 115 27 ||155 18 |14 |3 |138 |191 180 |127 |31 5 |35 |67 198 |179 122 |72 |43 28 171 |33 74 |48 84 |9 |23 |136 169 7 |183 133 |119 |187 82 |47 186 |41 76 |11 182 |161 178 146 |61 |26 |149 |15 |
25444.5 1.49766e+06
18 171 89 135 67 55 33 187 75 |173 119 167 104 37 53 100 193 176 70 115 17 27 3 32 113 117 132 184 142 177 |93 159 8 15 1 4 26 49 174 86 30 158 65 |166 83 200 144 42 22 106 154 36 24 63 45 81 11 34 125 134 182 172 40 |25 88 82 153 129 21 12 38 90 137 19 162 54 148 |64 145 199 123 29 71 118 69 121 59 79 131 77 46 189 68 56 183 |97 143 57 111 157 2 151 91 78 120 130 140 107 73 |95 66 192 62 85 60 52 96 197 196 |163 16 105 50 109 99 124 185 44 20 147 92 |128 152 168 6 160 164 141 58 170 126 87 165 190 114 110 94 80 51 150 ||194 |198 181 |9 |48 84 41 |161 31 186 |139 |127 |47 101 |138 116 |195 133 122 146 |61 188 155 |23 76 |72 |149 |74 35 |98 |39 43 112 178 |5 108 103 |13 |7 180 |191 10 |102 |14 |179 |175 156 |169 136 28 
28079.3 750615
66 118 166 143 64 192 185 99 109 50 105 20 85 92 107 |25 119 21 45 81 1 131 77 79 59 68 55 56 |69 152 173 37 168 6 164 141 58 170 94 110 126 87 165 114 190 96 |88 200 159 144 42 22 106 8 154 63 36 24 12 156 38 90 |16 60 52 147 140 120 78 91 57 73 |4 104 53 160 100 193 176 70 115 17 83 32 113 162 184 54 148 |71 27 132 117 167 51 80 150 197 142 177 |124 157 2 29 121 189 46 135 89 75 19 |137 153 129 125 158 65 172 |62 199 151 111 123 97 128 163 145 95 93 49 86 30 34 134 40 ||136 |181 |84 |9 |43 39 28 |169 182 |188 149 |18 161 179 10 |127 |187 101 196 |146 130 |175 186 |44 |102 7 |33 67 82 |15 |14 |138 174 |98 |23 |194 |180 116 171 |103 |155 |35 195 178 |198 |26 |72 |41 133 |11 183 |13 |61 47 31 |139 |191 |122 48 |3 |76 |108 74 5 |112 
32492.7 733099
45 128 163 145 95 88 93 49 46 131 77 79 189 135 89 75 |86 64 66 143 166 16 120 91 78 122 140 147 92 107 |22 176 83 115 70 152 37 173 53 6 100 160 164 25 141 58 170 94 110 96 31 197 |19 137 90 136 32 113 162 54 148 177 |200 129 30 71 118 69 121 59 56 73 |159 153 4 12 21 24 63 36 154 9 8 106 81 1 34 158 125 134 65 172 40 |124 97 123 157 151 2 29 111 57 68 55 |199 20 62 192 185 99 109 60 50 105 85 |42 38 27 114 126 87 165 52 |144 17 104 168 193 190 150 80 51 167 117 132 184 142 ||47 |149 |98 |41 |15 11 |7 181 5 |171 138 |18 28 169 112 |3 |116 10 146 |196 14 |44 76 |198 179 |48 |188 |139 |13 |119 |130 |72 |33 161 101 |155 186 |175 |187 174 183 |103 23 |180 67 |191 |194 |61 |82 182 |156 |127 |133 108 |102 |26 |74 |84 |43 39 |195 35 |178 
35872.8 724452
2 83 104 37 168 173 6 94 110 114 80 51 132 186 184 142 |30 16 13 29 111 128 199 123 71 118 69 121 79 59 57 56 |42 52 139 60 87 126 165 190 96 150 197 |97 120 151 163 145 95 88 93 138 49 131 77 46 189 135 89 68 55 75 |27 91 78 185 99 109 50 105 103 92 140 107 73 |53 124 64 66 143 166 192 62 20 133 85 147 |17 144 200 154 106 8 153 12 127 38 90 19 |157 86 4 125 137 32 113 43 162 54 148 177 |115 22 159 36 24 63 21 45 129 81 34 158 134 65 172 40 |1 152 70 176 170 58 141 25 164 160 100 193 167 117 ||180 |18 149 |179 |122 187 |11 101 |169 155 |194 |119 |182 175 |183 108 33 |14 |98 |23 |156 |82 |116 181 |102 |44 |47 31 |136 |15 |26 |35 146 196 |112 28 |9 |84 |174 72 |191 |7 171 67 5 195 |74 130 |39 |178 76 10 198 |41 48 161 |188 3 61 
36107 722815
111 90 38 12 24 154 36 63 45 21 129 153 137 19 172 40 |124 58 170 141 25 173 168 53 104 152 70 115 17 83 32 113 162 |37 52 80 110 94 6 100 193 167 51 117 132 184 54 148 |164 185 105 50 60 87 165 114 190 96 150 197 142 177 |176 109 99 64 66 143 192 62 20 85 147 140 92 |160 57 29 2 151 166 16 120 78 91 107 |126 128 163 88 93 49 46 77 131 121 59 68 55 56 73 |145 157 97 199 123 71 118 69 79 189 135 89 75 |95 159 42 22 86 30 125 134 65 |27 200 144 8 106 4 1 81 34 158 ||182 |15 |186 3 |102 |33 47 |183 76 |119 |10 187 |61 101 |198 181 |108 48 |11 |155 175 136 |41 |139 |44 |13 |26 |194 |127 |98 |179 122 133 |103 23 |116 180 |82 |156 |138 |35 146 196 |112 28 |9 |84 |174 72 |191 |7 171 67 5 195 |74 130 |39 43 169 18 178 |31 14 |188 149 |161 
36130.2 693455

Time:1
Last Iter:1
Last Update:1
Tabu:0
Last Time1
15
133 108 78 35 111 157 123 199 118 121 93 81 132 115 70 109 |175 19 82 129 15 1 24 83 37 80 147 143 59 46 88 |96 31 103 142 172 75 56 86 36 110 170 97 |152 100 188 60 192 140 120 151 71 128 135 89 40 158 153 |38 90 137 125 171 116 57 69 95 22 176 53 165 166 |55 189 191 145 163 73 161 92 14 87 58 105 185 62 64 12 200 ||20 146 187 180 29 124 126 51 117 32 27 6 168 21 |162 184 54 18 5 16 48 41 150 167 193 25 34 106 49 |177 33 107 85 52 141 164 186 113 149 17 127 156 63 154 8 144 4 30 131 77 79 |148 197 190 114 94 160 173 104 50 99 44 84 66 91 2 68 65 134 45 159 42 ||198 196 |136 39 |3 |139 |102 |138 |26 |47 76 10 |181 |23 |98 |72 |119 |194 |13 195 |43 |11 |9 7 |169 155 101 |130 |122 74 183 178 |61 |67 174 |182 |179 112 |28 |
22109.9 1.86884e+06
164 141 173 27 80 177 73 91 147 185 79 86 34 125 129 154 159 |7 171 89 135 59 69 118 111 163 106 63 54 70 37 58 60 109 |122 107 56 2 93 42 36 38 117 152 105 85 143 |181 13 74 130 166 64 23 100 6 168 115 19 172 65 158 |53 110 114 167 32 43 137 75 77 180 1 200 17 |165 197 142 76 161 5 10 68 67 46 49 72 26 88 199 151 20 134 83 |21 8 81 22 189 55 18 169 132 188 176 193 160 25 190 62 16 78 |52 87 50 99 192 133 103 92 57 112 162 113 127 12 24 104 94 |102 138 131 71 108 179 140 178 184 51 96 126 170 153 144 |30 4 45 182 40 148 150 3 155 39 90 187 121 95 145 128 97 123 157 29 120 66 124 ||195 146 31 |41 14 |175 |15 82 |61 |149 |116 |139 |9 |35 |44 |33 11 |191 |194 |28 |48 |98 |183 198 174 |196 47 186 |101 136 |119 |84 |156 |
22184.3 1.82162e+06
63 8 19 172 73 46 111 199 184 132 80 190 165 52 141 100 |22 24 119 135 142 96 94 105 109 185 92 151 71 |99 98 35 157 68 89 189 49 81 159 40 113 32 27 83 104 37 58 |120 140 62 23 87 110 164 70 90 162 148 55 69 145 144 |18 76 57 78 166 20 51 160 53 131 97 |79 56 108 2 29 123 95 86 125 106 200 17 115 25 114 64 |43 186 167 152 173 126 139 50 124 192 66 147 75 121 93 1 42 154 21 12 |128 13 91 130 16 84 31 112 176 6 168 158 30 4 36 59 |197 177 54 61 150 117 170 41 48 133 44 74 77 88 34 45 134 65 137 38 |60 103 85 107 33 138 163 118 143 193 153 129 ||181 187 5 |82 |72 |161 146 179 122 |102 |136 |188 |194 7 |174 |155 175 |9 |182 11 |15 |156 |47 196 |28 |191 |169 14 178 |183 101 |127 |180 |171 10 198 67 116 |195 |39 3 |26 |149 |
22200 1.7437e+06
33 198 171 65 182 15 194 77 93 199 157 109 60 53 |25 167 132 92 20 99 120 123 56 189 46 49 34 1 4 42 134 |146 140 91 5 73 89 90 27 50 |192 62 66 107 177 75 125 36 200 159 121 88 117 70 152 |145 68 55 101 12 83 115 188 186 96 126 160 100 |3 32 113 169 148 18 10 79 95 78 133 44 170 137 158 8 21 144 |29 35 57 69 97 131 138 86 24 176 37 168 141 94 51 80 165 87 105 185 16 |17 39 38 154 11 30 135 59 180 163 71 151 147 52 197 142 54 19 40 193 6 110 |111 128 72 106 22 63 45 175 149 104 173 164 58 190 85 166 |172 162 184 43 28 153 129 81 183 76 31 150 114 124 64 143 2 118 ||122 |155 |102 |13 179 |61 41 |98 |14 |23 |195 181 |191 |130 |139 |9 |26 |7 67 174 |119 |161 82 |136 |156 |178 187 116 |127 |48 84 |74 108 103 196 |112 47 |
22870.4 1.73065e+06
88 77 46 11 36 90 113 117 160 165 87 66 118 |7 54 19 134 68 138 123 78 62 96 190 80 132 176 6 25 |69 79 89 86 174 137 21 38 83 152 100 110 114 60 99 185 124 166 16 148 |149 32 150 197 57 91 64 45 200 ||8 106 144 4 135 177 107 143 29 71 97 163 167 27 94 170 |93 95 131 181 67 55 56 75 101 182 158 102 1 81 22 159 154 63 12 193 164 126 105 20 192 |37 53 58 70 39 82 129 30 191 145 157 120 |18 184 162 188 104 141 14 52 31 48 85 147 92 73 125 |59 121 189 49 65 136 142 196 9 42 199 168 173 |109 50 51 43 17 115 153 34 172 40 24 140 151 2 111 128 ||195 187 198 116 |169 155 28 |127 |76 146 103 133 |61 3 |119 |139 |26 |47 186 |122 |98 |23 |10 108 |41 84 |112 |156 175 |183 74 35 |13 |44 |194 |178 |15 |72 |171 33 161 5 |179 130 |180 |
23168.6 1.6923e+06
174 180 163 194 125 159 162 150 167 58 53 152 115 66 |157 122 147 68 49 1 36 90 32 190 141 |37 114 126 60 99 62 78 79 93 81 63 184 132 |27 176 173 54 142 56 89 189 34 129 144 200 95 118 97 |50 52 103 51 113 19 55 135 71 |123 199 29 111 5 146 179 85 20 44 177 158 26 22 42 38 6 170 110 |61 117 43 127 24 8 102 86 46 131 191 145 59 75 172 107 120 192 64 124 185 109 87 96 80 100 197 |104 17 12 9 106 15 4 30 77 2 91 166 148 |121 73 74 140 41 112 18 178 65 134 137 154 83 168 |153 21 45 40 155 70 193 160 164 25 94 165 139 105 48 92 57 69 151 16 143 128 88 ||14 169 |186 |82 |156 |116 |188 47 |195 |28 136 39 |187 67 182 |84 |3 149 |108 |98 133 |183 171 181 |119 7 |10 13 |130 |138 |72 |33 76 101 |175 |35 |11 198 |161 196 31 |23 |
23339.5 1.69129e+06
3 27 149 167 80 25 37 104 142 148 177 57 123 158 134 105 99 |53 168 6 58 139 20 147 78 35 157 71 199 121 131 55 40 |109 14 117 19 12 36 1 49 93 95 135 68 151 |62 107 29 191 46 75 90 153 4 159 114 170 60 |74 48 64 118 79 125 137 32 83 152 94 150 |106 154 45 82 34 138 77 116 73 91 120 166 96 184 100 |194 200 172 10 59 69 128 66 192 92 52 165 126 160 193 132 113 162 |8 119 26 88 97 5 197 190 110 141 173 143 |30 86 11 81 24 38 17 70 169 101 65 89 56 111 16 85 185 124 145 |50 87 164 176 115 51 61 54 140 98 2 163 72 189 129 21 63 144 42 22 ||13 198 |31 84 196 |187 28 |43 39 175 |108 130 |23 |182 18 33 |133 |156 |9 |102 |174 67 |47 |136 |127 |76 103 122 |180 |15 |181 183 178 112 |155 186 |188 7 |161 146 |44 |171 195 179 |41 |
23624.1 1.59118e+06
157 43 113 5 19 148 56 68 107 120 158 1 4 159 21 |128 22 118 79 77 34 83 117 167 104 37 105 62 66 20 |91 74 48 103 |6 195 73 92 143 123 163 88 46 135 154 42 132 160 141 114 |185 100 109 126 190 96 51 70 168 24 36 144 89 59 69 29 2 71 97 |35 55 75 162 129 8 63 95 145 99 170 58 25 53 176 152 27 |200 41 84 192 16 197 142 54 150 80 153 30 131 189 |166 110 108 151 111 93 86 40 177 87 60 50 164 45 125 134 |106 81 65 137 156 39 32 169 181 149 17 115 94 165 85 140 64 199 49 |38 57 13 78 147 133 44 124 52 31 112 184 172 90 119 12 121 173 193 ||175 28 101 7 |130 76 |161 146 179 122 |102 171 |136 |188 |198 116 |174 |191 |61 196 |180 |98 |9 |155 182 |194 |187 10 183 67 18 |178 11 |186 |72 |15 82 |23 |47 |3 33 |138 |14 139 |26 |127 |
25530 1.58462e+06
119 153 103 |35 70 50 123 93 88 |173 21 37 6 94 90 137 154 46 49 68 75 140 147 120 192 124 |199 128 55 73 148 19 132 96 197 85 60 100 53 12 36 106 22 4 134 40 |95 14 105 92 62 166 56 177 142 65 8 24 167 110 168 104 |159 71 195 122 44 99 190 164 25 17 11 34 144 135 89 59 57 |63 107 15 1 194 181 69 111 29 66 165 114 126 51 184 38 115 152 32 162 |26 83 86 79 145 163 97 157 2 151 78 20 98 185 87 141 54 |118 170 80 150 41 76 5 67 189 77 131 174 81 42 129 125 117 27 16 143 |45 200 156 136 155 113 47 31 52 48 109 64 91 121 180 30 158 172 193 176 160 58 ||183 198 116 171 |61 186 18 161 |108 |138 |191 |3 |72 |179 74 178 |139 |169 112 10 |9 7 |187 146 |182 |13 |188 |33 130 |28 175 |196 84 |149 |43 |101 |133 |102 |39 |127 |82 |23 |
25803 1.54729e+06
194 139 15 35 31 96 190 160 6 100 193 176 27 70 115 17 83 149 32 113 184 54 148 |97 200 42 159 144 106 81 1 4 30 86 26 72 49 46 189 135 89 75 |164 65 158 95 88 93 180 131 77 121 79 59 198 68 55 |152 99 105 50 60 41 165 87 14 52 197 |150 120 147 140 107 |104 109 166 16 78 74 91 73 |53 64 143 66 62 192 185 44 20 85 92 |124 163 69 118 128 199 123 71 157 2 151 29 111 13 57 56 183 |145 37 168 173 126 25 141 58 170 94 110 80 51 167 117 132 162 142 177 |22 114 34 134 125 153 129 45 8 154 36 24 63 21 12 38 90 137 19 172 40 ||155 |82 |47 |101 |28 |127 |103 7 |188 3 43 |11 10 |84 169 |9 |5 76 18 187 |116 171 67 |182 195 |138 |119 |98 |102 |108 179 130 |175 |191 |23 48 |178 33 146 |186 |181 174 |156 |61 |133 122 161 |136 39 112 196 
27219.9 737964
97 94 126 165 112 80 51 117 186 132 32 113 162 54 148 |58 64 143 166 20 140 107 10 56 57 5 73 |22 170 141 25 168 104 70 17 83 38 156 90 184 18 |164 59 62 192 124 185 109 99 105 50 60 87 14 52 197 |1 16 128 199 163 145 95 88 93 174 49 131 77 121 79 189 68 55 |194 66 157 123 118 69 111 29 2 151 91 78 147 85 92 |71 144 42 4 26 30 86 46 135 89 75 |120 37 115 173 53 6 160 100 176 27 193 167 110 114 190 96 150 142 177 |134 125 129 153 137 19 |152 159 200 12 21 154 36 24 63 45 8 106 81 34 158 65 172 40 ||102 |15 |139 |133 |180 187 |130 108 |198 7 76 178 |35 195 |188 |103 33 171 |101 47 |182 11 |3 149 |122 48 |175 |191 |44 |84 |127 |9 |116 67 181 |138 |155 28 |179 |119 |196 161 61 |43 39 |72 |136 82 |183 13 |169 31 41 |98 146 |74 |23 |
34819.9 735542
97 146 143 64 192 62 98 185 99 109 50 105 23 60 |36 71 69 118 199 128 163 145 88 93 138 49 131 77 121 79 189 135 89 75 |123 125 154 34 1 4 102 30 86 46 158 134 65 |37 200 24 159 144 42 22 106 81 15 8 45 21 129 153 137 19 172 40 |63 152 176 70 115 17 83 38 39 90 32 113 162 54 148 |92 140 107 73 56 187 |6 66 166 16 120 78 91 157 151 2 29 111 57 59 68 55 171 |95 104 173 168 53 94 170 58 141 25 164 160 100 193 167 51 117 132 184 169 |124 27 80 110 114 165 190 150 96 31 142 177 |12 126 87 147 20 85 84 52 197 ||196 |198 10 |48 |119 |47 |194 |3 61 |28 155 |149 |108 103 |139 41 |43 182 |5 116 |14 |127 |44 |26 |186 136 7 |133 18 |101 |191 |9 |179 |72 183 |82 175 |11 67 |130 |181 180 |174 |161 33 112 |122 35 |188 |13 |156 |178 195 74 76 
34900.2 731209
25 166 124 99 109 50 105 23 60 52 |152 125 38 17 83 115 70 176 27 51 150 142 177 |12 87 126 114 165 190 96 197 |123 64 143 62 192 185 20 85 147 140 92 |66 93 128 199 71 118 111 2 16 120 78 91 107 |200 59 68 55 134 65 158 34 30 86 49 46 131 77 121 79 189 135 89 75 |24 163 145 88 95 69 157 151 29 57 56 73 |97 106 4 1 22 42 159 144 154 36 63 8 45 129 153 90 137 19 172 40 |21 173 37 168 53 100 193 167 117 32 113 184 148 |81 104 6 160 164 141 58 170 94 110 80 132 162 54 ||196 |198 10 |48 |188 |119 |13 146 |47 |3 61 |35 |149 155 |161 33 108 |139 41 |112 43 28 |5 181 116 |14 103 |127 |72 174 |26 |194 |82 182 |133 |175 156 |44 |11 |186 136 7 |18 |183 101 |191 |9 |179 |178 195 122 74 |67 138 |130 |102 |15 |76 39 |180 187 171 |169 31 84 |98 
35348.6 711860
45 199 71 118 69 121 79 59 57 56 73 |143 192 165 90 32 113 162 54 148 |21 123 97 128 163 145 95 88 93 49 131 77 189 68 55 |12 173 37 168 53 160 100 193 51 80 150 142 177 |8 6 60 87 126 164 25 141 58 170 94 110 114 190 96 |200 38 63 36 154 144 42 22 81 1 4 30 86 46 135 89 75 |159 34 19 137 153 129 125 134 158 65 172 40 |152 62 66 124 185 99 109 50 105 20 85 147 92 52 197 |24 104 83 17 115 70 27 176 167 117 132 184 |106 64 166 16 120 157 2 151 29 111 91 78 140 107 ||84 |13 |156 |112 39 |146 |188 196 |178 169 28 |149 |139 |122 103 33 |23 |174 183 |5 182 |136 |119 |44 |72 |194 |191 |102 |15 |9 |127 |179 74 130 |47 155 |67 180 |11 7 |76 108 |98 |116 |61 |48 14 |18 43 186 |41 |3 |181 171 161 |10 133 |26 |138 187 |195 31 |175 82 |35 |198 |101 
39039.6 705977
157 124 105 60 14 87 165 52 92 |80 117 132 162 184 |36 126 25 53 168 37 104 193 167 51 150 142 |50 12 90 19 137 153 129 125 134 158 65 172 40 |166 93 144 42 22 154 24 21 45 8 106 81 34 30 46 189 135 89 75 |38 199 69 128 97 123 71 118 111 29 2 151 16 120 78 91 57 73 |159 83 17 115 152 70 176 27 32 113 54 148 177 |163 63 173 6 100 160 164 141 58 170 94 110 114 190 96 197 |95 109 99 185 143 66 64 192 62 20 85 147 140 107 |200 145 88 1 4 86 49 131 77 121 79 59 68 55 56 ||138 |102 |48 |188 |119 |47 |11 82 182 |3 61 112 |149 186 |178 5 146 198 |122 108 35 33 |76 187 67 |18 155 28 |74 10 |116 181 |72 174 |98 |13 |136 43 |23 |9 |194 |26 |175 156 |183 171 101 |44 |15 |127 |130 |191 |180 7 |161 84 |39 169 |139 |179 |133 103 195 196 |31 41 |
40777.7 688411

Time:1
Last Iter:1
Last Update:1
Tabu:0
Last Time1
12
26 30 121 29 193 |133 85 166 111 73 68 49 4 42 12 153 148 165 87 110 100 168 |101 171 46 191 69 118 57 78 16 192 197 142 94 38 24 |53 160 80 96 132 28 129 1 158 40 56 189 79 95 71 123 185 124 109 |34 15 81 102 125 134 182 65 172 21 83 27 164 147 143 199 97 163 145 |67 116 180 72 174 93 128 2 20 99 141 167 149 17 137 54 119 |75 183 7 161 184 113 32 115 37 6 190 62 120 151 59 22 200 36 |144 45 136 117 47 14 92 77 88 170 104 152 |76 196 33 89 131 157 66 64 98 105 50 58 173 70 51 150 162 19 63 106 |8 154 159 86 135 55 187 198 177 107 140 91 44 60 52 114 126 25 176 90 ||130 122 146 |18 35 |31 48 |108 |11 |175 156 |127 |103 195 5 |155 61 |194 |13 |9 |82 |138 |181 179 |186 |84 23 |41 112 169 178 |10 74 |43 188 |139 |39 3 |
21879.6 1.83431e+06
190 169 172 153 59 140 92 173 |117 61 114 83 36 159 194 77 79 2 143 124 105 |15 42 102 145 199 151 120 147 107 57 75 40 184 197 96 167 94 126 64 |134 65 28 119 63 1 4 11 30 86 162 80 166 29 128 97 |144 8 9 45 81 182 89 198 121 123 66 109 50 87 110 58 141 25 164 37 104 38 12 54 |69 191 26 22 24 125 19 142 177 73 56 91 16 62 99 100 6 70 |113 155 186 150 165 52 85 20 192 122 13 157 71 95 55 90 17 152 154 |170 193 176 27 39 137 129 34 49 68 146 185 118 163 88 |21 175 136 32 132 41 60 168 158 135 189 111 200 ||131 116 46 93 78 178 148 51 160 53 115 156 106 ||133 103 5 |43 |130 |47 |139 |74 |174 72 |7 171 101 |98 |44 |82 |138 |67 183 33 195 |112 31 14 |179 108 |84 23 |188 |187 181 |35 |48 |3 149 18 |196 76 161 10 |180 |127 |
22791.9 1.776e+06
144 154 200 72 77 79 95 123 166 62 140 148 54 40 132 110 58 25 6 53 173 |3 39 142 75 55 59 131 111 85 105 190 160 141 193 152 42 |106 19 162 27 70 100 94 114 52 66 143 157 69 163 |26 102 194 22 36 24 153 86 89 56 57 120 20 99 64 87 197 104 |101 169 80 37 83 17 23 192 91 68 118 128 145 |196 33 183 187 135 121 191 71 107 126 113 125 21 63 8 |151 13 78 73 177 7 172 28 90 32 117 115 34 46 88 |176 167 164 14 50 130 16 2 49 4 45 159 137 65 |155 43 184 175 12 129 82 15 1 30 174 29 97 185 124 109 60 168 |127 38 9 81 134 158 67 189 93 199 147 92 96 150 51 165 170 ||136 186 112 |5 171 |31 47 |98 |149 |10 181 18 |182 |74 146 |84 |188 |119 |180 116 |133 |139 |103 48 179 195 |178 61 |41 |198 76 |44 |108 35 122 |161 11 |138 |156 |
22829.2 1.75862e+06
127 155 82 125 22 189 68 57 157 64 124 50 126 6 152 |102 131 75 40 45 36 51 110 25 87 85 62 29 123 97 |47 167 173 90 42 49 121 151 |78 55 174 145 132 32 27 176 141 |128 111 179 120 23 52 142 137 172 89 1 106 144 200 70 100 164 |119 34 135 56 73 140 16 185 105 58 168 17 113 54 19 69 88 |170 104 83 136 38 21 9 8 138 77 59 107 71 |166 66 192 20 147 99 96 80 160 193 3 115 156 12 153 154 159 4 194 86 95 199 177 148 |118 2 93 46 158 134 182 129 81 63 24 39 117 114 94 37 197 92 109 143 |44 60 165 190 150 184 162 18 178 76 91 198 67 79 30 65 163 53 ||14 139 |171 15 |103 122 |181 |191 |175 |149 |116 |74 130 195 |196 186 183 |5 133 161 |7 187 |180 |11 |108 84 |61 43 |41 |98 |26 |169 146 |33 10 35 |28 101 112 |31 48 |13 |72 |188 |
23293.5 1.71366e+06
128 199 138 102 8 45 154 153 125 184 52 110 62 143 |86 72 93 145 57 140 197 96 150 32 38 144 159 65 89 75 148 94 164 25 37 126 |28 119 17 132 170 91 120 111 95 77 |100 115 83 19 40 30 69 118 151 78 185 109 |147 108 130 2 123 163 181 68 55 81 63 24 27 53 160 58 114 87 50 |117 51 190 165 14 105 64 146 59 97 1 42 137 113 176 152 6 |80 167 188 155 54 101 171 135 67 189 46 180 121 88 56 107 90 34 22 |112 196 73 116 49 4 15 21 12 182 134 158 162 20 99 124 157 |168 173 104 70 61 18 172 33 92 85 60 35 29 71 |129 9 36 200 106 194 131 79 13 16 166 66 192 139 141 193 142 177 ||195 103 |43 82 |98 |127 |136 |174 |3 |183 48 76 |47 186 |11 |23 |156 |39 161 |26 |169 10 187 198 5 |84 133 178 |31 41 |149 |7 175 |179 122 74 |191 |44 |
23419.1 1.71263e+06
7 183 107 98 94 160 25 83 117 162 142 34 77 121 |193 51 32 19 172 158 86 131 163 91 120 85 92 60 185 63 36 200 42 |78 147 75 182 111 80 126 168 |52 100 6 27 115 127 153 55 68 189 2 |1 24 90 101 187 135 49 174 95 97 57 140 166 64 99 109 87 114 132 |79 116 46 72 93 88 118 157 89 40 65 134 129 8 21 12 144 167 170 58 |53 37 184 76 133 44 62 124 105 13 71 123 128 4 45 |20 23 195 73 69 16 102 159 154 38 137 148 70 152 104 173 |197 177 56 29 199 138 106 22 125 113 17 150 96 165 110 141 66 |151 35 122 143 192 50 190 164 176 43 54 67 59 191 145 30 81 ||11 |186 3 |194 |26 |14 169 |181 |15 |119 |198 |175 155 112 |5 103 31 |61 |149 |179 161 18 |47 188 |136 28 |84 |139 |9 |178 196 33 10 171 |146 108 74 |39 82 |156 |180 |48 41 |130 |
23600.1 1.6789e+06
54 172 43 68 5 78 157 71 118 49 63 113 32 150 164 25 141 50 20 62 66 143 124 |152 149 117 80 184 162 119 135 79 131 29 120 |154 147 190 107 73 56 183 55 189 65 134 125 34 8 38 37 58 170 166 |198 57 59 121 72 128 158 19 148 110 160 126 115 24 106 |191 67 194 81 200 12 132 177 111 192 6 |17 27 176 51 |159 112 142 75 86 4 129 21 90 114 87 60 85 91 97 145 |95 47 96 197 92 179 16 64 185 139 193 168 137 153 45 40 69 163 |88 84 105 99 140 76 31 61 83 127 36 144 42 30 46 |9 22 1 182 155 167 100 94 53 173 104 70 165 52 109 151 2 123 199 93 77 89 ||174 18 |103 41 161 196 |7 102 |186 39 |156 |10 178 |44 |188 |101 |122 48 |28 175 136 |180 |33 14 |82 |26 |108 |138 171 |15 |169 3 |195 146 35 |133 |23 |11 187 |116 181 |74 130 |98 |13 |
25376.5 1.6491e+06
96 33 148 186 80 110 58 14 139 60 109 192 62 85 147 107 111 29 2 199 88 86 45 21 12 24 63 36 200 8 |166 168 37 70 165 92 20 140 118 49 158 |42 145 159 15 82 30 189 77 55 78 124 105 126 114 141 25 167 152 176 |154 23 150 51 3 83 134 81 4 22 46 131 71 151 91 57 |97 164 193 38 172 65 75 73 142 120 16 123 128 163 59 56 |52 7 40 101 90 136 153 1 194 135 68 5 122 143 185 99 197 132 27 100 53 173 170 79 121 95 |106 64 66 50 87 117 32 113 184 177 |125 137 19 54 |146 138 169 162 119 129 34 89 |69 157 93 144 17 115 104 6 160 94 190 ||108 198 |182 195 |178 10 |72 |174 181 |9 |180 |155 149 |133 112 |171 175 |47 41 |44 161 |31 183 |61 188 |39 |84 |13 |116 |191 |156 28 |67 11 |18 196 76 |74 130 |102 |35 |48 103 179 |187 43 |127 |26 |98 |
27720.9 1.40525e+06
100 25 112 51 126 85 13 82 174 119 31 23 101 137 28 155 179 73 |200 157 123 97 145 121 131 77 189 135 68 55 |114 159 144 21 153 8 106 81 1 4 102 30 |173 83 90 19 34 86 49 46 89 75 |128 17 165 80 167 110 94 170 58 141 164 6 53 168 37 104 152 70 176 27 188 117 132 32 113 162 184 54 148 |193 192 20 69 111 29 2 151 35 91 107 |42 160 87 109 62 66 143 166 16 120 78 140 147 92 |163 64 124 185 99 50 60 105 48 52 96 150 197 142 177 |115 190 38 12 154 36 24 63 45 129 125 134 158 65 172 40 |22 199 71 118 95 88 93 79 59 57 56 ||127 |72 |136 |3 |182 39 |44 178 |14 139 |171 15 |103 122 76 |181 18 |191 |175 156 |198 67 |194 |9 |138 |149 |116 |74 130 195 |196 186 183 |5 133 161 |7 187 |180 |11 |108 84 |61 43 |41 |98 |26 |169 146 |10 33 47 
31964.8 897310
65 164 126 60 52 73 |93 168 167 51 80 110 58 170 94 160 100 193 188 32 113 162 184 54 148 |163 17 115 114 87 165 190 96 150 197 107 |199 166 143 66 192 62 20 85 92 |88 157 16 120 78 91 57 79 59 56 |145 38 200 159 42 22 106 15 8 45 21 153 129 125 134 137 90 19 172 40 |123 64 124 99 109 50 105 147 140 |12 95 97 118 71 2 151 29 111 69 121 131 77 189 68 55 |128 24 144 154 36 63 81 1 4 34 158 30 86 49 46 135 89 75 |185 83 141 25 173 6 53 37 104 152 70 176 27 117 132 142 177 ||116 |108 |191 |149 |138 |5 181 |84 146 |180 |101 18 |74 |76 169 182 |186 3 |130 35 |178 196 33 10 67 |155 39 136 |139 |174 72 |9 |82 |23 |102 |26 |127 |133 112 |171 175 |47 41 |44 103 |61 28 |156 |119 |198 183 31 |48 122 |194 |11 |13 179 |7 187 161 |43 |195 14 |98 
32291.5 733357
77 131 121 79 68 55 |159 166 16 118 180 189 57 |64 168 17 83 127 38 90 137 19 54 |165 42 106 8 1 4 34 30 86 49 46 135 89 75 |66 123 71 199 97 128 163 145 95 88 93 59 56 |143 69 111 29 157 2 151 120 78 91 107 73 |126 200 22 45 154 63 24 12 21 153 129 125 134 158 65 172 40 148 |36 160 105 60 50 109 99 185 192 62 20 140 147 85 92 52 197 |144 53 87 190 114 6 164 25 141 58 170 110 94 100 193 167 51 80 96 150 142 |124 81 173 37 104 152 115 70 176 27 117 32 113 132 162 184 177 ||169 |61 |15 |119 |9 |136 |181 171 33 18 |39 155 186 |175 28 182 |116 178 |133 103 5 |43 198 |130 146 |47 41 |139 |74 122 |156 |11 |26 |191 |13 |102 |194 |174 72 |7 101 |98 |44 |82 |138 |67 183 195 |112 31 14 |179 108 |84 23 |188 |187 |35 |48 |3 149 |196 76 161 10 
35165.8 718366
64 197 96 190 165 41 52 92 107 |200 123 69 118 97 128 163 145 95 88 93 49 46 135 89 |2 193 100 6 168 37 104 152 70 115 17 83 32 113 132 162 184 177 |66 167 176 27 117 90 153 129 125 134 137 19 54 148 |154 143 120 16 157 151 29 111 78 91 73 56 75 |173 57 59 79 121 131 77 189 68 55 |166 38 21 45 1 4 86 30 65 172 40 |53 12 24 63 36 159 144 42 22 106 8 81 34 158 |71 87 105 50 60 126 170 58 141 25 164 160 94 110 114 80 51 150 142 |199 124 109 99 185 192 62 20 85 147 140 ||122 |72 |191 187 |108 31 |15 |5 |102 |3 43 |175 155 169 |139 14 |149 |48 103 |67 116 198 10 178 |119 |186 61 161 33 |39 136 112 |156 7 |127 |171 179 195 76 |9 |74 146 |13 |180 174 |182 101 28 |130 |47 |98 |138 |23 |82 11 18 |26 |188 |133 |194 |35 181 183 |196 |84 |44 
39893.7 697765

Time:2
Last Iter:1
Last Update:1
Tabu:0
Last Time2
8
8 9 63 81 194 131 97 111 157 91 143 64 185 165 114 164 104 |30 77 116 69 125 153 22 115 37 25 58 167 50 105 124 |11 182 65 177 47 51 96 52 100 193 53 166 2 118 93 |45 36 82 134 40 142 73 78 120 62 192 20 85 121 46 88 145 |95 138 106 136 39 80 126 60 57 151 |71 123 68 89 158 1 42 12 38 90 132 148 6 152 99 |200 144 137 171 75 135 59 174 35 16 147 107 113 83 170 |21 19 54 184 172 101 7 187 10 56 79 191 72 199 128 140 92 141 27 |117 32 70 173 160 110 150 31 197 112 18 55 189 180 163 29 34 4 |44 133 66 109 87 190 94 168 176 17 162 129 15 154 24 159 102 86 49 ||186 43 183 |175 |108 74 |23 84 |98 |127 |122 |119 |103 41 |156 |139 |33 181 |48 179 |196 169 61 |198 5 146 195 161 |155 28 |13 |130 |3 149 |178 76 67 |26 |14 |188 |
21627 1.70173e+06
9 24 144 159 86 49 57 16 124 52 141 27 |119 38 8 81 194 22 77 89 91 147 190 160 |181 59 187 135 101 134 63 70 6 173 94 150 50 177 73 107 151 157 118 163 |185 66 120 97 95 88 79 68 65 19 90 153 32 51 96 197 37 |143 130 133 84 99 58 100 193 117 184 54 40 137 125 106 46 93 199 123 |176 167 132 48 140 62 64 29 111 71 121 56 158 21 12 36 200 42 |69 138 7 172 129 45 154 83 115 152 25 80 114 165 87 92 20 78 113 |30 1 131 180 198 112 14 85 17 |11 75 33 67 72 191 145 35 98 192 105 60 110 |34 15 4 189 55 148 142 162 3 104 168 53 164 170 126 41 109 166 2 128 ||161 44 |178 183 171 116 |82 136 |102 |26 |18 196 31 47 |195 179 122 74 108 146 |188 149 |175 39 43 |5 182 |186 |23 |61 155 |156 |127 |10 76 169 |13 |139 |174 |28 |103 |
22566 1.67783e+06
91 16 29 121 191 86 54 142 92 147 185 99 190 27 37 |55 10 73 79 158 34 194 81 45 21 19 83 152 53 58 50 140 166 64 |197 150 60 109 143 107 157 118 95 88 189 40 137 134 125 |75 30 49 163 13 62 165 51 100 6 141 70 113 162 8 63 24 22 |1 42 159 129 90 46 56 2 120 |200 144 154 9 12 26 68 69 123 145 20 192 105 52 87 170 193 |17 149 117 132 169 178 172 89 59 93 102 153 160 164 94 124 66 111 |23 25 176 3 127 4 77 135 148 151 |122 78 5 177 31 96 114 110 167 104 168 173 38 106 131 71 199 |98 85 126 80 32 155 184 65 15 36 156 115 57 128 97 ||33 187 198 171 101 |161 48 47 |136 39 |11 182 |41 133 |35 |112 61 |103 |28 82 7 |76 186 |181 116 |72 174 |180 |195 196 183 |119 |138 67 |84 14 |188 |44 |43 175 |108 |139 |18 146 179 74 |130 |
22741.4 1.67181e+06
175 187 26 90 32 113 155 183 |118 173 25 141 126 114 190 165 87 52 96 150 197 177 |1 105 80 51 167 110 170 58 164 160 100 193 176 27 117 132 162 184 142 |124 168 53 37 104 152 70 115 17 83 38 153 137 19 54 148 |6 62 185 99 50 139 60 14 92 85 20 147 140 179 78 74 107 73 |94 42 8 159 200 154 36 63 24 12 119 21 45 129 82 125 134 65 172 40 |163 106 81 49 138 88 93 191 131 77 189 68 55 |64 22 158 34 11 4 102 30 86 46 135 89 75 |95 109 192 66 143 166 16 120 91 29 111 69 121 79 59 |144 145 97 128 199 123 71 157 2 151 13 35 57 56 ||130 |181 174 |23 |98 |84 |28 |178 |44 |15 101 |103 195 196 169 |133 112 |47 188 |39 136 43 18 |198 67 146 |72 |156 |149 |9 |33 76 41 |182 |116 180 |3 61 |10 5 31 |127 |194 171 |7 186 |108 122 48 161 
24009.3 747157
104 112 173 27 3 117 132 184 54 148 |83 145 199 118 69 121 131 77 46 189 79 59 57 56 10 |66 97 123 71 163 95 88 93 72 49 86 30 34 158 65 |159 17 42 22 4 1 81 106 8 154 36 24 63 21 45 129 125 134 137 19 |128 200 12 153 90 38 32 113 162 172 40 |37 166 124 99 109 50 105 185 192 62 20 85 92 147 140 107 73 |144 168 115 152 70 176 193 53 6 160 164 25 141 58 170 94 110 167 51 |143 52 87 165 190 96 197 |64 60 126 114 80 150 142 |100 157 16 120 78 91 151 2 29 111 68 55 135 89 75 177 ||127 |13 |146 98 |47 7 |28 39 |186 183 |26 |178 5 122 196 |31 133 |23 84 |139 41 |15 18 |187 198 74 |43 175 |108 |119 |194 |76 181 |138 |191 180 |171 67 174 |156 |9 |149 155 |195 35 33 |61 188 |116 101 |136 182 |48 179 161 |44 |102 |11 |14 |103 |130 |169 82 |
34525.5 724363
185 97 128 69 111 29 2 151 91 78 57 73 |99 145 88 138 86 30 55 |159 118 93 49 77 79 59 68 56 |200 71 199 163 95 121 131 46 189 135 89 75 |12 126 124 64 66 143 120 16 166 62 20 85 92 147 140 107 |1 192 52 50 60 87 164 25 141 58 170 94 110 114 165 190 96 197 |109 152 83 17 115 70 176 27 117 184 142 177 |123 38 21 153 19 137 90 113 32 132 162 54 148 |105 144 4 81 63 24 36 154 42 22 106 8 45 129 125 134 158 65 172 40 |157 34 104 173 37 168 53 6 160 100 193 167 51 80 150 ||11 |72 |179 |186 169 31 |98 |39 178 33 |180 116 187 |174 181 |76 41 84 |182 101 28 |122 74 108 |139 14 |136 61 |194 |44 |9 |127 |26 |102 |130 35 |3 |175 156 |5 146 112 7 |13 |191 |15 |149 18 |47 103 |133 |119 |10 198 |48 171 |23 161 |195 |155 188 43 |196 183 67 |82 
35107.7 695520
12 126 27 115 17 83 38 90 19 |50 200 34 1 22 42 159 144 154 106 8 9 45 129 153 137 |185 25 104 152 70 176 193 167 117 32 113 162 184 54 148 |24 163 145 95 88 93 180 131 77 46 189 135 89 75 |4 128 71 118 69 121 79 59 68 55 56 |36 30 97 199 123 157 2 151 29 111 57 73 |166 91 49 86 158 125 134 65 172 40 |63 109 78 120 16 143 66 64 192 62 20 85 147 92 140 107 |81 99 60 87 173 37 168 53 6 100 160 164 141 58 170 94 110 80 150 197 |21 124 105 52 96 165 114 190 51 132 142 177 ||41 |186 |11 |149 |7 171 178 |23 |156 101 |74 183 10 33 |76 169 198 |127 18 |26 |5 179 196 |155 67 |116 174 |43 188 |48 133 195 146 |191 |194 |15 182 |175 82 |139 |44 |98 |119 |103 122 161 |31 |39 |130 35 |187 13 |136 |181 |84 |138 |72 |108 |47 61 3 |112 14 |28 |102 
38314.3 692891
144 34 121 131 77 79 59 68 55 56 |27 78 120 16 166 143 64 192 62 20 147 140 107 |99 104 37 168 173 53 6 100 160 164 25 58 170 94 110 190 96 197 |91 159 200 8 106 81 153 90 19 32 113 162 54 |1 17 83 115 152 70 176 193 167 117 132 184 148 |38 141 52 60 87 165 114 80 51 150 142 177 |126 66 124 185 109 50 105 85 92 |145 4 22 42 154 24 12 21 45 129 125 137 134 158 65 172 40 |36 118 97 128 199 123 71 157 2 151 29 111 69 57 73 |63 163 95 88 93 30 86 49 46 189 135 89 75 ||72 |18 28 187 |181 |26 |39 |198 7 182 |82 |130 74 |138 |67 171 33 |61 47 |102 |76 161 183 10 |11 169 |5 13 35 |196 155 43 |15 |41 14 |98 195 |101 175 |156 |194 |9 |84 |180 174 |127 |119 |3 |139 |44 |191 |48 133 179 |178 112 |103 23 |116 |31 |136 |108 |149 188 |146 122 |186 
42134.6 692650

Time:1
Last Iter:1
Last Update:1
Tabu:0
Last Time1
10
133 192 87 96 53 168 129 24 42 30 65 56 95 163 128 71 |182 134 158 135 189 46 59 91 118 199 81 21 63 200 162 100 160 |82 4 38 114 165 197 73 79 29 2 151 157 120 64 97 |74 78 122 20 48 190 150 110 124 66 57 68 55 131 93 45 |58 152 155 54 148 90 125 106 159 86 49 145 107 140 85 62 109 60 |34 8 144 89 75 198 181 116 180 123 99 126 80 132 113 104 37 |142 178 172 153 175 167 31 52 44 13 111 121 88 |92 98 143 166 105 50 94 6 51 61 177 187 12 36 22 |28 119 127 17 83 70 117 170 141 25 185 16 69 77 1 |173 164 193 176 27 115 32 184 19 137 40 67 108 147 84 156 154 ||112 |191 |196 76 195 146 |101 |35 |139 |102 |15 |161 179 130 |47 |9 |3 188 |183 174 |72 |18 33 5 171 |186 149 |41 14 |23 |138 |103 |26 |10 11 |43 136 |194 7 |169 39 |
22297 1.75848e+06
190 87 60 147 16 143 157 199 93 59 142 160 81 1 144 |99 98 192 69 49 134 172 54 184 113 27 25 154 200 ||12 119 38 32 176 104 53 50 109 64 66 118 135 75 34 8 45 22 |155 39 28 153 21 106 102 121 163 97 71 78 140 20 185 114 167 168 173 |123 128 88 138 131 86 171 9 159 92 |141 110 100 188 186 17 175 137 158 174 29 151 107 85 105 124 |15 72 95 189 55 89 57 73 91 120 148 150 165 170 58 164 6 37 152 |96 31 52 197 132 117 70 126 10 79 125 194 42 36 24 |4 63 129 65 101 19 43 162 169 195 62 41 80 193 115 83 77 111 2 |61 51 94 139 166 130 35 56 68 46 30 40 18 177 90 145 ||127 |112 3 |198 |156 |76 146 |23 |48 161 196 |183 82 |149 |33 5 179 |13 |14 |7 136 |47 103 |44 178 |187 181 |182 11 |74 |133 84 |116 |108 122 |26 |67 180 |191 |
22807.2 1.74693e+06
172 40 19 137 153 156 39 177 46 93 22 42 193 100 50 185 |54 155 113 32 117 83 17 94 190 197 73 2 16 143 158 8 |57 56 10 187 75 162 167 176 12 24 92 105 66 |91 120 55 131 81 45 21 148 80 114 110 170 168 87 |144 159 36 63 9 15 4 65 89 184 152 109 99 124 192 69 123 128 163 145 95 |157 78 147 44 25 51 90 127 129 154 1 26 189 79 121 59 |104 58 61 112 142 33 74 140 85 71 49 30 134 106 38 |68 86 200 115 70 27 132 6 126 60 52 62 166 151 |182 28 169 18 107 98 64 23 165 96 150 164 141 135 88 118 111 |53 37 173 160 186 43 149 125 34 102 77 29 199 97 20 ||133 178 |136 175 7 |76 179 35 |14 41 |67 180 |191 |13 196 |48 122 |130 |47 3 |161 5 181 |103 |139 |119 |116 |82 11 |188 |138 |194 |183 198 195 146 |101 31 |72 174 |171 108 |84 |
22858.9 1.7196e+06
22 106 8 153 32 115 50 105 124 140 79 189 46 128 |131 77 59 69 157 78 166 64 56 89 34 21 24 36 38 19 167 25 |103 31 190 100 17 134 1 135 68 121 29 120 192 99 |170 14 20 66 111 118 145 55 148 117 176 152 63 |86 174 67 57 177 61 52 185 94 160 53 27 127 154 4 |71 97 2 91 130 143 147 85 109 173 162 129 45 12 144 42 49 |93 30 200 90 39 83 70 104 37 168 114 132 142 197 151 123 |75 161 84 150 188 155 164 58 81 159 |163 199 191 158 65 172 40 18 54 137 9 51 96 87 60 92 62 141 193 |73 33 183 171 125 194 102 72 180 95 88 16 107 184 113 80 110 6 126 165 ||146 181 |182 136 |3 47 169 |198 116 196 |186 |23 |98 |74 133 |10 187 |138 |28 |44 |149 |15 |26 |112 175 |82 11 |122 35 108 |5 195 179 |48 41 76 178 |7 101 |13 |119 |156 |43 |139 |
23042.8 1.70476e+06
173 58 41 60 56 68 95 199 157 125 129 137 36 |94 164 165 52 132 90 158 42 93 121 71 97 |37 193 80 170 32 65 59 57 64 200 ||6 53 167 17 38 45 15 79 166 192 105 |131 145 118 29 91 16 62 124 23 85 73 172 19 34 159 83 110 |109 50 20 35 128 163 174 194 154 40 162 160 141 |182 153 8 86 49 72 46 135 55 75 177 148 155 113 104 25 120 69 |151 180 89 1 144 21 3 27 51 150 96 147 66 185 99 |24 12 127 149 188 70 115 168 100 14 133 140 74 78 130 2 111 123 88 189 30 81 134 54 184 142 197 |92 107 143 87 126 114 190 117 186 43 176 152 119 63 106 22 4 77 ||196 5 108 |67 |9 |178 187 198 116 |28 136 |31 103 48 |98 |84 7 |156 175 |18 76 47 |11 |139 |33 10 146 |13 |138 |161 179 181 |44 |171 82 |26 |112 101 183 |122 |39 |102 |191 |169 61 195 |
23280.7 1.63597e+06
152 18 73 79 29 120 105 87 94 25 193 176 145 59 75 |16 81 158 86 49 26 163 151 57 177 150 141 53 115 92 62 64 192 |197 107 91 69 131 160 172 19 83 114 50 63 24 22 |159 110 170 100 6 173 37 104 27 149 32 184 167 38 12 30 46 77 199 78 |8 190 129 153 135 67 111 118 71 85 20 142 132 117 51 |66 55 56 7 96 58 99 44 123 97 93 4 1 45 |168 162 43 90 40 187 116 189 72 88 2 143 133 109 126 164 70 34 106 |23 113 60 185 124 166 122 140 195 161 148 54 80 |17 119 134 65 68 200 ||42 165 155 136 137 125 21 36 154 144 102 89 171 183 121 95 128 157 147 52 ||156 |33 61 |175 39 |9 |74 13 |196 112 47 |3 188 |15 |127 |178 76 31 |181 35 |179 84 |10 198 180 |11 |191 |174 |5 108 |14 |182 28 |186 |103 98 |139 |194 |169 101 82 |146 48 |41 |138 |130 |
25389.7 1.57771e+06
128 25 17 190 100 141 58 164 160 6 53 37 104 152 70 176 27 193 167 51 80 150 47 117 132 184 |170 88 121 57 91 78 74 108 122 140 147 107 73 |168 16 126 110 114 96 52 165 87 60 50 105 133 197 |94 22 42 144 154 36 63 24 119 12 38 90 19 172 40 |115 200 45 8 106 81 1 4 30 158 65 |173 145 34 102 86 49 46 131 77 79 116 189 135 55 89 75 |83 157 143 66 64 124 109 99 185 44 192 62 98 20 85 103 92 |159 166 93 95 163 97 199 123 71 118 2 151 29 111 69 181 59 68 187 56 |134 125 182 137 54 142 177 |120 21 129 153 136 32 113 162 148 ||67 180 |178 |84 |191 |138 171 |188 186 |15 |31 10 |101 43 169 |61 18 195 |127 |112 3 |198 35 |156 175 |76 146 130 |23 |139 41 |194 |72 174 |9 |48 161 196 |183 82 |149 |33 5 179 |13 |14 |155 39 7 |11 28 |26 
27972.2 741624
128 4 135 189 46 131 77 121 79 181 59 68 55 198 56 33 |70 38 37 115 152 104 168 53 25 164 160 100 193 176 27 188 117 132 32 113 162 184 |17 146 120 78 91 179 107 |6 185 109 99 105 50 60 14 52 96 197 |124 83 167 141 58 170 94 110 126 87 165 114 190 80 51 150 142 177 |118 200 159 144 42 22 106 81 8 45 129 125 134 54 148 |199 66 192 62 20 85 140 147 92 172 40 |90 166 16 157 151 2 29 111 69 57 73 |64 34 1 63 154 36 24 12 21 153 137 19 |173 143 123 71 97 163 145 95 88 93 49 86 30 158 65 89 75 ||7 175 |76 |116 |191 |183 180 |196 |195 84 |47 |155 |72 |161 18 10 |122 5 |74 130 |9 |194 |31 61 |26 |43 39 |98 133 |119 |139 |23 |13 187 |44 |82 11 |35 |41 178 |67 28 |156 |108 171 |186 3 169 |149 |127 |174 138 |102 |182 136 |103 48 |15 |112 101 
32351 716093
83 42 144 154 8 81 1 4 34 125 134 158 65 172 40 |70 22 106 102 30 86 46 135 89 75 |115 159 200 36 24 63 45 21 129 153 28 137 90 19 |17 64 66 143 166 120 78 91 147 140 107 73 |12 176 52 60 87 126 114 165 190 96 150 142 177 |50 97 128 163 145 95 88 93 49 131 77 189 68 55 |168 38 27 160 164 25 141 58 170 94 110 80 51 184 |16 152 104 37 173 53 6 100 193 167 117 32 113 132 162 54 148 |111 124 192 185 99 109 105 20 85 92 197 |62 199 123 157 2 151 29 71 118 69 121 79 59 57 56 ||14 |127 |181 180 |82 136 |72 174 |179 101 |44 76 |182 39 |196 3 186 |122 108 169 |43 149 |7 171 198 116 |61 188 47 |15 11 |41 |194 |119 |175 |26 |138 |178 18 103 |9 |161 146 13 |155 |156 |191 10 |33 5 35 74 195 |130 183 |187 31 112 |139 |23 84 |133 98 |67 |48 |
32702.2 692137
157 109 185 62 192 64 66 143 166 120 78 91 73 |16 145 97 128 199 123 111 29 2 151 107 |21 93 88 95 163 71 118 69 121 131 77 79 59 56 |115 154 63 45 1 4 30 86 49 46 189 135 89 75 |83 200 159 144 42 22 106 8 81 34 134 137 19 172 40 |99 38 173 6 53 168 37 104 70 176 27 117 132 32 113 162 184 54 148 |124 52 50 60 126 87 165 114 190 96 197 |152 105 20 85 92 147 140 57 68 55 |36 90 12 153 129 125 158 65 |24 164 17 193 100 160 25 141 58 170 94 110 167 51 80 150 142 177 ||3 39 |122 108 |72 |44 |156 175 |179 130 |15 171 |112 47 186 178 18 |198 116 183 161 76 |84 195 10 |101 7 187 181 |74 103 |139 14 |191 |196 35 |174 138 |9 |188 61 169 |23 |31 41 |82 |136 43 |98 |11 |102 |194 |5 146 48 |182 |149 |28 |127 |155 |33 |67 180 |119 |26 |133 |13 
44762.8 690002

Time:1
Last Iter:1
Last Update:1
Tabu:0
Last Time1
6
122 44 105 52 172 90 70 37 86 88 123 |66 99 139 60 58 164 54 19 75 135 131 4 128 |55 67 116 69 118 2 147 143 124 126 184 32 12 63 200 ||157 71 97 121 79 40 156 24 83 176 152 94 |30 34 9 127 43 61 110 25 100 53 173 115 68 29 199 166 85 |84 50 192 120 151 59 163 145 1 106 144 42 153 132 80 165 170 168 |129 45 21 125 137 136 113 3 51 17 87 92 107 91 177 65 89 46 49 77 |158 134 28 38 154 159 169 142 150 96 167 109 185 62 64 111 |72 138 81 182 119 27 193 6 104 190 197 148 73 57 140 |16 78 20 114 141 160 117 162 56 189 191 93 95 22 8 36 ||180 174 171 |18 76 |11 |155 |133 161 33 |187 198 |14 |35 13 |5 10 183 |179 48 |39 186 47 |181 |41 |130 |149 |195 31 |175 196 178 |74 103 |23 |102 |26 |108 146 112 |7 101 |98 |194 |188 |82 |15 |
21881.4 1.62181e+06
32 143 62 87 142 |80 163 195 11 |59 131 76 30 93 56 54 19 12 100 165 197 105 120 16 157 |144 180 77 187 65 15 22 162 193 6 99 107 73 2 128 97 118 69 |71 152 151 91 78 140 96 114 94 53 37 104 70 115 113 184 172 158 135 |123 150 61 132 117 51 83 39 148 85 192 124 168 153 129 200 ||42 89 171 177 112 14 109 98 64 166 79 95 34 8 154 36 159 167 160 170 110 |145 17 147 92 146 35 75 125 81 194 21 119 38 127 188 164 25 141 58 126 190 |149 20 176 173 47 161 48 23 66 130 189 46 86 4 106 45 63 90 |24 60 50 185 133 52 186 43 27 137 82 134 40 55 68 57 111 29 199 88 121 49 1 ||183 33 10 |18 169 101 198 |108 |139 |138 |41 7 |179 181 |116 |102 |72 |196 5 |182 |84 |9 |26 |174 |136 |44 103 |31 155 |28 |122 |67 |191 |178 3 |13 |175 156 |74 |
25659.6 1.52691e+06
127 179 133 161 183 74 35 41 13 78 140 92 48 52 188 132 |62 157 123 71 86 46 77 79 116 68 |66 37 115 27 32 113 162 142 |64 12 38 104 152 150 96 |111 110 170 25 167 51 17 24 89 75 91 85 109 99 185 20 120 16 151 118 95 59 56 |200 139 114 6 83 177 147 143 29 199 81 42 22 1 134 |128 84 23 124 141 184 54 121 163 145 88 93 131 189 55 |58 10 107 122 192 105 50 165 190 53 70 19 172 40 148 158 34 153 21 63 36 144 125 |174 193 49 30 4 106 175 90 73 60 87 126 164 160 168 100 |97 166 103 197 80 117 176 173 94 57 69 2 135 65 8 154 159 45 129 137 ||47 |31 |14 |169 18 186 |5 67 |194 |15 |149 |182 82 28 |102 |9 |26 |61 155 43 |108 |44 |136 |180 |138 |119 7 |196 187 198 |191 |156 |3 |195 146 130 |98 178 |112 101 171 |39 |11 |72 |76 181 33 
27013.7 1.25841e+06
66 109 120 64 192 62 185 105 50 60 41 52 85 147 140 92 |143 173 168 37 53 6 164 160 100 193 167 51 150 |91 104 25 141 94 170 58 126 114 165 190 96 197 |159 27 176 152 70 115 17 83 32 113 162 148 |124 49 30 4 153 129 11 34 158 65 75 |20 1 200 24 21 119 12 38 90 137 19 |99 57 73 107 87 110 80 117 132 184 142 177 |16 86 128 163 145 95 88 93 131 121 79 77 46 189 135 89 54 |78 144 42 22 106 81 8 154 36 63 45 125 134 172 40 |166 97 199 118 71 123 157 2 151 29 111 69 59 68 55 56 ||3 |72 |195 |122 |133 33 |74 178 |188 |130 5 |9 |14 139 |169 84 103 |13 35 |102 |127 |138 |23 |44 |112 47 76 7 |10 67 146 |179 |98 196 |156 |186 43 136 |175 161 |183 198 174 |15 |191 |194 171 |149 |182 28 82 18 |181 180 116 187 |31 108 |26 |48 |61 39 |101 155 
27117.4 728711
173 109 99 124 166 16 120 78 91 107 |9 126 110 141 58 170 94 164 160 6 168 53 100 193 176 27 3 32 113 162 184 54 148 |22 51 159 12 21 36 24 63 154 8 45 129 81 34 158 65 40 |37 50 52 105 60 87 165 114 190 80 150 96 197 142 177 |106 25 104 152 70 115 17 83 38 90 137 153 125 134 172 |200 163 97 199 123 71 118 69 111 57 |42 117 132 19 30 131 77 121 79 181 59 68 55 56 |4 128 145 95 88 93 72 138 49 86 46 189 135 89 75 |144 167 64 143 66 192 185 62 20 85 147 92 |1 140 157 2 151 29 73 ||102 |187 5 |15 |44 |146 |74 |7 |174 |156 101 |127 |11 |178 161 169 43 |61 112 155 |183 116 180 |48 14 |191 |194 |26 |103 98 76 |130 35 |47 186 |188 149 |136 39 |196 31 84 |119 |33 198 182 |41 |139 |23 |195 13 10 |108 179 122 18 |175 82 171 |133 |28 67 
30189.5 720020
38 99 64 66 143 166 16 120 157 151 2 29 111 91 78 107 |185 126 50 60 87 165 52 92 85 20 147 140 73 |124 27 193 160 164 25 141 58 170 94 110 114 190 80 150 96 197 142 177 |24 173 152 104 37 168 53 6 100 167 51 117 132 162 184 54 148 |109 22 36 63 12 21 45 129 153 125 134 |71 159 154 8 106 81 1 4 34 158 65 |200 176 70 115 17 83 32 113 90 137 19 172 |105 42 144 30 86 49 46 40 |192 128 199 163 145 95 88 93 131 77 189 68 55 56 |62 97 123 118 69 57 59 121 79 135 89 75 ||98 |119 |14 |116 |139 |44 |175 182 101 |67 138 174 |186 178 |194 |112 183 |122 179 108 |9 |191 |35 13 |15 |171 7 198 169 |47 155 43 |103 133 |11 |102 |84 23 |188 149 |196 |180 181 10 33 |130 161 18 |127 |74 187 |28 136 |156 |31 48 195 146 |26 |72 |41 61 |5 |3 |76 |82 |39 
30399.5 686351

Time:1
Last Iter:1
Last Update:1
Tabu:0
Last Time1
11
73 68 135 11 180 88 97 66 148 113 193 100 |58 141 37 176 32 34 1 154 56 85 69 71 128 163 95 |139 105 44 64 87 25 80 184 40 158 86 46 189 59 57 |54 142 33 13 122 147 20 143 124 60 190 110 167 51 168 153 24 |83 3 162 90 137 134 159 177 107 52 165 99 62 29 111 118 |123 35 91 78 133 192 55 77 93 30 81 106 144 12 38 152 104 |185 166 74 140 161 196 197 96 150 117 27 70 173 75 49 42 200 45 |175 19 125 21 63 22 4 79 121 198 5 179 120 151 132 |101 172 171 65 129 8 127 155 169 112 178 146 103 84 50 109 126 6 53 115 2 |136 17 119 36 102 174 72 131 89 145 199 157 16 98 92 114 94 170 164 160 ||149 |48 14 |18 76 43 |188 |15 |181 |186 61 31 |82 |138 |23 |194 |108 67 |156 |191 187 |195 130 |47 41 |116 10 |182 28 |39 |26 |7 183 |9 |
21961.9 1.74723e+06
128 97 123 69 116 73 78 16 19 51 154 159 |126 87 23 109 170 53 38 129 184 142 68 79 57 29 118 163 95 88 |4 15 106 144 12 34 26 49 121 93 199 91 140 66 50 141 173 167 54 |2 77 134 137 90 119 21 63 8 42 70 160 165 52 85 192 |155 113 162 61 117 39 136 17 153 45 55 177 120 71 |36 182 89 135 131 111 143 92 139 114 80 132 176 |56 187 183 161 146 62 185 99 105 60 190 25 193 27 32 172 189 46 |59 138 194 9 24 200 83 37 168 197 40 20 151 157 |191 145 86 65 125 81 156 127 152 100 164 96 148 166 64 |158 30 1 22 175 115 104 6 94 110 58 150 47 75 107 147 124 ||11 101 |112 10 5 |35 |130 108 |169 |13 |102 7 |196 31 |174 181 |179 |14 41 |33 74 |180 |67 18 |186 |103 48 84 |44 |72 |76 195 |198 171 82 |43 28 |133 98 178 |122 |3 188 |149 |
22015.7 1.63696e+06
136 28 12 1 65 148 150 117 160 189 77 111 157 143 |32 188 167 17 36 200 121 163 71 16 124 99 52 |82 75 113 100 37 173 60 166 128 97 95 22 |29 123 131 177 129 24 6 164 94 109 185 |27 152 104 170 165 96 48 62 192 2 69 49 42 137 38 |159 154 63 81 30 26 145 199 68 56 140 64 50 114 110 193 83 162 54 142 40 172 |155 175 115 80 141 23 133 57 59 191 88 118 158 |190 58 168 132 39 90 156 125 11 34 8 106 144 46 93 91 120 92 197 |87 126 25 53 176 70 51 186 196 183 5 74 78 122 147 85 44 66 151 135 89 86 4 45 153 |20 105 146 107 195 161 73 55 79 15 9 21 134 101 19 184 47 ||108 198 187 7 |67 116 |61 10 |35 |174 |119 |14 139 |112 103 |13 |98 |33 171 182 |31 43 |84 |102 |138 |72 |178 76 |180 |169 3 |127 18 |130 |41 |149 |179 181 |194 |
22480.6 1.62046e+06
91 27 123 145 88 93 81 159 32 17 37 173 96 52 177 |128 199 108 55 56 57 107 78 120 124 190 110 141 152 83 38 65 34 200 36 153 90 142 |126 12 184 21 45 8 106 49 77 189 121 172 148 54 115 70 87 85 147 140 166 |170 42 58 114 104 113 24 89 68 69 157 97 |144 164 6 176 150 162 137 134 158 26 79 63 16 66 62 99 109 |80 47 61 43 19 |30 50 1 9 73 197 23 20 143 64 151 2 29 118 |149 193 167 182 82 154 192 92 |135 51 75 7 161 59 131 138 86 4 15 129 22 163 185 105 165 160 100 117 |48 125 98 60 94 25 53 168 132 40 171 46 95 71 111 ||169 41 |67 10 |188 76 |72 |18 31 14 |146 13 |119 |139 |5 133 |191 |127 |33 195 179 112 |155 136 175 |84 |11 |102 |156 |101 178 |186 |116 |194 |196 |174 180 198 |183 181 35 |28 |39 |187 |103 122 74 |130 |44 |3 |
27037.7 1.49055e+06
157 92 87 165 117 176 103 161 33 169 198 179 196 5 35 130 181 108 195 147 133 |2 89 34 8 21 129 153 90 162 184 142 |71 124 109 99 50 126 190 114 100 193 167 51 96 52 197 |97 200 22 144 154 36 63 24 12 38 127 39 54 |199 105 17 152 104 168 53 6 160 164 25 141 58 170 94 110 80 150 |45 185 91 78 120 16 166 143 66 64 192 62 98 20 85 140 107 |61 132 32 113 19 148 177 |173 128 151 29 111 69 118 163 145 95 88 93 121 131 77 79 59 189 135 68 55 75 |37 159 42 106 81 1 4 30 86 49 46 57 56 73 |123 60 70 27 115 83 137 125 134 158 65 172 40 ||28 |101 |156 |139 |74 |47 186 155 |183 13 |136 43 |76 178 112 10 187 |84 31 |15 |138 7 |48 14 |102 |191 |194 |119 |149 188 |116 180 |18 122 |23 |44 |41 |171 67 182 |82 |174 72 |175 |3 |146 |11 |26 |9 
28424.9 880803
176 74 14 155 175 153 129 8 81 1 30 34 158 125 182 134 172 40 |93 200 42 22 159 144 63 12 21 137 65 171 89 75 148 |106 199 163 72 49 86 46 135 189 77 131 121 79 181 59 68 55 187 56 |4 6 193 27 70 115 17 83 149 32 113 39 90 19 162 184 54 178 |154 97 123 145 88 95 118 69 111 29 2 151 91 78 122 179 107 |71 124 109 99 185 20 85 92 |38 126 50 105 52 197 |24 132 117 167 165 87 60 139 41 96 142 177 |128 36 100 152 104 37 168 173 53 160 164 25 141 58 170 94 110 114 190 80 51 61 150 112 |45 157 57 120 16 166 143 66 64 192 62 147 140 73 ||44 |169 |26 |116 |191 |174 |130 |43 |156 |133 10 |15 |11 198 |119 |3 186 47 |7 183 67 161 |108 103 146 |31 |188 |5 48 |194 |138 |9 |35 |180 |101 82 33 |84 23 |13 |102 |196 76 195 |127 |98 |18 28 136 
28912.9 774253
124 78 60 99 50 52 165 150 155 137 182 134 172 |20 159 106 8 154 36 63 9 45 129 153 125 40 |143 87 126 53 104 152 70 115 17 83 39 162 54 148 |173 42 22 81 1 4 102 86 30 34 158 65 |97 185 105 37 168 25 6 100 160 164 141 58 170 94 110 114 190 96 31 197 |109 28 113 32 27 176 193 167 80 51 117 132 184 142 177 |66 200 24 21 12 156 38 90 19 |144 107 92 140 147 85 192 62 120 16 157 2 151 29 111 57 73 56 10 |64 91 123 128 199 71 118 69 121 181 59 189 135 89 75 |166 163 145 88 95 93 49 46 131 77 79 68 55 ||41 |76 130 |187 198 116 |44 |122 |13 |103 |196 136 |179 133 |11 |183 175 |161 139 |7 |15 |82 101 |67 |47 |194 |26 |112 61 3 |23 |98 |5 33 169 |108 |191 180 |178 195 146 |174 72 |18 84 |14 |48 |127 |119 |188 43 |35 74 |138 171 |149 186 
30253.6 734713
3 71 118 57 56 198 181 59 68 55 175 90 19 |192 157 79 199 97 163 145 88 93 191 121 77 131 49 174 86 46 189 135 89 75 |95 200 159 144 42 22 4 1 81 11 34 158 65 40 |62 128 69 111 29 2 151 91 78 120 20 85 92 147 140 107 73 |104 143 64 185 99 109 105 50 60 87 126 165 80 51 132 162 54 |123 52 164 25 141 58 170 94 110 114 190 96 197 |16 173 37 168 53 6 160 100 193 167 150 112 142 177 |66 83 17 115 152 70 176 27 117 32 113 184 148 |124 63 12 38 21 153 28 137 |166 30 106 8 154 36 24 45 129 125 134 172 ||101 |23 76 |15 |156 |43 149 |116 10 |72 |155 178 |188 |41 31 47 |179 18 169 |82 182 183 |133 187 |194 |39 61 |138 |186 136 |119 |26 |14 |9 |35 |127 |139 196 |103 98 |122 130 5 161 |48 |44 |74 33 |84 108 |171 67 180 |195 146 13 |102 7 
36028.7 718967
21 97 128 199 123 71 118 111 57 73 |163 200 36 154 144 42 22 1 194 34 158 65 125 134 137 90 19 172 40 |12 25 105 50 60 87 165 52 197 142 148 |159 49 145 88 93 180 131 77 121 79 68 55 |126 157 2 151 29 69 181 59 56 |95 38 153 129 24 63 45 8 106 81 4 30 86 46 189 135 89 |115 166 16 120 78 91 140 107 |168 99 124 64 143 66 192 62 20 85 147 92 |185 17 152 70 176 27 193 167 51 80 96 117 132 32 113 162 184 54 177 |109 83 104 37 173 53 6 100 160 164 141 58 170 94 110 114 190 150 75 ||171 169 |188 |127 |3 |136 |26 |155 175 |39 |186 196 183 |146 195 161 101 |108 198 187 7 |67 116 5 |61 10 |35 74 122 |174 |119 |15 11 |9 |47 |44 |156 |23 |133 |191 |14 139 |112 103 |13 |98 48 |84 33 18 |138 |72 |149 43 |31 41 76 |130 179 |28 82 182 |102 |178 |
37335.5 708077
168 81 129 137 158 30 86 72 138 49 46 189 135 89 177 |90 64 166 16 120 78 91 140 107 73 |163 200 153 21 12 24 63 36 154 106 42 22 1 4 194 34 125 134 65 172 40 |143 25 113 32 17 70 176 193 167 80 51 117 132 184 162 19 54 |159 45 145 95 88 93 180 131 77 121 79 55 |144 97 128 199 123 71 118 69 181 59 68 |115 124 105 50 60 87 165 52 197 |8 126 99 185 192 62 20 85 147 92 |83 66 157 151 2 29 111 57 56 75 |109 38 27 152 104 37 173 53 6 100 160 164 141 58 170 94 110 114 190 96 150 142 148 ||169 |188 |127 |3 |136 |26 |155 175 |39 |186 196 183 |146 195 161 101 |108 198 187 7 |67 116 5 |61 10 |35 74 122 |174 |119 |15 11 |9 |47 |44 |156 |23 |133 |191 |14 139 |112 103 |13 |98 |33 171 182 |31 43 |84 41 18 |149 |48 179 76 |130 |28 82 |178 |102 
37504.5 703130
17 42 159 200 144 106 154 36 24 63 9 8 45 129 125 134 65 172 40 |126 64 143 166 16 120 78 140 147 |12 87 173 37 168 53 6 160 25 141 58 170 94 110 114 165 190 96 150 197 |22 152 115 70 27 176 100 193 167 80 51 117 132 32 113 184 54 148 |104 38 21 153 137 90 19 162 142 177 |52 128 71 118 69 57 56 73 |66 164 105 60 50 109 99 185 192 62 20 85 92 |83 199 123 157 2 151 29 111 91 107 |145 81 4 1 34 158 30 86 49 46 189 135 89 75 |124 97 163 88 95 93 121 131 77 79 59 68 55 ||23 76 161 |61 |74 |41 |101 43 |116 180 |48 33 |156 |10 174 |146 195 130 |122 103 18 |187 5 169 |175 183 |44 |28 198 |72 |47 3 |26 |139 |191 |127 |14 84 |7 182 82 171 178 |188 149 |194 |181 35 |102 |15 |186 31 196 |98 133 |108 13 |155 39 |119 |179 |138 |67 |112 |136 |11 
41005.9 685187

Time:2
Last Iter:1
Last Update:1
Tabu:0
Last Time2
7
177 18 54 89 131 95 163 71 69 151 50 25 173 104 38 125 154 144 |142 101 65 116 77 138 26 81 106 152 160 52 92 64 123 |49 86 1 135 73 166 165 80 |32 90 137 34 24 17 70 27 100 51 190 197 105 99 124 128 88 |129 15 63 158 40 113 167 110 114 53 140 93 |37 168 164 193 176 19 148 75 55 79 111 29 2 91 78 192 134 |83 3 6 96 14 139 109 62 147 130 57 97 30 194 22 42 159 200 36 45 153 184 |74 107 85 20 60 170 94 141 117 61 43 149 172 59 16 |150 186 155 162 136 39 28 82 12 4 46 118 199 157 143 66 185 126 |72 121 181 68 56 161 196 132 115 58 87 44 120 145 189 8 21 ||35 10 |133 98 |188 |9 |48 122 |175 |47 41 |108 |127 |169 146 |103 |182 |191 |156 |119 |31 84 |198 5 195 |171 180 |13 187 33 |23 |7 174 |178 76 112 |179 |102 |183 67 11 |
22333.5 1.81058e+06
121 30 125 45 9 24 19 113 17 193 58 190 177 78 143 |152 104 100 32 90 134 21 144 75 68 59 57 111 120 16 95 |184 150 164 60 50 73 56 46 4 8 63 36 129 29 128 |44 139 14 52 142 132 160 6 25 141 126 107 2 77 135 22 42 |106 28 175 162 188 167 114 168 70 105 185 66 140 157 69 163 93 |123 151 13 108 146 85 98 96 94 37 83 38 200 148 |99 179 74 118 145 191 49 11 15 194 154 153 117 51 80 165 170 173 |159 12 127 27 54 40 55 189 86 71 97 91 197 87 |92 84 20 122 192 64 109 110 149 137 82 158 65 89 79 1 81 |88 131 26 34 172 155 115 176 53 76 147 62 124 166 199 ||138 198 |112 |23 |33 101 |72 |3 |183 |39 169 18 196 178 |5 103 48 |67 |119 |102 7 |187 |161 10 |174 |195 133 31 |35 |116 |47 43 |182 |156 |61 186 |136 |181 180 171 |41 |130 |
22380.7 1.66117e+06
159 198 48 139 7 67 191 131 77 189 56 |26 109 192 62 64 66 143 166 16 120 20 85 92 147 140 5 73 161 |87 69 34 1 4 102 30 86 49 46 135 89 75 |22 167 17 115 70 104 6 100 193 176 27 32 113 39 136 90 54 |51 200 42 144 81 106 8 9 129 125 134 158 65 172 40 |83 154 38 12 24 36 63 45 21 153 137 19 |117 97 128 2 151 29 111 13 91 78 107 148 177 |152 185 99 173 37 168 53 160 164 25 141 58 170 94 110 114 190 150 47 132 43 162 184 |124 199 157 123 71 118 163 145 183 95 88 93 121 79 181 59 68 55 |126 57 103 105 23 50 60 41 52 165 80 96 197 142 196 ||186 |195 130 |178 146 35 |72 |28 |116 |179 10 187 |82 155 |15 |194 |76 169 101 |31 |74 |182 |156 |149 |98 |138 |119 |14 |175 |127 |18 33 171 |61 3 |11 |133 84 112 |108 122 |188 |44 |174 180 
25199.8 800148
23 101 183 18 196 161 10 174 69 111 29 2 151 35 91 78 107 73 |37 124 105 50 52 165 190 114 58 141 25 164 160 170 94 110 80 51 47 150 96 197 |100 64 99 87 60 84 185 66 143 62 20 85 147 140 92 |192 93 88 95 145 163 128 97 199 123 71 118 121 79 59 68 55 |157 30 86 49 131 77 189 57 56 |16 11 134 125 82 137 32 113 184 142 177 |109 129 45 63 36 8 106 81 15 34 158 65 |166 24 200 159 144 42 22 1 194 4 26 46 135 89 75 |154 126 173 168 6 104 152 70 115 83 27 176 193 167 117 132 155 162 54 148 |120 53 17 127 38 12 21 153 90 19 172 40 ||156 |181 171 |14 |175 |108 |76 61 43 |31 41 |116 |149 |146 130 5 33 |169 186 3 |187 180 |136 39 |138 |102 |9 |44 |119 |139 |112 178 195 7 |188 |98 |198 13 |28 |103 122 |72 67 |48 133 |191 |182 |179 74 
29954.7 774608
144 17 70 167 196 7 82 129 21 12 119 153 125 134 172 40 |63 152 168 53 193 176 115 83 32 113 43 162 184 54 148 177 |199 173 126 58 25 170 94 110 114 190 165 87 60 50 105 52 197 |6 166 64 143 66 192 124 99 185 62 20 85 92 |97 57 91 78 140 147 107 73 |22 164 160 100 186 132 39 90 137 19 |109 38 37 27 3 117 51 80 47 150 96 112 142 18 |104 93 128 111 29 151 2 157 123 71 118 69 59 68 56 |16 159 42 200 154 36 24 45 8 106 81 1 4 30 34 158 65 |141 120 88 145 163 95 121 79 77 131 49 86 46 189 135 89 55 75 ||161 |180 |35 146 183 |61 28 |15 |155 175 |139 41 |33 67 116 181 |195 5 101 |133 179 122 |156 |26 |194 |138 |102 |9 |149 188 |44 |13 |127 |169 136 |84 |72 174 |10 187 182 |31 |23 |130 74 178 |198 11 |48 14 |191 |171 108 |103 |98 76 
31651.1 739613
17 42 144 159 200 154 36 24 63 8 129 125 134 172 40 |164 64 124 185 99 109 105 50 60 52 197 |95 62 192 66 143 166 16 120 78 91 140 147 85 92 107 73 |2 141 70 115 83 27 176 193 167 80 51 117 132 32 113 184 142 148 |104 38 12 21 45 153 137 90 19 162 54 |88 157 163 97 128 199 118 69 111 29 151 57 56 |25 20 173 37 53 6 100 160 110 94 170 58 126 87 165 190 96 150 177 |152 123 71 145 93 59 79 121 77 131 46 189 68 55 |168 22 106 4 1 81 34 158 65 |114 30 86 49 135 89 75 ||149 |119 |156 |9 |15 11 |61 3 155 |116 18 112 |103 84 41 178 |181 174 171 |188 |23 48 |138 187 |195 182 |179 130 |98 |139 |175 101 169 |33 198 67 |146 35 183 |196 76 161 47 |43 39 |133 |44 |13 74 |72 |194 |26 |191 180 |122 10 |186 136 |14 |31 |82 |5 108 |102 |127 |7 |28 |
34340.4 697036
166 52 50 105 99 185 192 62 20 85 92 147 140 107 |66 128 95 88 93 121 180 131 77 79 59 56 |16 81 30 86 174 49 46 189 135 68 55 |97 120 78 91 111 29 151 2 157 123 199 118 69 57 73 |124 134 125 129 106 8 45 21 153 137 172 40 |71 22 42 159 144 200 154 36 63 24 12 38 90 19 |163 145 4 1 34 158 65 89 75 |143 104 37 168 53 6 100 160 164 25 141 58 170 94 110 114 190 96 197 |64 126 60 87 165 150 80 51 167 117 32 113 184 142 177 |109 173 83 17 115 152 70 176 193 27 132 162 54 148 ||179 108 |72 |15 |14 103 |76 98 |116 |194 171 |13 5 161 |44 |47 178 183 |67 10 33 198 187 |31 196 101 |186 149 |43 136 182 |11 28 |26 |35 |127 |41 |3 |119 |175 |138 |23 |139 |9 |84 7 |82 |74 |191 |102 |112 155 |146 122 130 |48 169 |156 |188 |181 195 18 |61 39 |133 
45128.1 690569

Execution time: 14.974 seconds
