Time:68
Last Iter:10
Last Update:9
Tabu:0
Last Time62
3
78 167 14 140 160 12 148 147 158 113 119 138 156 19 92 164 139 55 20 |38 144 106 194 111 23 81 3 110 |9 101 25 95 79 87 176 133 26 22 80 132 146 61 |77 10 82 180 130 187 21 185 51 125 13 159 197 151 32 107 41 69 |33 149 190 89 96 145 135 90 93 35 141 68 94 24 28 108 181 186 100 129 162 15 75 63 143 153 |67 192 102 152 57 83 73 198 98 76 11 85 109 196 84 |174 18 155 121 59 112 122 115 150 171 183 184 131 169 37 40 123 |91 104 36 58 124 52 157 175 39 154 60 170 137 45 56 97 |127 50 44 6 8 195 136 30 47 172 64 4 66 134 |103 74 48 199 166 200 117 188 34 179 189 16 118 53 1 168 163 193 43 ||2 |17 |7 |120 |142 |46 |128 72 |70 |178 177 |65 29 49 |173 165 |31 |116 |42 |54 |88 |105 86 |191 |99 62 |161 114 126 |5 71 |27 182 |
20590 850038
14 91 13 159 125 180 10 74 51 185 21 187 102 130 50 6 8 44 |174 192 107 32 41 78 57 85 129 186 100 145 24 28 94 68 108 181 89 55 |152 25 61 158 156 19 190 9 103 92 164 139 63 143 153 |38 197 151 196 34 188 117 179 189 1 45 137 |101 33 15 93 35 135 90 96 73 83 198 98 11 76 162 109 27 84 |141 75 166 104 199 48 195 136 163 193 43 56 49 97 |67 115 131 169 133 37 140 12 149 138 119 113 147 18 148 132 80 22 26 54 40 123 |82 122 77 36 127 124 58 47 30 144 53 16 118 168 134 |175 160 112 155 167 95 176 87 59 121 184 150 183 171 106 194 3 |79 200 64 172 52 170 66 60 154 4 157 39 111 81 110 ||120 |2 72 |126 71 |23 |86 70 |42 |146 |178 |69 |116 |99 |191 |31 |105 |7 |29 |142 |65 |46 |88 17 |20 177 |128 |182 161 114 |165 |5 |62 |173 
21212.6 836774
150 109 50 82 13 159 151 197 41 32 107 196 84 |101 152 104 200 188 117 189 179 34 136 16 53 118 120 163 193 43 97 |33 155 144 30 36 127 124 52 172 64 154 60 111 194 3 |67 183 121 95 176 87 59 184 131 169 133 37 26 110 |91 167 138 119 113 158 147 18 148 149 160 12 140 22 80 132 |77 57 125 130 102 187 21 185 51 74 180 166 199 48 195 8 6 44 86 |192 157 81 79 112 122 115 171 106 70 40 123 |47 174 93 35 141 68 94 24 28 108 181 89 103 9 190 19 156 92 164 139 55 61 146 |25 38 58 175 39 4 66 170 42 137 45 1 168 56 134 |14 10 78 85 11 76 83 73 198 98 96 90 135 145 100 186 129 162 15 75 63 143 153 ||178 |69 |116 |99 |191 |31 |105 |7 |29 |142 |65 |46 |23 |88 17 |72 126 |20 177 |128 |182 161 114 |165 2 |5 |62 |173 |71 |27 |49 |54 |
21404.3 812579

Time:64
Last Iter:10
Last Update:2
Tabu:0
Last Time13
4
91 33 141 83 198 98 57 85 11 76 162 15 75 63 143 153 |152 67 103 9 190 158 113 119 138 19 156 92 164 55 |36 104 41 32 151 125 51 185 74 10 180 21 187 102 130 50 62 105 196 84 |192 107 56 64 172 47 30 144 53 137 45 1 168 43 49 134 97 |52 25 155 112 59 87 121 184 150 183 171 106 131 169 133 37 54 40 |159 109 200 166 199 48 34 188 117 179 189 16 136 118 120 163 193 195 8 6 44 |174 78 35 186 100 129 73 96 93 90 135 145 24 28 68 94 108 181 89 139 |197 115 79 95 101 167 14 176 80 132 61 |82 122 148 147 18 149 160 12 140 22 26 123 110 |13 77 38 58 127 124 175 157 39 111 4 154 60 66 170 81 194 3 ||114 27 69 |29 128 |99 165 72 |178 177 |5 |23 |31 |116 |182 |161 17 |20 |70 86 |65 |191 |173 46 |7 |88 |42 |126 |142 |71 146 2 |
19417.2 821503
25 141 15 166 200 199 48 189 179 117 188 34 136 163 193 43 |38 195 30 144 53 16 118 168 |91 174 33 98 83 73 96 93 90 135 145 129 186 100 24 28 94 68 164 139 126 |198 56 109 85 11 76 162 108 181 89 75 63 143 153 110 |67 159 74 125 197 152 57 78 41 32 107 196 84 44 |101 183 77 36 52 124 58 172 47 1 45 137 134 |151 14 103 9 190 19 156 138 119 113 158 147 18 148 149 12 160 140 132 146 61 55 |167 64 122 115 112 155 79 95 176 87 59 184 131 169 133 37 26 22 80 123 |127 92 121 150 171 106 194 111 157 175 39 4 66 170 154 60 81 3 40 |35 192 13 82 10 185 51 50 130 102 187 21 180 104 8 6 97 ||62 |20 |7 |86 |182 |191 |128 |177 72 65 165 |49 173 |2 70 |46 |116 |5 |69 27 161 |99 |42 |31 |120 |23 |29 54 |114 17 |88 |105 142 |71 |178 
21240.9 819157
38 14 33 108 94 68 28 24 145 135 93 90 96 73 83 198 98 11 76 162 15 75 143 153 |85 101 79 167 25 160 12 80 22 37 26 177 123 |166 35 55 92 164 139 89 181 186 100 129 109 27 17 63 |111 91 13 151 197 152 78 41 32 107 105 44 110 |141 172 140 176 87 121 59 112 155 122 115 150 183 171 106 131 133 169 70 40 |95 174 67 103 9 190 19 156 113 119 138 158 147 18 149 148 132 61 |57 184 56 36 127 124 52 175 39 157 4 154 60 66 170 81 3 |77 200 53 144 30 47 64 137 45 1 168 163 43 134 97 |58 159 104 199 48 189 118 16 179 117 188 34 136 195 193 8 6 |194 192 82 125 180 10 74 51 185 21 187 102 130 50 196 84 ||161 86 |120 |165 49 |20 |23 |178 54 |69 |42 |116 |88 |65 2 |182 |72 29 128 |31 191 |71 5 |142 |46 |7 |114 126 |99 62 |173 |146 |
22579.6 815546
122 96 159 197 151 32 107 62 196 84 65 29 |79 57 164 148 18 147 158 113 119 138 19 156 92 61 71 80 22 2 40 |190 91 104 10 200 166 199 48 195 34 188 117 179 16 136 163 193 43 97 |189 103 78 41 109 11 76 83 73 198 98 100 186 129 162 15 75 63 143 153 |59 38 58 127 52 64 170 66 4 154 60 81 3 |67 157 77 124 172 47 30 144 53 118 168 1 137 45 116 56 134 |192 87 174 33 93 90 145 135 35 141 68 94 24 28 108 181 89 139 55 |36 85 13 125 51 185 74 180 21 187 102 50 130 8 6 44 114 |82 9 149 176 95 167 101 25 14 140 160 12 132 110 |152 115 175 39 111 194 106 171 183 150 155 112 121 184 131 133 169 37 26 70 177 123 ||7 |42 |31 |49 |27 |126 |17 88 |191 20 |5 |99 173 |142 |128 |182 69 |165 54 |120 |46 |72 178 |161 105 86 |146 |23 
22970.8 810755

Time:71
Last Iter:10
Last Update:1
Tabu:0
Last Time8
1
115 78 103 141 100 129 96 73 83 198 98 11 76 162 15 75 63 143 |152 38 39 157 52 127 36 58 172 47 30 144 53 1 120 168 56 97 |192 43 173 137 45 118 16 34 136 163 195 48 199 104 46 8 6 44 65 |77 91 82 13 159 125 151 197 107 32 41 109 27 |175 10 193 189 179 117 188 200 166 180 74 185 51 21 187 102 130 50 62 196 84 |67 85 186 174 33 35 93 90 135 145 24 68 94 28 108 181 89 153 |124 190 101 12 148 18 147 158 113 119 138 19 156 92 164 139 |140 64 155 112 150 183 171 106 194 111 170 66 4 154 60 81 134 |9 122 25 167 95 87 176 37 133 59 121 184 131 169 3 40 123 110 |57 79 149 160 14 26 22 80 132 61 55 ||54 |161 165 |2 71 |177 128 |191 146 |69 31 |182 |23 |5 |114 |7 |116 |178 20 |70 |42 |142 99 86 |88 17 |29 126 |105 72 |49 |
20541.2 822164

Time:64
Last Iter:10
Last Update:10
Tabu:0
Last Time64
2
185 174 33 90 93 35 141 135 68 94 24 28 100 129 186 75 143 153 |200 67 164 139 89 181 108 145 96 73 83 198 98 11 76 162 15 63 161 |172 190 149 167 25 14 176 87 133 131 70 123 |47 103 140 160 12 148 18 147 158 138 119 113 19 156 92 71 61 55 |91 85 10 51 102 130 50 125 13 159 151 41 152 78 57 109 |64 197 82 166 117 189 179 136 16 118 53 137 45 1 168 163 193 43 97 |9 77 144 30 58 36 127 124 52 175 39 157 4 170 66 154 60 81 134 |74 101 79 155 122 115 112 59 121 184 171 106 194 3 40 |95 56 111 150 183 169 37 26 22 80 132 110 |38 192 32 107 187 21 180 104 199 188 34 48 195 8 6 44 196 84 ||114 69 |49 177 |146 5 |191 |120 |23 |17 |46 |62 99 |72 |182 |173 142 |2 |165 178 |54 |42 |88 |20 |27 105 |128 29 |65 86 |126 31 |116 |7 
20553.2 822128
174 111 56 6 8 44 110 |38 192 195 48 199 104 180 21 187 32 107 196 84 |33 185 90 93 35 141 135 68 94 24 28 100 129 186 75 143 153 |200 67 164 139 89 181 108 145 96 73 83 198 98 11 76 162 15 63 161 |172 190 149 167 25 14 176 87 37 133 131 169 26 70 123 |47 103 132 80 22 140 160 12 148 18 147 158 138 119 113 19 156 92 71 61 55 |91 85 10 51 102 130 50 125 13 159 151 41 152 78 57 109 |64 197 82 166 188 117 189 179 34 136 16 118 53 137 45 1 168 163 193 43 97 |9 77 144 30 58 36 127 124 52 175 39 157 4 170 66 154 60 81 134 |74 101 95 79 155 122 115 112 59 121 184 150 183 171 106 194 3 40 ||114 69 |49 177 |146 5 |191 |120 |23 |17 |46 |62 99 |72 |182 |173 142 |2 |165 178 |54 |42 |88 |20 |27 86 |29 126 |116 |31 |128 |105 |7 |65 
20634.1 820172

Time:68
Last Iter:10
Last Update:10
Tabu:0
Last Time68
7
157 15 24 28 68 35 67 9 190 138 119 156 92 164 139 |166 175 121 59 87 176 25 160 12 149 148 22 80 40 123 110 |162 77 38 144 30 1 163 168 53 118 16 136 34 188 199 48 195 193 43 134 97 |140 200 192 13 159 151 197 152 78 41 63 75 143 153 |94 189 117 8 6 104 180 10 74 51 185 21 187 102 130 50 125 32 107 142 196 84 44 |91 174 141 103 19 18 147 158 113 55 |57 14 39 81 170 66 60 154 4 52 124 58 172 64 137 45 56 29 |179 33 89 181 108 186 129 100 145 135 93 90 96 73 83 198 98 76 11 85 109 17 |82 36 47 111 194 106 184 133 37 26 132 71 61 |127 101 167 95 79 155 112 122 115 150 183 171 131 169 54 3 ||182 69 |191 146 |7 |42 |65 5 |173 |114 99 |27 105 |70 |62 |49 |31 |120 |88 |116 |178 128 126 |20 161 72 86 |23 165 |46 |177 2 
20553.4 866136
19 36 175 111 64 170 66 4 154 60 81 178 |119 77 157 52 127 124 58 172 47 1 168 163 193 43 97 |41 113 57 78 32 107 82 91 192 13 159 197 151 125 102 130 50 142 196 44 65 |173 167 95 150 183 171 106 194 3 |33 85 18 190 9 103 94 68 141 35 93 90 135 145 24 28 100 129 186 181 89 31 75 63 143 153 |174 109 92 164 139 108 83 198 98 11 76 162 15 69 84 114 72 |147 152 51 48 200 199 166 10 74 185 21 187 180 104 46 8 6 110 |39 67 156 138 158 149 140 12 160 25 14 37 26 22 80 132 71 61 55 |96 101 148 115 122 112 155 79 59 176 87 121 184 131 133 169 70 40 123 |73 38 195 118 16 136 34 188 117 179 189 144 30 53 45 137 56 134 ||182 |88 |146 |62 |2 |49 |86 177 128 |54 |105 |23 |120 |7 |5 |20 191 |17 27 |116 |42 |99 161 126 |165 29 
21421.5 859759
82 23 104 180 10 166 200 117 188 34 48 195 163 193 43 97 |33 199 15 76 11 98 198 83 73 96 24 28 94 108 181 162 88 109 63 75 143 153 |174 157 81 194 122 115 150 171 106 26 22 80 132 61 72 178 |67 91 74 51 125 151 185 21 187 102 130 50 105 196 84 |159 111 95 167 160 12 149 148 18 147 158 113 119 138 19 156 92 164 55 |38 190 25 14 176 87 79 155 112 59 121 184 37 133 169 131 3 |101 85 9 103 68 35 141 93 90 135 145 129 100 186 89 139 40 123 |183 77 36 124 47 64 4 154 60 66 170 137 56 134 110 |140 13 197 152 57 78 41 32 107 6 8 44 |192 175 39 52 127 58 172 30 144 189 179 136 16 118 53 1 45 168 116 ||42 |86 |2 191 |46 |7 |49 |126 |62 |128 65 161 |69 99 |29 |70 114 |31 |120 |177 |173 |54 165 |20 |17 |142 |146 71 |5 |27 182 
22054.9 838675
33 71 184 121 79 155 112 122 115 150 183 171 106 40 |77 67 85 57 152 78 41 109 63 153 |95 82 159 125 102 130 50 107 32 69 105 196 84 6 8 44 |200 167 132 113 148 18 147 158 119 138 190 19 156 92 164 55 |166 101 59 25 149 12 160 140 14 176 87 37 133 131 169 26 22 123 |192 38 53 144 30 47 172 124 52 157 175 39 4 60 154 111 81 194 3 110 |58 61 199 117 189 179 188 34 136 16 118 168 1 45 137 64 66 170 56 134 |174 80 9 103 96 90 93 35 141 68 94 24 108 186 100 129 162 15 75 143 |127 197 151 11 76 98 198 83 73 135 145 28 181 89 139 |36 91 10 13 74 51 185 21 187 180 104 48 195 163 193 43 97 72 ||120 |7 |128 |54 |182 |62 |5 |20 191 |17 27 |116 |88 |42 |99 161 126 |165 29 178 2 |146 |142 65 |173 46 |70 177 |23 |31 |114 86 49 
22061.1 833248
103 200 185 151 107 32 41 196 84 |9 137 56 136 16 117 179 34 188 10 166 199 48 195 6 44 |159 67 129 89 108 186 100 90 93 141 68 94 28 24 145 135 96 73 198 98 162 15 75 |38 83 197 152 78 57 85 11 76 109 63 143 153 |33 122 64 150 115 79 95 176 87 121 184 131 169 133 37 26 3 40 123 |192 155 183 171 106 194 111 39 175 157 4 154 60 66 170 81 110 |59 189 77 36 52 127 124 58 172 47 30 144 53 1 45 168 118 163 193 43 134 |174 181 82 13 74 51 125 50 130 102 187 21 180 104 8 97 165 |91 190 112 101 25 14 160 140 132 80 22 177 20 |35 167 61 12 149 148 18 147 158 113 119 138 19 156 92 164 139 191 55 ||2 |105 |42 |120 |161 29 |173 |17 |146 86 |46 |72 71 |116 49 |62 |128 |182 |5 |31 |23 |114 142 |69 65 |178 126 |27 |7 |54 |99 |88 |70 
22227.9 831187
98 192 82 185 10 180 166 48 199 104 8 6 |135 197 200 188 117 179 189 34 136 16 118 53 1 168 163 193 43 97 |28 115 150 111 39 175 157 4 154 60 66 170 81 110 |101 100 67 33 90 35 141 68 103 9 190 19 156 138 119 113 61 86 |91 94 167 132 147 18 149 12 160 140 14 37 133 131 169 22 26 177 40 123 |174 195 129 24 145 96 73 83 198 162 76 85 109 57 78 41 32 107 105 84 |36 11 152 151 13 159 125 74 51 21 187 102 130 50 196 44 |77 23 80 148 158 92 55 164 139 89 186 108 181 15 75 63 143 153 |122 38 144 30 47 58 127 124 52 172 64 137 45 56 134 |93 25 112 155 79 95 176 87 59 121 184 183 171 106 194 3 ||120 |7 |126 165 |42 |27 17 |20 191 |128 |62 |54 |69 |65 5 |99 |161 |182 |29 178 2 |146 |142 |49 173 |31 |116 114 |46 |71 72 |70 |88 
23347.7 822749
67 77 189 193 179 117 188 34 136 16 118 53 144 30 137 45 1 168 116 163 43 134 86 |47 103 167 112 95 79 59 87 176 37 133 131 169 26 22 80 |141 180 166 195 48 199 104 8 97 |10 33 35 41 152 197 151 32 107 105 196 84 |91 200 82 192 13 125 74 51 21 187 102 130 50 62 6 44 |36 190 155 122 115 121 184 150 183 171 106 194 111 23 81 3 110 |185 139 89 73 198 98 76 11 85 57 78 109 63 |159 174 83 96 93 90 135 145 24 68 94 28 108 181 186 100 129 162 15 75 143 153 |101 56 9 25 14 140 160 12 149 148 18 147 158 113 119 138 19 156 92 164 61 55 |38 132 39 175 157 52 127 124 58 172 64 66 170 4 154 60 40 123 ||7 |128 |27 |177 |54 |69 |65 5 |99 |161 |182 |88 |126 |165 29 178 2 |146 |173 46 |120 |142 |49 |191 31 |114 72 |42 |71 |70 |20 17 
23506.5 820954

Time:70
Last Iter:10
Last Update:10
Tabu:0
Last Time70
5
174 183 155 112 122 115 150 171 106 175 127 58 172 64 66 170 |77 101 121 184 133 131 169 26 22 80 132 156 19 9 103 89 31 75 143 153 |152 190 93 35 141 24 28 94 108 181 139 164 92 55 20 |117 14 176 87 59 79 95 167 25 140 160 12 148 158 18 147 138 119 113 71 61 |192 196 197 41 107 125 82 51 50 130 102 187 21 185 74 10 200 166 104 173 8 6 44 110 |13 38 118 16 136 34 188 179 189 144 53 1 168 163 193 43 134 |91 180 199 48 195 124 47 45 137 56 97 |159 37 67 90 96 73 83 198 98 129 15 63 161 |33 65 30 36 52 60 154 4 157 39 111 81 194 3 40 123 |149 151 32 78 57 85 11 76 68 135 145 100 186 162 109 84 ||165 27 |72 |116 |42 |128 178 |99 |191 |54 146 |70 2 |5 |23 |177 |182 |46 |62 |7 |88 |126 |105 |29 142 114 |69 |120 |17 |86 49 
20588.1 894654
190 105 19 103 35 141 96 73 83 129 162 15 182 75 63 143 153 |188 159 13 125 151 197 152 78 41 32 107 196 84 |192 164 174 67 68 28 94 24 93 90 135 145 100 186 108 181 89 139 |82 194 45 189 179 117 200 166 180 10 74 185 51 21 187 102 130 50 44 |9 38 77 36 58 172 47 30 144 53 118 16 136 34 199 48 195 163 193 43 97 |52 149 155 101 167 25 140 14 160 12 148 18 147 158 138 119 113 156 92 55 123 |87 1 137 56 168 104 62 6 8 134 110 |91 33 198 98 85 11 76 57 109 |95 124 111 39 175 157 4 64 170 66 154 60 81 3 40 |127 79 106 176 59 121 112 122 115 150 183 171 184 131 133 169 37 26 22 80 132 61 20 ||23 |116 |27 |71 146 |2 86 128 |42 |72 191 |49 |17 |7 |5 |54 70 |65 |161 |114 165 126 29 |142 |120 |177 178 |46 173 |99 69 |31 |88 |
20947.3 837923
33 43 152 85 11 76 73 83 198 98 24 94 28 186 129 162 15 75 63 161 86 |197 111 189 179 117 188 48 199 10 180 185 51 125 21 187 102 130 50 62 6 8 44 65 |192 195 172 36 58 127 124 52 175 39 157 4 154 60 81 |91 166 17 88 109 57 78 41 32 107 196 84 |82 101 26 155 95 25 160 140 12 22 80 132 61 20 |200 167 79 87 59 121 37 133 169 131 184 150 183 171 106 194 3 40 123 |38 13 104 193 163 136 16 118 53 144 30 47 64 66 170 137 45 1 168 56 134 97 110 |34 96 68 67 103 9 190 19 156 92 164 139 |77 115 122 112 176 14 149 148 18 147 158 138 119 113 55 |151 159 74 174 141 35 93 90 135 145 100 108 181 89 143 153 ||54 |49 178 |31 165 |99 |70 |128 |5 |46 |29 126 |146 191 |42 |69 142 114 |2 |105 27 |173 |7 |23 |182 |177 72 |116 |71 |120 |
21465.2 837071
189 190 19 103 35 141 96 73 83 129 162 15 182 75 63 143 153 |188 159 13 125 151 197 152 78 41 32 107 196 84 |192 164 174 67 68 28 94 24 93 90 135 145 100 186 108 181 89 139 |82 194 45 179 117 200 166 180 10 74 185 51 21 187 102 130 50 44 |9 38 77 36 58 172 47 30 144 53 118 16 136 34 199 48 195 163 193 43 97 |52 149 155 101 167 25 140 14 160 12 148 18 147 158 138 119 113 156 92 55 123 |87 1 137 56 168 104 62 6 8 134 110 |91 33 198 98 85 11 76 57 109 |95 124 111 39 175 157 4 64 170 66 154 60 81 3 40 |127 79 106 176 59 121 112 122 115 150 183 171 184 131 133 169 37 26 22 80 132 61 20 ||23 |65 |27 |71 146 |2 128 |88 |178 |99 49 |5 |54 86 165 |191 161 114 |42 |177 72 126 |116 29 |70 |142 105 |173 46 |120 |31 69 |7 |17 
21547.9 824645
189 190 19 103 35 141 96 73 83 129 162 15 182 75 63 143 153 |188 159 13 125 151 197 152 78 41 32 107 196 84 |192 164 174 67 68 28 94 24 93 90 135 145 100 186 108 181 89 139 |82 194 45 179 117 200 166 180 10 74 185 51 21 187 102 130 50 44 |9 38 77 36 58 172 47 30 144 53 118 16 136 34 199 48 195 163 193 43 97 |52 149 155 101 167 25 140 14 160 12 148 18 147 158 138 119 113 156 92 55 123 |87 1 137 56 168 104 62 6 8 134 110 |91 33 198 98 85 11 76 57 109 |95 124 111 39 175 157 4 64 170 66 154 60 81 3 40 |127 79 106 176 59 121 112 122 115 150 183 171 184 131 133 169 37 26 22 80 132 61 20 ||23 |116 |27 |71 146 |2 |49 178 |31 165 |99 |69 |128 |5 |46 86 |173 29 |126 142 |120 |7 |17 88 |105 72 |177 |42 |65 114 |161 |54 70 |191 
23058.2 822969

Time:62
Last Iter:10
Last Update:10
Tabu:0
Last Time62
4
38 131 81 175 52 58 172 47 53 144 30 1 45 137 56 134 |166 155 101 25 95 133 169 184 121 59 87 176 140 132 71 61 146 126 |77 37 111 39 4 154 60 66 170 64 118 120 163 193 195 48 8 6 44 |124 122 194 171 106 3 72 80 22 26 177 40 123 |200 73 152 11 85 57 78 41 32 125 142 99 105 196 84 |96 150 127 36 189 179 117 188 34 136 16 168 116 43 49 97 |91 199 197 151 159 192 13 82 10 74 51 185 21 187 102 130 50 107 69 |104 174 76 98 198 93 35 141 90 135 145 100 186 129 162 88 109 15 75 63 143 153 |180 79 183 115 112 167 14 160 12 149 148 18 147 158 138 119 113 156 19 92 164 55 110 |157 83 33 67 190 9 103 68 94 24 28 108 181 89 139 ||165 |7 |70 |42 |54 |5 |46 |27 |86 114 |161 |23 |182 |20 2 |173 |62 |191 |31 17 65 |178 29 128 
20306.6 898069
200 127 144 38 77 36 124 52 58 172 64 170 66 4 154 60 |47 76 98 198 83 73 174 33 35 141 68 94 28 89 143 153 |30 67 162 96 145 24 100 129 186 108 181 139 164 92 55 |135 13 41 32 107 187 21 51 185 74 180 166 34 188 117 179 16 136 195 193 43 110 |90 87 171 106 194 111 81 137 56 134 97 |176 85 93 103 9 190 19 156 138 119 158 147 18 148 113 61 |192 149 79 95 167 25 14 160 12 140 22 80 132 71 40 123 |101 175 157 45 1 53 118 168 163 48 199 104 8 6 44 84 65 114 |91 196 82 10 102 130 50 125 159 151 197 152 78 57 109 15 75 63 161 |11 189 39 183 150 115 122 155 112 59 121 184 131 169 133 37 26 54 3 128 178 ||31 |62 142 |17 |86 165 29 |105 |173 |5 |99 |88 |120 |46 |182 69 |20 126 2 |116 |70 |42 |27 |177 |49 |146 |191 72 |7 |23 |
20701.5 863060
57 36 81 175 39 4 66 170 60 154 111 150 183 171 106 194 3 110 |11 14 147 101 167 95 176 87 79 155 112 59 121 184 37 133 131 169 26 |127 152 67 174 35 141 68 94 28 186 108 181 89 139 164 55 |91 85 192 13 159 197 151 125 50 130 196 84 |38 32 137 45 118 16 189 179 117 188 34 136 48 195 8 6 44 |102 77 64 124 58 172 47 30 144 53 1 168 56 134 97 |122 187 107 41 78 76 98 198 83 73 96 93 90 135 145 24 100 129 162 15 182 63 75 143 153 |52 115 138 119 113 158 18 148 149 12 160 140 22 54 40 |25 33 190 9 103 19 156 92 61 132 5 80 123 |157 109 82 10 74 51 185 21 180 200 166 199 104 46 193 163 43 ||191 |31 17 |71 |65 29 128 |120 |86 161 142 99 |42 |49 178 |146 2 |173 |70 |62 |126 69 |88 |72 177 |105 |116 |23 |27 114 |165 20 |7 |
20827.4 827381
91 103 25 79 112 122 115 150 183 171 106 131 169 40 110 |164 77 172 47 1 45 137 56 168 34 188 48 7 195 134 |156 10 117 179 189 144 30 53 118 16 136 120 163 193 43 97 |190 36 64 52 58 127 124 157 39 4 154 60 66 170 81 194 3 |175 174 92 119 101 167 95 176 87 59 121 184 133 37 26 22 80 123 |9 111 155 14 140 160 12 149 158 147 18 148 132 61 55 |82 67 138 90 93 141 68 94 28 24 145 135 96 73 198 98 162 129 100 186 108 181 89 139 |113 192 152 41 107 32 197 151 125 51 185 21 187 102 130 50 196 84 |38 159 13 74 180 200 166 199 104 8 6 44 |33 19 35 83 76 11 85 57 78 109 182 15 75 63 143 153 ||54 165 |191 |105 |5 |46 86 |23 |99 49 |71 177 |29 70 |27 114 |161 |20 2 |173 |62 |31 17 65 |42 |178 128 |146 126 |72 |142 |116 |69 |88 
22309.1 808917

Time:72
Last Iter:10
Last Update:9
Tabu:0
Last Time65
6
48 101 155 87 59 121 169 37 26 22 80 132 19 156 92 164 55 |192 179 117 104 199 195 136 163 193 43 8 6 114 20 40 123 110 |197 189 188 82 74 10 180 21 185 51 125 159 151 107 69 84 |144 167 131 133 176 14 160 149 158 138 119 113 147 18 148 71 61 |184 34 38 77 36 127 124 52 58 172 47 30 53 16 118 168 1 45 137 42 56 134 97 |13 190 9 103 141 68 24 28 108 181 89 139 153 |91 166 152 85 73 83 198 98 11 76 109 63 |200 67 33 174 35 93 90 96 135 145 129 186 15 75 143 |64 25 12 79 112 122 115 150 183 171 106 194 111 39 175 157 4 154 60 66 170 81 3 |95 140 94 100 162 57 78 41 32 50 130 102 187 196 44 ||128 54 70 |116 |178 |120 |2 |65 126 |23 165 |161 17 31 |105 27 |46 |88 |86 177 146 |29 173 |191 |62 |99 72 |182 |49 142 |7 |5 
19230.2 893859
42 33 19 138 158 147 18 148 22 80 132 71 61 126 31 15 17 63 75 143 153 |98 25 156 113 12 160 14 37 131 169 26 56 49 97 110 |101 119 198 11 162 129 100 186 108 145 135 90 93 35 141 24 28 94 68 181 89 139 164 191 55 |192 109 13 82 10 48 199 104 46 8 6 |152 167 133 111 64 172 47 30 144 53 1 45 137 134 |9 38 77 36 58 127 124 52 175 39 157 4 154 60 66 170 81 |91 189 34 188 117 179 16 136 118 168 163 193 43 |67 195 200 166 180 74 51 185 21 187 102 130 62 44 |159 190 103 96 73 83 76 85 57 78 41 107 32 197 151 125 50 196 84 |174 92 149 140 176 87 95 79 155 112 59 121 184 122 115 150 183 171 106 194 3 40 123 ||20 |128 |69 99 114 |5 |120 |88 |142 |173 |161 |182 |116 |29 178 65 72 |105 27 |2 177 70 165 86 |23 |7 |54 146 
20361.7 878482
82 101 95 155 59 87 79 112 122 115 121 184 131 133 169 37 26 123 |10 167 176 25 14 140 160 12 149 148 18 147 158 138 119 113 92 164 55 |192 180 56 157 175 39 111 150 183 171 106 194 3 40 110 |77 151 117 189 47 127 124 58 172 4 60 154 66 170 81 |38 185 36 52 64 137 45 1 168 163 136 195 193 43 134 97 |13 33 19 156 80 132 61 191 139 |90 187 57 85 145 135 93 96 73 83 198 98 11 76 162 15 182 75 63 |174 22 30 144 53 118 16 179 188 34 48 200 166 199 104 46 8 6 44 |67 91 197 159 125 74 21 102 130 50 152 78 109 41 32 107 142 196 84 |51 35 190 9 103 141 68 94 24 28 108 100 129 186 181 89 31 143 153 ||128 126 72 |70 |71 |116 |42 |54 146 |29 178 49 65 |105 |62 |7 |23 |5 177 |27 161 86 |165 2 20 |99 173 114 |17 69 |120 |88 
21577 823737
77 4 172 58 124 127 36 144 30 47 64 170 66 154 60 81 134 |13 175 189 179 117 34 188 200 166 10 74 185 51 21 187 102 130 50 105 84 |33 111 98 35 90 135 145 24 68 94 28 100 129 186 108 181 89 75 143 |9 157 95 122 115 184 150 183 171 131 169 3 40 |91 52 194 106 112 155 79 59 87 176 133 37 26 123 |38 121 148 149 167 101 25 14 160 12 140 22 80 132 61 |67 82 125 151 197 152 41 32 107 196 6 8 44 |93 193 159 180 104 199 48 195 163 136 16 118 53 168 1 45 137 56 43 97 |192 96 73 83 198 162 76 85 57 78 109 15 63 110 |39 174 11 141 103 190 158 147 18 113 119 138 156 19 92 164 139 55 153 ||178 |88 17 |54 |120 |65 20 146 |27 |116 |71 191 |31 |114 |165 |72 |42 |29 70 |161 69 |23 |46 |7 |182 126 |142 173 |49 128 2 |99 |62 |5 |177 86 
22715.6 819373
13 175 189 179 117 34 188 200 166 10 74 185 51 21 187 102 130 50 105 84 |33 111 98 35 90 135 145 24 68 94 28 100 129 186 108 181 89 31 75 143 |9 157 95 122 115 184 150 183 171 131 169 3 40 |91 52 194 106 112 155 79 59 87 176 133 37 26 123 |38 121 148 149 167 101 25 14 160 12 22 80 132 61 |67 82 125 151 197 152 41 32 107 196 6 8 44 |93 193 159 180 104 199 48 195 163 136 16 118 53 168 1 45 137 56 43 97 |192 96 73 83 198 162 76 85 57 78 109 15 63 110 |39 174 11 141 103 190 158 147 18 113 119 138 156 19 92 164 139 55 153 |77 140 144 30 47 36 127 124 58 172 64 4 154 60 66 170 81 178 134 ||114 17 |146 54 |116 |120 |126 86 |88 |27 |62 |5 |128 2 |69 182 161 |71 29 |46 |23 |42 |20 191 |7 |142 173 65 |49 72 |99 |70 |177 165 
22785.3 813248
13 175 189 179 117 34 188 200 166 10 74 185 51 21 187 102 130 50 105 84 |33 111 98 35 90 135 145 24 68 94 28 100 129 186 108 181 89 31 75 143 |9 157 95 122 115 184 150 183 171 131 169 3 40 |91 52 194 106 112 155 79 59 87 176 133 37 26 123 |38 121 148 149 167 101 25 14 160 12 22 80 132 61 |67 82 125 151 197 152 41 32 107 196 6 8 44 |93 193 159 180 104 199 48 195 163 136 16 118 53 168 1 45 137 56 43 97 |192 96 73 83 198 162 76 85 57 78 109 15 63 110 |39 174 11 141 103 190 158 147 18 113 119 138 156 19 92 164 139 55 153 |77 140 144 30 47 36 127 124 58 172 64 4 154 60 66 170 81 178 134 ||88 17 |54 |120 |116 |146 71 |191 |114 |165 |72 128 2 |69 182 161 |29 |23 |42 |20 86 |7 |5 |46 |62 |142 173 65 |49 |99 |70 |27 |177 126 
22882.8 811145

Time:66
Last Iter:10
Last Update:10
Tabu:0
Last Time66
4
91 197 82 200 166 104 199 195 136 163 193 43 |190 89 181 68 103 9 164 139 2 97 110 |33 39 77 36 127 124 52 58 47 64 4 154 60 66 170 137 45 56 134 165 |38 175 101 25 149 148 18 147 158 113 138 19 156 92 71 61 55 |98 111 168 30 144 53 118 16 189 179 117 188 34 48 7 173 8 6 44 |157 192 32 151 159 13 125 51 185 74 10 180 21 187 102 130 50 99 142 196 84 |119 1 81 3 194 106 171 183 150 155 122 115 112 59 121 184 37 133 131 169 26 54 177 40 123 |94 167 79 95 87 176 14 140 160 12 5 22 80 132 72 86 |141 107 41 76 11 85 57 152 78 88 109 63 65 |172 174 67 35 93 90 198 83 73 96 135 145 24 28 108 100 129 186 162 15 75 143 153 ||31 17 126 |128 70 |114 161 |182 |29 |20 |49 |191 |146 |23 |46 |69 |62 105 |120 |27 |42 |178 |116 
20437.6 843603
91 33 28 162 109 76 85 57 78 152 41 32 107 44 |167 82 13 159 197 151 51 21 180 187 102 130 50 99 62 196 84 |38 87 72 61 22 26 37 133 131 169 70 40 123 110 |179 101 14 160 12 156 92 55 191 164 139 15 31 75 63 143 153 |11 140 67 103 35 141 68 94 24 135 145 73 83 198 98 129 100 186 108 181 89 |77 117 127 52 124 58 172 47 30 144 53 16 118 168 116 43 134 97 |96 200 125 185 74 10 166 104 199 48 188 34 136 195 163 193 8 6 |192 174 90 93 9 190 19 138 119 113 158 18 149 148 132 80 |147 189 1 45 137 56 111 39 175 157 4 64 170 66 154 60 81 |36 25 155 176 95 79 59 121 184 112 122 115 150 183 171 106 194 3 ||86 114 49 |142 |54 |23 |177 |27 |65 126 |173 |5 |69 |146 |2 128 |42 |46 |29 20 |7 |71 |88 17 |182 |105 |120 |165 178 161 |
20997.9 840167
38 101 121 79 167 25 14 160 12 140 148 18 147 158 138 119 113 19 156 92 55 |33 199 32 107 173 195 48 104 46 8 6 44 110 |174 95 184 131 169 133 37 26 22 80 132 146 61 40 |67 41 164 139 89 181 186 129 100 108 68 94 28 24 145 135 90 96 73 83 98 162 182 15 31 126 |152 77 4 176 87 59 155 112 122 115 150 183 171 106 54 123 |157 192 74 185 51 13 159 151 125 50 130 102 187 62 196 84 |190 189 175 52 124 127 36 58 172 47 30 144 53 168 1 45 137 42 56 134 |9 82 180 21 10 166 200 117 179 188 34 16 118 163 193 43 97 |197 149 103 141 35 93 198 76 11 85 57 78 109 69 17 63 75 143 153 |91 136 64 39 111 170 66 60 154 81 194 3 128 ||120 |23 |71 5 |29 65 |116 |177 |27 |178 |165 |88 |72 191 |99 |70 |20 |49 |7 |161 2 86 |114 105 142 
21022.6 835226
167 36 127 172 64 157 175 39 111 4 154 60 66 170 81 194 3 |33 106 158 95 176 59 87 79 155 112 122 115 150 171 183 184 131 133 169 26 40 |101 94 119 25 14 140 160 12 149 147 18 148 138 113 61 |121 89 139 126 22 80 132 146 123 110 |125 67 141 35 93 135 24 28 68 103 9 190 19 156 92 164 55 |90 37 109 85 11 76 98 198 83 73 96 145 108 181 100 129 186 162 15 75 63 143 153 |91 77 124 52 47 30 144 189 179 117 34 136 195 163 193 43 134 97 72 |38 192 13 10 166 180 74 51 185 21 187 102 130 50 142 |82 58 56 137 45 1 168 53 118 16 188 48 199 104 46 8 6 44 |174 200 159 151 197 152 57 78 41 32 107 196 84 ||23 |29 |31 |178 114 86 |120 |182 17 |128 |71 |88 |116 |191 |161 20 |70 |105 65 |27 |173 |99 49 |177 2 |5 |54 |42 |69 |7 |165 |62 |
22233.9 812823

Time:64
Last Iter:10
Last Update:8
Tabu:0
Last Time52
3
148 195 64 81 194 106 171 183 150 115 112 155 79 59 121 184 131 133 37 169 123 |77 87 61 113 18 147 158 119 138 190 19 156 92 164 139 55 |95 35 85 11 76 96 73 83 198 98 129 162 15 63 143 153 |200 174 103 9 67 33 141 93 90 135 68 94 24 28 108 100 186 181 89 75 |145 136 21 166 104 199 48 34 188 117 189 179 16 118 53 144 30 1 45 137 56 134 |47 192 197 152 109 57 78 41 32 107 196 84 |159 36 172 127 52 157 39 4 154 60 66 170 168 163 193 43 8 161 |58 101 122 167 14 25 149 12 160 140 132 146 80 22 26 54 40 |38 124 175 111 3 65 114 29 72 110 |176 91 82 13 151 125 51 185 74 10 180 187 102 130 50 142 6 44 97 ||191 71 |177 |27 |88 86 |165 20 |99 |42 |128 70 |182 |5 2 |49 |120 |62 |23 |17 69 |173 |126 31 |178 |116 |105 |46 |7 |
20157.5 861113
189 174 9 68 141 35 93 90 135 145 100 129 186 181 89 75 63 143 153 |83 180 91 192 13 151 125 130 50 107 105 196 84 |38 122 150 194 111 39 175 157 52 127 124 58 172 47 1 45 137 42 56 134 97 110 |77 79 158 148 132 22 80 123 |82 155 106 167 101 25 14 140 160 12 149 18 147 138 119 113 61 |197 190 121 176 95 87 59 115 171 183 184 131 37 133 169 26 |112 152 15 162 67 103 19 156 92 55 |33 164 195 136 43 193 163 168 118 53 144 30 64 170 66 4 154 60 81 3 40 |200 96 32 41 109 78 57 85 11 76 98 198 73 94 24 28 108 139 |36 159 104 34 16 179 117 188 48 199 166 10 74 51 185 21 102 187 173 8 6 44 ||69 |120 |72 |27 |142 62 |99 49 |70 |23 |182 20 |71 |88 |54 178 |7 |46 |177 5 |86 191 |165 17 161 65 |128 2 29 |126 |116 |31 |146 114 
21296.2 834377
38 41 82 74 166 200 199 48 195 188 34 136 118 1 168 163 193 43 97 |197 174 9 103 67 35 141 68 94 24 28 108 181 89 |33 10 57 152 78 85 11 76 98 198 83 73 96 93 90 135 145 100 129 186 162 15 75 63 |101 172 47 189 117 179 16 53 144 30 45 137 42 56 134 110 |192 196 81 95 79 155 122 115 150 183 171 106 70 40 123 |14 58 124 157 175 39 4 64 170 66 60 154 111 194 3 128 |36 109 190 19 156 113 119 138 158 147 18 149 148 5 80 |52 12 160 140 132 61 92 164 55 191 139 143 153 |127 25 167 112 176 87 59 121 184 131 169 133 37 26 22 |77 91 107 32 151 159 13 125 50 130 102 51 185 21 187 180 104 173 8 6 44 84 ||46 |49 |71 |182 |146 |105 142 |31 |20 114 |2 |27 |88 |29 126 |7 |23 |62 |178 54 |116 |165 161 65 |17 86 72 |177 |69 99 |120 
22146.2 808560

Time:0
Last Iter:10
Last Update:10
Tabu:0
Last Time0
3
148 195 64 81 194 106 171 183 150 115 112 155 79 59 121 184 131 133 37 169 123 |77 87 61 113 18 147 158 119 138 190 19 156 92 164 139 55 |95 35 85 11 76 96 73 83 198 98 129 162 15 63 143 153 |200 174 103 9 67 33 141 93 90 135 68 94 24 28 108 100 186 181 89 75 |145 136 21 166 104 199 48 34 188 117 189 179 16 118 53 144 30 1 45 137 56 134 |47 192 197 152 109 57 78 41 32 107 196 84 |159 36 172 127 52 157 39 4 154 60 66 170 168 163 193 43 8 161 |58 101 122 167 14 25 149 12 160 140 132 146 80 22 26 54 40 |38 124 175 111 3 65 114 29 72 110 |176 91 82 13 151 125 51 185 74 10 180 187 102 130 50 142 6 44 97 ||191 71 |177 |27 |88 86 |165 20 |99 |42 |128 70 |182 |5 2 |49 |120 |62 |23 |17 69 |173 |126 31 |178 |116 |105 |46 |7 |
20157.5 861113
189 174 9 68 141 35 93 90 135 145 100 129 186 181 89 75 63 143 153 |83 180 91 192 13 151 125 130 50 107 105 196 84 |38 122 150 194 111 39 175 157 52 127 124 58 172 47 1 45 137 42 56 134 97 110 |77 79 158 148 132 22 80 123 |82 155 106 167 101 25 14 140 160 12 149 18 147 138 119 113 61 |197 190 121 176 95 87 59 115 171 183 184 131 37 133 169 26 |112 152 15 162 67 103 19 156 92 55 |33 164 195 136 43 193 163 168 118 53 144 30 64 170 66 4 154 60 81 3 40 |200 96 32 41 109 78 57 85 11 76 98 198 73 94 24 28 108 139 |36 159 104 34 16 179 117 188 48 199 166 10 74 51 185 21 102 187 173 8 6 44 ||69 |120 |72 |27 |142 62 |99 49 |70 |23 |182 20 |71 |88 |54 178 |7 |46 |177 5 |86 191 |165 17 161 65 |128 2 29 |126 |116 |31 |146 114 
21296.2 834377
38 41 82 74 166 200 199 48 195 188 34 136 118 1 168 163 193 43 97 |197 174 9 103 67 35 141 68 94 24 28 108 181 89 |33 10 57 152 78 85 11 76 98 198 83 73 96 93 90 135 145 100 129 186 162 15 75 63 |101 172 47 189 117 179 16 53 144 30 45 137 42 56 134 110 |192 196 81 95 79 155 122 115 150 183 171 106 70 40 123 |14 58 124 157 175 39 4 64 170 66 60 154 111 194 3 128 |36 109 190 19 156 113 119 138 158 147 18 149 148 5 80 |52 12 160 140 132 61 92 164 55 191 139 143 153 |127 25 167 112 176 87 59 121 184 131 169 133 37 26 22 |77 91 107 32 151 159 13 125 50 130 102 51 185 21 187 180 104 173 8 6 44 84 ||46 |49 |71 |182 |146 |105 142 |31 |20 114 |2 |27 |88 |29 126 |7 |23 |62 |178 54 |116 |165 161 65 |17 86 72 |177 |69 99 |120 
22146.2 808560

