Time:1
Last Iter:10
Last Update:10
Tabu:0
Last Time1
9
47 31 49 25 27 9 |7 33 6 20 2 38 46 39 29 5 |12 35 15 24 50 13 17 19 48 1 ||23 |22 10 8 16 11 44 |37 |30 4 14 21 34 43 |36 |18 28 3 42 41 |32 45 26 40 
4755.86 79204.2
6 33 7 39 45 29 5 |15 12 20 2 38 46 44 |35 24 50 13 25 27 9 17 19 48 1 ||34 |23 32 43 18 |28 11 21 14 22 41 |36 26 4 47 |49 42 3 40 31 |37 30 8 10 16 
4833.69 62852.6
12 35 15 24 47 13 25 27 9 |29 39 46 38 7 33 6 2 |20 50 17 19 48 1 5 ||45 37 |42 28 43 23 31 |16 21 14 |49 |44 32 40 |4 |22 |30 |41 |36 26 |10 |8 |3 34 11 18 
5206.76 57648.4
19 17 25 13 27 9 48 1 |2 20 12 15 35 24 50 ||6 33 7 38 46 39 29 5 ||45 37 |36 |42 28 43 23 31 |26 |16 |41 |49 |44 32 40 14 21 |4 22 |10 |3 30 |34 8 11 18 |47 |
6180.1 55533.3
9 27 25 13 15 35 24 50 |12 20 33 7 2 38 46 5 |6 39 29 17 19 48 1 ||3 26 |23 |28 |36 45 |43 11 18 |40 32 44 |31 21 |42 4 |47 49 |30 |34 22 8 |14 |10 |37 |16 41 |
6507.09 55439
12 20 33 7 2 38 46 5 |6 39 29 17 19 48 1 |15 35 24 50 13 25 27 9 ||3 |31 23 |45 |40 32 44 |43 |21 |42 28 4 |47 49 |30 |16 14 |41 |36 26 37 |10 |34 8 11 18 |22 |
6567.6 53888.8
12 20 33 7 2 38 46 5 |6 39 29 17 19 48 1 |15 35 24 50 13 25 27 9 ||37 |26 28 |23 |21 45 |43 |31 41 |16 |32 |10 14 3 |49 42 |47 |36 |4 40 44 |30 |34 8 11 18 |22 |
7238.1 53845.8
12 20 33 7 2 38 46 5 |6 39 29 17 19 48 1 |15 35 24 50 13 25 27 9 ||3 11 23 |18 |45 |40 32 44 |43 |31 21 |42 28 4 |47 49 |30 |34 22 8 |14 |10 |36 26 37 |16 41 |
7347.85 53580.8
12 20 33 7 2 38 46 5 |6 39 29 17 19 48 1 |15 35 24 50 13 25 27 9 ||37 |3 26 |23 |28 |36 45 |43 |31 42 |21 16 |4 |44 32 |49 |40 |22 14 |41 |10 |30 |34 8 11 18 |47 |
7362.96 52053.3

Time:1
Last Iter:10
Last Update:10
Tabu:0
Last Time1
12
35 21 24 42 50 4 13 25 27 9 |17 19 5 46 38 39 29 48 1 |15 12 7 33 6 20 16 2 ||18 |47 |28 11 43 23 44 32 |45 |40 31 8 3 14 49 |26 37 |36 41 10 34 30 22 
4391.59 72133.5
50 25 13 27 17 19 48 1 |2 7 33 6 20 12 28 15 35 24 |9 29 39 38 46 5 ||4 23 |11 14 |37 |10 41 |40 31 32 44 36 45 26 |42 |16 34 30 22 |49 47 |8 3 |18 43 21 
4740.01 63649.2
12 20 6 33 7 2 38 46 |39 29 5 17 19 48 1 |25 13 27 9 50 24 15 35 ||22 47 |49 45 |4 |37 |21 |11 42 3 28 18 |8 36 26 23 |44 31 10 |41 |32 40 30 16 |34 |14 43 
5519.85 56764.3
12 20 6 33 7 2 38 46 |39 29 5 17 19 48 1 |25 13 27 9 50 24 15 35 ||22 47 |49 45 |4 |37 |21 |11 42 3 28 18 |8 36 26 23 |44 31 10 |41 |14 32 |16 |34 40 43 30 
5579.38 56147.4
50 25 13 27 17 19 48 1 30 8 |9 29 39 38 46 5 |24 15 35 12 20 6 7 33 2 ||49 4 47 |22 |45 37 |28 18 |31 41 11 |32 |26 |10 |23 36 |43 34 16 |42 |3 21 14 |44 40 
5706.2 55885.8
12 20 6 33 7 2 38 46 |39 29 5 17 19 48 1 |25 13 27 9 50 24 15 35 ||42 47 49 |4 37 |45 |22 |21 |11 3 28 |18 8 36 26 23 |44 31 10 |41 |32 40 |30 16 |34 |14 43 
5753.74 55077.1
12 20 6 33 7 2 38 46 |39 29 5 17 19 48 1 |25 13 27 9 50 24 15 35 ||42 47 49 |4 37 |45 |22 |21 |11 3 28 |18 8 36 26 23 |44 31 10 |41 |32 |30 40 |16 |34 |14 43 
5951.48 54758.3
12 20 6 33 7 2 38 46 |39 29 5 17 19 48 1 |25 13 27 9 50 24 15 35 ||18 11 |4 47 |37 |22 21 |45 |42 3 8 |28 49 |36 26 23 |44 31 16 10 |14 43 |41 32 34 |40 30 
6001.7 52476.1
12 20 6 33 7 2 38 46 |39 29 5 17 19 48 1 |25 13 27 9 50 24 15 35 ||18 11 |4 47 |37 23 |21 |41 45 |42 3 28 |49 26 8 10 |44 32 |31 |36 |43 40 30 16 |34 |14 22 
6096.84 52471.7
12 20 6 33 7 2 38 46 |39 29 5 17 19 48 1 |25 13 27 9 50 24 15 35 ||18 11 |4 47 |37 |22 |45 |21 |30 |42 3 28 |49 |36 26 23 |44 31 16 10 |41 32 40 43 |8 |34 |14 
6345.37 51230.3
12 20 6 33 7 2 38 46 |39 29 5 17 19 48 1 |25 13 27 9 50 24 15 35 ||18 11 |4 47 |37 |22 |49 |45 |21 |28 43 10 |23 41 40 |42 3 |36 26 44 31 |8 |32 |30 16 |34 |14 
6659.43 49031.1
12 20 6 33 7 2 38 46 |39 29 5 17 19 48 1 |25 13 27 9 50 24 15 35 ||18 |11 |4 47 |37 |22 |49 |21 |45 |28 43 10 |23 41 40 |42 3 |36 26 44 31 |8 |32 |30 16 |34 |14 
7419.89 48827.8

Time:0
Last Iter:10
Last Update:10
Tabu:0
Last Time0
7
29 39 46 33 11 20 2 |1 48 9 27 25 13 50 24 15 35 |17 19 5 38 7 6 12 ||22 |40 10 16 43 |32 31 44 36 37 8 |3 21 28 |4 49 30 41 47 |42 14 18 23 |45 26 |34 
4474.88 79900.2
7 39 29 5 1 48 |15 12 20 6 33 2 38 46 |19 17 25 13 27 9 50 24 35 ||23 |22 18 16 43 |32 31 44 36 37 8 |3 21 28 |47 |4 49 30 41 |11 34 40 26 |42 14 |45 |10 |
4799.99 59631.8
29 19 17 25 13 27 9 48 1 |39 5 35 15 24 50 ||46 38 2 7 33 6 20 12 ||23 |22 18 16 43 |32 31 44 36 37 26 |3 21 28 |47 |4 49 30 41 |40 42 45 |11 10 8 |14 34 
5823.37 59048.8
15 12 20 6 33 2 38 46 |19 17 25 13 27 9 50 24 35 |7 5 39 29 48 1 ||23 |8 11 28 |49 41 37 |34 18 |40 36 |4 |43 |26 45 44 32 |42 14 |31 30 22 10 |3 21 47 |16 
6154.53 55581.1
39 19 17 25 13 27 9 |2 7 38 46 5 29 48 1 |33 6 20 12 35 15 24 50 ||42 40 |45 |18 |23 44 8 31 |21 |49 26 32 |28 |36 43 |22 14 |47 |10 |41 16 |4 30 |11 3 34 |37 |
6865.43 53129.1
39 19 17 25 13 27 9 |2 7 38 46 5 29 48 1 |33 6 20 12 35 15 24 50 ||42 8 |41 |18 |23 44 |34 40 |26 |49 21 32 |28 |36 43 |22 14 |47 |10 |45 16 |4 30 |11 3 31 |37 |
7069.58 51171.7
39 19 17 25 13 27 9 |2 7 38 46 5 29 48 1 |33 6 20 12 35 15 24 50 ||8 |41 |18 |23 45 |40 |4 |47 49 |21 |34 31 |16 36 43 |26 |44 32 |42 14 |10 22 |30 |11 3 28 |37 |
8045.47 51087.3

Time:0
Last Iter:10
Last Update:10
Tabu:0
Last Time0
7
29 39 46 33 11 20 2 |1 48 9 27 25 13 50 24 15 35 |17 19 5 38 7 6 12 ||22 |40 10 16 43 |32 31 44 36 37 8 |3 21 28 |4 49 30 41 47 |42 14 18 23 |45 26 |34 
4474.88 79900.2
7 39 29 5 1 48 |15 12 20 6 33 2 38 46 |19 17 25 13 27 9 50 24 35 ||23 |22 18 16 43 |32 31 44 36 37 8 |3 21 28 |47 |4 49 30 41 |11 34 40 26 |42 14 |45 |10 |
4799.99 59631.8
29 19 17 25 13 27 9 48 1 |39 5 35 15 24 50 ||46 38 2 7 33 6 20 12 ||23 |22 18 16 43 |32 31 44 36 37 26 |3 21 28 |47 |4 49 30 41 |40 42 45 |11 10 8 |14 34 
5823.37 59048.8
15 12 20 6 33 2 38 46 |19 17 25 13 27 9 50 24 35 |7 5 39 29 48 1 ||23 |8 11 28 |49 41 37 |34 18 |40 36 |4 |43 |26 45 44 32 |42 14 |31 30 22 10 |3 21 47 |16 
6154.53 55581.1
39 19 17 25 13 27 9 |2 7 38 46 5 29 48 1 |33 6 20 12 35 15 24 50 ||42 40 |45 |18 |23 44 8 31 |21 |49 26 32 |28 |36 43 |22 14 |47 |10 |41 16 |4 30 |11 3 34 |37 |
6865.43 53129.1
39 19 17 25 13 27 9 |2 7 38 46 5 29 48 1 |33 6 20 12 35 15 24 50 ||42 8 |41 |18 |23 44 |34 40 |26 |49 21 32 |28 |36 43 |22 14 |47 |10 |45 16 |4 30 |11 3 31 |37 |
7069.58 51171.7
39 19 17 25 13 27 9 |2 7 38 46 5 29 48 1 |33 6 20 12 35 15 24 50 ||8 |41 |18 |23 45 |40 |4 |47 49 |21 |34 31 |16 36 43 |26 |44 32 |42 14 |10 22 |30 |11 3 28 |37 |
8045.47 51087.3

Time:1
Last Iter:10
Last Update:10
Tabu:0
Last Time1
8
37 36 49 27 9 |20 6 33 7 2 38 46 39 29 5 |12 35 15 24 50 13 25 17 19 48 1 ||47 4 |16 43 32 44 26 |8 22 3 11 18 |41 30 10 40 31 23 45 |34 28 21 14 42 |
4693.78 79069.5
44 31 40 12 35 15 21 |29 39 46 38 2 7 33 6 20 |5 1 48 19 17 9 27 25 13 24 50 ||32 |36 18 |23 43 26 37 |3 42 14 47 10 34 |11 |4 49 8 30 22 28 |41 |45 16 
4967.58 76751.9
7 33 6 20 12 35 24 50 27 9 |2 38 46 39 17 19 48 1 |15 13 25 29 5 ||49 |47 4 |32 44 26 |8 22 3 11 18 |37 36 45 31 23 43 34 16 |41 30 10 40 28 21 14 42 
5029.32 75246.7
12 7 33 6 20 2 38 46 |15 35 50 27 17 19 48 |24 13 25 9 1 29 39 5 ||22 4 |21 |45 36 37 41 8 |49 |3 42 14 47 10 34 |11 |18 28 40 31 44 |16 43 23 32 26 30 |
5126.94 65300.4
15 35 39 29 5 |1 48 17 25 13 27 9 24 50 ||19 12 7 33 6 20 2 38 46 ||10 |45 36 26 31 32 |14 42 47 4 22 |28 21 |23 44 43 16 18 |37 |34 11 3 49 41 8 |30 40 
5182.98 64871.9
13 9 17 19 48 1 29 5 |39 25 27 24 50 ||15 35 12 6 7 33 20 2 38 46 ||10 |45 36 26 31 41 |14 42 47 4 22 |28 21 |23 11 43 16 18 |37 |34 44 32 3 30 40 |49 8 
5296.2 63292.8
15 24 50 27 9 19 17 48 |13 25 1 29 39 5 |35 12 20 6 33 7 2 38 46 ||10 23 |45 36 26 31 |14 42 47 4 22 |37 |40 18 |28 21 |32 |43 34 16 |3 8 |44 |30 41 |11 |49 |
5406.63 49726.9
17 19 48 1 29 39 5 |35 12 20 6 33 7 2 38 46 |15 24 50 13 25 27 9 ||43 21 |45 26 |37 4 22 |28 |14 |18 10 |23 31 |47 8 3 |36 44 |42 |32 |30 41 |40 11 |49 |34 |16 
7111.83 48915.1

Time:1
Last Iter:10
Last Update:10
Tabu:0
Last Time1
7
5 39 29 9 17 19 48 1 |38 27 25 13 24 50 ||15 35 12 20 6 33 7 2 46 ||16 34 28 21 22 30 47 |36 |18 43 41 3 |45 26 37 49 |14 42 4 8 10 40 32 44 31 |11 23 |
4655.87 70791.6
5 39 29 17 19 48 1 |38 27 9 25 13 24 50 ||15 35 12 20 6 33 7 2 46 ||16 34 14 28 21 30 |36 |18 43 3 22 41 |45 26 37 49 |42 4 8 10 40 32 44 31 |11 47 23 |
5036.15 69105.5
15 35 12 20 6 7 33 2 |29 39 38 46 23 5 |24 50 25 13 27 9 17 19 48 1 ||30 |8 18 |47 |44 37 31 45 |14 22 |34 11 28 32 43 10 |42 |49 4 3 40 41 |16 26 36 |21 |
5069.29 56646.1
12 7 33 6 20 2 38 46 5 |15 35 24 50 13 27 9 |39 29 25 17 19 48 1 ||34 43 |49 |18 |36 10 |23 |16 11 |44 45 32 26 37 |3 22 |41 |4 14 42 21 |28 8 |47 |40 30 31 |
5472.81 51539
12 7 33 6 20 2 38 46 5 |15 35 24 50 13 27 9 |39 29 25 17 19 48 1 ||21 |16 43 |34 8 22 |26 11 |36 |32 |18 45 23 44 |49 3 |41 |31 |4 42 14 |28 10 |40 30 37 |47 |
6440.11 51468.9
12 7 33 6 20 2 38 46 5 |15 35 24 50 13 27 9 |39 29 25 17 19 48 1 ||43 |34 18 |45 23 16 22 |11 4 14 |42 3 |26 |32 |36 10 |41 |49 44 37 |21 |28 8 |47 |40 30 31 |
7169.39 51257.9
39 29 19 17 25 13 27 9 |1 48 15 35 24 50 ||12 7 33 6 20 2 38 46 5 ||18 |49 |11 |8 10 31 |34 |45 23 16 22 |4 14 3 |42 |26 36 |32 |44 |21 |41 |28 |43 |47 |30 40 |37 |
7241.34 49104.2

Time:0
Last Iter:10
Last Update:10
Tabu:0
Last Time0
10
2 7 33 6 20 12 15 35 30 |50 24 42 25 13 27 4 9 19 48 1 |17 29 39 38 46 5 ||49 |31 |22 45 26 37 |8 41 16 18 11 32 |21 47 10 40 23 44 |36 |43 14 |34 28 3 
4759.19 67614.5
15 12 20 2 46 39 29 5 |38 7 33 6 35 24 |50 25 13 27 9 17 19 48 1 ||44 |23 43 34 18 10 |32 11 28 3 30 |49 14 40 31 |22 45 26 37 42 |21 47 4 |8 16 |36 |41 
5100.65 63958.7
50 25 13 27 9 17 19 48 1 |24 33 7 39 29 5 |15 35 12 6 20 2 38 46 ||44 |49 32 43 34 18 |11 28 3 30 |45 36 23 31 22 10 42 |26 37 14 21 |47 4 |8 16 |40 |41 |
5350.38 62173.3
41 15 35 12 20 2 38 46 |6 33 7 39 29 5 |24 50 13 25 27 9 17 19 48 1 ||16 |44 23 32 |40 30 3 |22 26 |34 |36 37 |18 28 43 42 |31 8 4 47 14 21 |45 49 |11 10 
5353.11 59430.9
15 35 12 20 2 38 46 |6 33 7 39 29 5 |24 50 13 25 27 9 17 19 48 1 ||40 |49 |44 |41 23 22 |16 18 11 31 |36 |43 42 4 45 32 |26 37 |47 21 28 8 |14 30 |10 |34 3 
5819.69 54287.9
15 35 12 20 2 38 46 |6 33 7 39 29 5 |24 50 13 25 27 9 17 19 48 1 ||40 |49 |44 |41 23 22 |16 18 11 31 |36 |3 43 32 |37 |21 4 47 |45 26 28 |14 8 10 |42 |30 |34 
5823.48 51820.2
15 35 12 20 2 38 46 |6 33 7 39 29 5 |24 50 13 25 27 9 17 19 48 1 ||36 49 |44 |41 40 23 30 22 |16 18 11 28 |3 43 32 |37 |21 4 47 |45 26 |14 8 10 |42 |31 |34 
6097.66 51351.7
15 35 12 20 2 38 46 |6 33 7 39 29 5 |24 50 13 25 27 9 17 19 48 1 ||36 44 |49 |40 |3 22 28 14 41 |30 18 |16 |23 45 42 |37 |10 |34 |31 |4 47 8 |21 |32 |11 43 |26 |
6408.01 51071.2
15 35 12 20 2 38 46 |6 33 7 39 29 5 |24 50 13 25 27 9 17 19 48 1 ||36 16 |23 40 |3 22 30 |41 |18 |43 |4 |34 |44 49 |32 45 26 |37 |10 |8 |11 |47 28 |21 |42 |14 31 
6467.67 47855.4
15 35 12 20 2 38 46 |6 33 7 39 29 5 |24 50 13 25 27 9 17 19 48 1 ||36 16 |23 40 |3 22 30 |41 |18 28 |43 |4 |34 |44 49 |32 45 26 |37 |10 |8 |11 |47 |21 |42 |14 31 
6827.88 47606

Time:1
Last Iter:10
Last Update:10
Tabu:0
Last Time1
10
2 7 33 6 20 12 15 35 30 |50 24 42 25 13 27 4 9 19 48 1 |17 29 39 38 46 5 ||49 |31 |22 45 26 37 |8 41 16 18 11 32 |21 47 10 40 23 44 |36 |43 14 |34 28 3 
4759.19 67614.5
15 12 20 2 46 39 29 5 |38 7 33 6 35 24 |50 25 13 27 9 17 19 48 1 ||44 |23 43 34 18 10 |32 11 28 3 30 |49 14 40 31 |22 45 26 37 42 |21 47 4 |8 16 |36 |41 
5100.65 63958.7
50 25 13 27 9 17 19 48 1 |24 33 7 39 29 5 |15 35 12 6 20 2 38 46 ||44 |49 32 43 34 18 |11 28 3 30 |45 36 23 31 22 10 42 |26 37 14 21 |47 4 |8 16 |40 |41 |
5350.38 62173.3
41 15 35 12 20 2 38 46 |6 33 7 39 29 5 |24 50 13 25 27 9 17 19 48 1 ||16 |44 23 32 |40 30 3 |22 26 |34 |36 37 |18 28 43 42 |31 8 4 47 14 21 |45 49 |11 10 
5353.11 59430.9
15 35 12 20 2 38 46 |6 33 7 39 29 5 |24 50 13 25 27 9 17 19 48 1 ||40 |49 |44 |41 23 22 |16 18 11 31 |36 |43 42 4 45 32 |26 37 |47 21 28 8 |14 30 |10 |34 3 
5819.69 54287.9
15 35 12 20 2 38 46 |6 33 7 39 29 5 |24 50 13 25 27 9 17 19 48 1 ||40 |49 |44 |41 23 22 |16 18 11 31 |36 |3 43 32 |37 |21 4 47 |45 26 28 |14 8 10 |42 |30 |34 
5823.48 51820.2
15 35 12 20 2 38 46 |6 33 7 39 29 5 |24 50 13 25 27 9 17 19 48 1 ||36 49 |44 |41 40 23 30 22 |16 18 11 28 |3 43 32 |37 |21 4 47 |45 26 |14 8 10 |42 |31 |34 
6097.66 51351.7
15 35 12 20 2 38 46 |6 33 7 39 29 5 |24 50 13 25 27 9 17 19 48 1 ||36 44 |49 |40 |3 22 28 14 41 |30 18 |16 |23 45 42 |37 |10 |34 |31 |4 47 8 |21 |32 |11 43 |26 |
6408.01 51071.2
15 35 12 20 2 38 46 |6 33 7 39 29 5 |24 50 13 25 27 9 17 19 48 1 ||36 16 |23 40 |3 22 30 |41 |18 |43 |4 |34 |44 49 |32 45 26 |37 |10 |8 |11 |47 28 |21 |42 |14 31 
6467.67 47855.4
15 35 12 20 2 38 46 |6 33 7 39 29 5 |24 50 13 25 27 9 17 19 48 1 ||36 16 |23 40 |3 22 30 |41 |18 28 |43 |4 |34 |44 49 |32 45 26 |37 |10 |8 |11 |47 |21 |42 |14 31 
6827.88 47606

Time:1
Last Iter:10
Last Update:9
Tabu:0
Last Time0
5
26 29 4 47 13 25 49 27 9 |39 5 20 6 33 7 2 38 46 |12 15 35 24 50 17 19 48 1 ||32 |16 34 23 44 37 45 |3 14 |11 43 10 8 41 31 |22 30 42 21 28 18 40 |36 
4647.52 78565.4
4 16 28 35 14 24 50 3 22 |12 15 13 25 27 9 17 19 48 1 |29 39 7 33 6 20 2 38 46 5 ||47 |23 |32 43 21 10 |18 11 40 31 44 45 |26 |49 42 30 34 |36 37 41 8 
4865.75 75190.4
35 2 5 1 48 19 17 9 |15 25 13 27 24 50 ||29 39 46 38 7 33 6 20 12 ||3 34 18 |41 22 |23 45 |49 |43 28 16 |32 31 |30 40 44 |36 26 37 |14 4 |21 42 47 |8 |10 |11 
5262.7 58938.4
29 5 1 48 19 17 25 13 27 9 |24 2 39 38 46 |7 33 6 20 12 35 15 50 ||3 34 18 |41 22 |23 45 |49 |16 43 32 31 |30 40 44 |36 26 37 |47 21 11 10 |42 |4 14 |28 |8 
5464 58635.9
29 39 7 33 20 |24 15 12 6 2 38 46 5 |35 50 13 25 27 9 17 19 48 1 ||11 |49 |45 |18 |16 |22 |8 |41 |43 32 31 |30 40 44 |36 26 37 |14 4 |28 21 42 47 |34 |3 10 |23 
5688.68 52063.7

Time:0
Last Iter:10
Last Update:10
Tabu:0
Last Time0
4
15 35 12 20 6 33 7 2 |29 37 39 38 46 5 |14 24 50 9 27 13 25 17 19 48 1 ||43 |8 10 42 |45 49 22 34 |26 36 44 23 32 31 40 41 3 |4 47 |11 |18 30 16 28 21 
4768.12 64043.5
15 38 46 5 29 48 1 |39 19 17 25 13 27 9 |2 7 33 6 20 12 35 24 50 ||42 3 41 8 10 |47 4 18 30 40 |45 |43 16 11 |21 14 22 |49 26 36 44 23 31 |37 32 34 |28 |
5225.89 58493.1
15 35 12 6 33 20 2 |7 38 46 39 29 5 |24 50 25 13 27 9 17 19 48 1 ||42 34 |28 |30 47 |16 18 44 40 |14 |11 43 31 |4 |26 |41 23 |8 10 22 3 |37 45 32 |36 21 |49 |
6013.38 50847.7
24 50 25 13 27 9 17 19 48 1 |15 35 12 20 6 33 7 2 |29 39 38 46 5 ||3 |32 23 |21 41 |11 47 |28 |43 22 |14 |26 18 16 31 |4 |44 40 |42 34 30 |8 10 |37 45 |36 |49 |
7654.54 48356.1

Time:0
Last Iter:10
Last Update:10
Tabu:0
Last Time0
4
15 35 12 20 6 33 7 2 |29 37 39 38 46 5 |14 24 50 9 27 13 25 17 19 48 1 ||43 |8 10 42 |45 49 22 34 |26 36 44 23 32 31 40 41 3 |4 47 |11 |18 30 16 28 21 
4768.12 64043.5
15 38 46 5 29 48 1 |39 19 17 25 13 27 9 |2 7 33 6 20 12 35 24 50 ||42 3 41 8 10 |47 4 18 30 40 |45 |43 16 11 |21 14 22 |49 26 36 44 23 31 |37 32 34 |28 |
5225.89 58493.1
15 35 12 6 33 20 2 |7 38 46 39 29 5 |24 50 25 13 27 9 17 19 48 1 ||42 34 |28 |30 47 |16 18 44 40 |14 |11 43 31 |4 |26 |41 23 |8 10 22 3 |37 45 32 |36 21 |49 |
6013.38 50847.7
24 50 25 13 27 9 17 19 48 1 |15 35 12 20 6 33 7 2 |29 39 38 46 5 ||3 |32 23 |21 41 |11 47 |28 |43 22 |14 |26 18 16 31 |4 |44 40 |42 34 30 |8 10 |37 45 |36 |49 |
7654.54 48356.1

