Time:0
Last Iter:10
Last Update:10
Tabu:0
Last Time0
9
7 47 30 21 2 46 48 38 |16 31 25 37 26 43 18 11 |10 4 42 49 17 41 5 19 3 28 15 20 ||23 22 |50 ||24 27 8 12 40 35 |45 33 |32 1 39 14 36 6 13 |9 34 29 44 
4426.78 68299.2
30 19 41 5 11 47 |16 25 37 26 7 18 3 28 15 20 |17 49 42 4 10 46 2 48 38 ||24 8 |43 22 |13 45 6 |40 12 |29 |34 32 |27 50 1 31 |21 33 44 23 9 35 |14 36 |39 |
4955.32 59710
18 26 37 25 30 16 11 |17 49 42 4 10 2 46 48 38 |7 19 41 5 3 28 15 47 20 ||24 8 |43 22 |13 45 6 |40 12 |27 31 1 34 32 |50 ||33 44 23 9 |29 21 |39 14 36 35 |
5159.46 54965.2
18 26 37 25 30 16 38 |7 19 41 5 3 28 15 47 20 |17 49 42 4 10 2 46 48 11 ||24 8 |43 22 |13 45 6 |40 12 |29 1 34 32 |50 ||21 33 44 23 9 |27 |39 14 36 35 |31 |
5593.54 54148.2
46 10 4 42 49 17 11 |18 26 37 25 30 16 2 48 38 |7 19 41 5 3 28 15 47 20 ||24 8 |43 22 |13 45 6 |40 12 |29 1 34 32 |27 50 ||21 33 44 23 9 |36 |39 14 |35 |31 |
5644.23 52957.7
18 26 37 25 30 16 38 |7 19 41 5 3 28 15 47 20 |17 49 42 4 10 2 46 48 11 ||24 8 |43 22 |13 29 6 |40 12 |45 |1 34 32 |39 36 |21 33 44 23 9 |27 |14 |50 35 |31 |
5957.57 51320.4
18 26 37 25 30 16 38 |7 19 41 5 3 28 15 47 20 |17 49 42 4 10 2 46 48 11 ||24 8 |43 22 |36 |13 40 |6 |27 |31 34 21 |23 9 |39 |45 |35 44 12 |1 32 50 ||14 33 |29 |
6134.39 51222.2
18 26 37 25 30 16 38 |7 19 41 5 3 28 15 47 20 |17 49 42 4 10 2 46 48 11 ||24 8 |43 22 |13 45 6 |40 12 |31 |36 21 |1 34 32 |50 ||27 |33 |23 |9 44 |39 14 |29 35 |
6214.06 48615.9
18 26 37 25 30 16 38 |7 19 41 5 3 28 15 47 20 |17 49 42 4 10 2 46 48 11 ||1 8 |43 22 |31 36 6 |40 12 |50 ||29 |34 32 |27 |44 13 |21 33 |23 9 |39 24 |14 |35 |45 |
7890.5 48297

Time:1
Last Iter:10
Last Update:10
Tabu:0
Last Time1
8
37 25 31 1 16 30 15 11 |19 5 41 17 49 42 44 4 10 46 48 38 |2 28 3 8 7 18 50 26 47 20 ||21 36 |40 14 34 |13 23 12 43 |6 29 |33 45 35 22 27 |39 32 9 24 
4353.81 70323.4
7 18 26 30 38 2 46 48 |4 10 16 37 25 47 20 |15 28 3 19 5 41 17 49 42 11 ||6 33 |32 |13 21 36 29 40 |24 22 44 23 45 12 |39 43 50 ||34 1 31 14 27 |35 9 8 |
4508.17 64065.5
42 41 5 19 7 18 3 28 15 20 |16 30 25 37 26 47 2 48 38 |17 49 4 10 46 11 ||39 |40 23 35 22 |44 13 21 24 27 |34 36 6 29 45 |9 43 50 ||1 31 32 14 33 |12 8 
4568.09 63091.8
42 7 18 3 28 15 20 |19 5 41 17 49 4 10 2 48 |26 47 37 25 30 16 38 46 11 ||39 |40 23 35 22 |29 |21 36 34 |44 |24 |12 27 43 9 13 |45 33 6 14 1 31 |8 50 32 |
5277.89 61027.5
42 7 18 3 28 15 20 |19 5 41 17 49 4 10 2 48 |26 47 37 25 30 16 38 46 11 ||32 |40 23 35 |43 8 27 |44 |9 |21 50 ||24 6 36 1 34 |39 |31 |12 |29 14 22 |45 33 13 |
5523.2 56193.8
7 18 26 30 38 2 46 48 |4 10 16 37 25 47 20 |42 49 17 19 41 5 15 3 28 11 ||6 |35 21 39 |29 12 |33 |36 |24 1 34 |50 22 45 13 |9 27 43 |31 32 |44 |40 8 |23 14 |
6007.5 54932.6
11 42 49 17 41 5 19 3 28 15 |7 18 26 30 38 2 46 48 |4 10 16 37 25 47 20 ||6 13 |32 |40 23 35 |43 8 27 |44 |9 |21 50 ||12 29 33 22 |24 34 |45 |31 39 36 |1 |14 |
6223.5 49396.1
11 42 49 17 41 5 19 3 28 15 |7 18 26 30 38 2 46 48 |4 10 16 37 25 47 20 ||23 35 |21 39 |12 |29 |33 |13 36 |34 24 22 |44 |31 |45 |14 |43 40 |50 ||32 1 27 |9 |8 |6 |
8012.76 47789.4

Time:1
Last Iter:10
Last Update:10
Tabu:0
Last Time1
13
17 41 5 19 28 3 7 18 26 47 15 |49 42 38 16 30 20 |37 25 4 10 2 46 48 11 ||23 |9 8 |32 39 24 22 |35 44 40 12 27 43 50 ||34 1 36 |33 45 13 21 |29 6 14 31 
4649.23 73839.2
26 37 25 30 38 2 46 48 11 |42 49 17 41 5 19 7 18 20 |4 10 16 47 3 28 15 ||13 24 9 40 12 23 45 |36 14 |8 27 35 44 |6 29 33 1 31 |22 21 39 34 32 |43 50 
4735.61 65198
30 16 4 10 46 2 48 38 |42 49 17 19 5 41 11 20 |47 25 37 26 7 18 3 28 15 ||9 |40 12 23 45 |36 14 |8 27 24 35 44 |6 29 33 1 31 |39 34 32 22 13 21 |43 50 ||
4881.86 59686.4
10 4 42 49 17 19 5 41 11 |37 25 30 16 38 2 46 48 |47 26 7 18 3 28 15 20 ||6 21 14 |40 12 45 34 22 24 |8 |32 31 33 13 |36 |39 |29 |44 23 |35 9 27 43 50 ||1 |
5464.75 54750.1
10 4 42 49 17 19 5 41 11 |37 25 30 16 38 2 46 48 |47 26 7 18 3 28 15 20 ||6 9 14 |35 23 |34 31 |45 |21 36 39 1 50 22 |40 8 |33 29 |24 32 44 |12 |43 13 |27 |
5898.34 54694.9
10 4 42 49 17 19 5 41 11 |37 25 30 16 38 2 46 48 |47 26 7 18 3 28 15 20 ||32 6 12 13 |14 |34 24 |45 |22 |8 |21 36 39 |50 ||40 1 |33 29 |44 23 35 9 27 43 |31 |
5930.19 52347.9
10 4 42 49 17 19 5 41 11 |37 25 30 16 38 2 46 48 |47 26 7 18 3 28 15 20 ||45 |9 6 |24 |8 14 |12 |22 34 |21 |33 31 |36 39 1 |29 |35 40 44 |13 23 |43 50 ||27 32 |
5979.17 49211.7
10 4 42 49 17 19 5 41 11 |37 25 30 16 38 2 46 48 |47 26 7 18 3 28 15 20 ||12 |8 |9 |33 1 |36 |22 |50 ||39 31 14 21 6 |27 32 24 |13 |43 |35 |44 23 40 |29 45 |34 |
6776.03 47838.5
10 4 42 49 17 19 5 41 11 |37 25 30 16 38 2 46 48 |47 26 7 18 3 28 15 20 ||40 43 |34 |23 45 |6 27 |32 29 14 |12 24 |1 |21 36 |39 35 |31 |33 |13 |44 22 |8 |9 50 ||
7729.33 47577.9
10 4 42 49 17 19 5 41 11 |37 25 30 16 38 2 46 48 |47 26 7 18 3 28 15 20 ||35 23 |32 6 12 |27 |34 24 |45 14 22 |8 |21 |39 |36 |40 |1 |13 33 29 |44 |9 |50 43 |31 |
7924.52 47537.3
10 4 42 49 17 19 5 41 11 |37 25 30 16 38 2 46 48 |47 26 7 18 3 28 15 20 ||50 ||23 45 |35 |24 9 |27 43 |14 |36 22 |33 12 21 |34 39 |40 |31 |32 |13 |44 29 |1 |8 |6 |
8700.76 47426.1
10 4 42 49 17 19 5 41 11 |37 25 30 16 38 2 46 48 |47 26 7 18 3 28 15 20 ||50 ||40 |34 |23 |45 6 |27 43 |32 |39 14 |12 24 1 |36 |35 13 |29 31 |33 |44 22 |21 |8 |9 |
8765.59 46973
10 4 42 49 17 19 5 41 11 |37 25 30 16 38 2 46 48 |47 26 7 18 3 28 15 20 ||50 ||40 |34 |23 |45 6 |27 43 |32 |29 39 14 |12 24 1 |36 |35 13 |31 |33 |44 22 |21 |8 |9 |
8981.64 46583

Time:1
Last Iter:10
Last Update:10
Tabu:0
Last Time1
10
16 4 10 46 2 48 38 |19 28 26 37 25 30 47 15 20 |7 18 3 5 41 17 49 42 11 ||33 6 |50 8 22 13 21 |39 29 |43 9 23 27 24 |35 44 12 40 45 14 |32 34 1 31 36 
4549.17 65387.4
30 25 37 7 18 26 47 20 |38 49 17 41 5 19 3 28 15 11 |42 4 10 46 16 2 48 ||9 12 13 |44 |1 14 36 29 45 23 40 |6 21 39 34 32 24 |50 ||8 27 |31 |35 22 33 |43 
5324.65 59766.8
7 18 26 37 25 30 16 38 |49 17 41 5 19 3 28 15 47 20 |42 4 10 46 2 48 11 ||9 12 35 6 |40 13 |43 8 14 |44 |1 32 |24 |29 23 36 22 |33 39 34 31 |45 |50 27 |21 |
5431.57 53924.8
7 18 26 37 25 30 16 38 |49 17 41 5 19 3 28 15 47 20 |42 4 10 46 2 48 11 ||36 |6 |9 |40 1 |8 |12 |43 |14 13 35 32 24 |29 23 |22 |33 39 34 31 |44 45 |50 27 |21 |
6274.32 51519.4
7 18 26 37 25 30 16 38 |49 17 41 5 19 3 28 15 47 20 |42 4 10 46 2 48 11 ||6 |9 |40 8 |1 |12 43 |35 |14 13 |32 24 |29 23 22 36 |34 |33 |39 31 |50 27 |21 |44 45 
6582.72 50727.9
7 18 26 37 25 30 16 38 |49 17 41 5 19 3 28 15 47 20 |42 4 10 46 2 48 11 ||36 |6 |9 |40 13 |43 8 14 |35 |44 |1 32 |24 |29 23 12 22 |33 39 34 31 |45 |50 27 |21 |
6750.69 49764.7
7 18 26 37 25 30 16 38 |49 17 41 5 19 3 28 15 47 20 |42 4 10 46 2 48 11 ||36 |6 |9 |1 13 |8 43 14 |35 |34 |32 |24 |31 23 22 |12 |27 |44 40 45 |39 |29 50 ||21 33 |
6920.11 49633.6
7 18 26 37 25 30 16 38 |49 17 41 5 19 3 28 15 47 20 |42 4 10 46 2 48 11 ||50 39 34 |9 |36 1 |29 |12 |43 |31 |14 22 |6 21 45 |32 24 |40 33 |13 |23 35 |27 44 |8 |
6921.03 49148
42 4 10 46 2 48 11 |7 18 26 37 25 30 16 38 |49 17 41 5 19 3 28 15 47 20 ||14 21 |9 |29 |44 39 24 22 |43 50 ||45 13 |40 |12 |6 35 |34 32 |31 |33 |23 |27 1 |8 36 |
8182.64 48979
7 18 26 37 25 30 47 20 |16 10 46 2 48 38 11 |4 42 49 17 41 5 19 3 28 15 ||36 |44 |9 |40 1 |43 8 12 |32 35 |34 33 |24 |13 6 |14 |29 23 22 |45 |39 |27 50 ||31 21 |
8269.57 48519.6

Time:0
Last Iter:10
Last Update:10
Tabu:0
Last Time0
11
7 8 28 3 9 12 44 11 48 |16 34 30 25 37 18 50 26 27 47 20 |38 2 46 10 4 45 42 49 17 41 5 19 15 ||32 |43 24 13 33 |40 |35 23 6 29 |39 1 31 36 21 14 22 
4277.53 86884.4
5 41 17 49 42 4 39 16 34 38 |31 25 37 26 47 18 7 3 28 15 20 |19 30 14 2 10 46 48 11 ||43 |13 23 33 6 21 36 24 |32 1 |29 44 35 12 27 |50 ||45 8 9 40 22 
4763.53 84576.8
30 25 37 26 5 19 28 15 11 |10 4 42 49 17 41 3 20 |7 18 47 38 16 2 46 48 ||24 |9 |40 6 29 33 14 |39 1 |27 8 23 |32 34 21 13 22 43 |50 ||45 44 35 12 |36 31 |
4811.83 68136
7 19 41 5 11 9 3 28 15 |16 18 26 37 25 30 47 20 |17 49 42 4 10 46 2 48 38 ||31 34 |29 21 |33 14 32 22 |24 27 43 8 12 44 |35 6 36 1 |23 50 ||40 39 45 13 
4850.47 63280
7 18 3 28 27 38 13 11 |19 5 41 17 49 42 45 4 10 46 2 48 |16 30 25 37 26 47 15 20 ||31 34 |29 21 |33 14 32 22 |6 39 1 |23 40 12 |36 |35 9 8 |43 50 44 |24 
5006.93 60711.9
7 18 28 3 19 5 41 15 11 |16 26 37 25 30 47 20 |17 49 42 4 10 46 2 48 38 ||32 |43 24 13 33 36 14 |6 45 35 40 |27 8 23 22 |44 12 1 34 |9 |50 29 |39 21 |31 |
5412.3 59242.3
16 11 41 5 19 3 28 15 |7 18 26 37 25 30 47 20 |17 49 42 4 10 46 2 48 38 ||13 |29 45 |21 |33 14 32 22 |6 39 1 |23 40 12 |36 |31 43 9 44 35 |8 50 34 24 27 |
5450.69 52665.5
16 11 41 5 19 3 28 15 |7 18 26 37 25 30 47 20 |17 49 42 4 10 46 2 48 38 ||31 34 |29 21 |33 22 32 |14 |6 |39 1 |23 40 12 |36 |35 9 8 |43 50 44 |24 27 13 |45 
5772.86 50095.8
16 11 41 5 19 3 28 15 |7 18 26 37 25 30 47 20 |17 49 42 4 10 46 2 48 38 ||31 34 |29 21 |33 14 |6 32 22 |39 1 13 |23 40 12 |36 45 44 35 27 24 |43 9 |50 ||8 |
6721.4 49118.3
16 11 41 5 19 3 28 15 |7 18 26 37 25 30 47 20 |17 49 42 4 10 46 2 48 38 ||31 34 |29 21 |43 6 32 |35 |36 |23 |8 22 |33 14 39 24 |1 |12 13 |50 44 |27 9 |45 |40 |
7848.6 47950.9
16 11 41 5 19 3 28 15 |7 18 26 37 25 30 47 20 |17 49 42 4 10 46 2 48 38 ||31 34 |29 21 |33 43 32 14 |36 13 |40 |12 |23 |1 |6 45 22 |27 |44 35 |24 |9 |50 39 |8 |
7963.21 47321.6

Time:0
Last Iter:10
Last Update:10
Tabu:0
Last Time0
11
7 8 28 3 9 12 44 11 48 |16 34 30 25 37 18 50 26 27 47 20 |38 2 46 10 4 45 42 49 17 41 5 19 15 ||32 |43 24 13 33 |40 |35 23 6 29 |39 1 31 36 21 14 22 
4277.53 86884.4
5 41 17 49 42 4 39 16 34 38 |31 25 37 26 47 18 7 3 28 15 20 |19 30 14 2 10 46 48 11 ||43 |13 23 33 6 21 36 24 |32 1 |29 44 35 12 27 |50 ||45 8 9 40 22 
4763.53 84576.8
30 25 37 26 5 19 28 15 11 |10 4 42 49 17 41 3 20 |7 18 47 38 16 2 46 48 ||24 |9 |40 6 29 33 14 |39 1 |27 8 23 |32 34 21 13 22 43 |50 ||45 44 35 12 |36 31 |
4811.83 68136
7 19 41 5 11 9 3 28 15 |16 18 26 37 25 30 47 20 |17 49 42 4 10 46 2 48 38 ||31 34 |29 21 |33 14 32 22 |24 27 43 8 12 44 |35 6 36 1 |23 50 ||40 39 45 13 
4850.47 63280
7 18 3 28 27 38 13 11 |19 5 41 17 49 42 45 4 10 46 2 48 |16 30 25 37 26 47 15 20 ||31 34 |29 21 |33 14 32 22 |6 39 1 |23 40 12 |36 |35 9 8 |43 50 44 |24 
5006.93 60711.9
7 18 28 3 19 5 41 15 11 |16 26 37 25 30 47 20 |17 49 42 4 10 46 2 48 38 ||32 |43 24 13 33 36 14 |6 45 35 40 |27 8 23 22 |44 12 1 34 |9 |50 29 |39 21 |31 |
5412.3 59242.3
16 11 41 5 19 3 28 15 |7 18 26 37 25 30 47 20 |17 49 42 4 10 46 2 48 38 ||13 |29 45 |21 |33 14 32 22 |6 39 1 |23 40 12 |36 |31 43 9 44 35 |8 50 34 24 27 |
5450.69 52665.5
16 11 41 5 19 3 28 15 |7 18 26 37 25 30 47 20 |17 49 42 4 10 46 2 48 38 ||31 34 |29 21 |33 22 32 |14 |6 |39 1 |23 40 12 |36 |35 9 8 |43 50 44 |24 27 13 |45 
5772.86 50095.8
16 11 41 5 19 3 28 15 |7 18 26 37 25 30 47 20 |17 49 42 4 10 46 2 48 38 ||31 34 |29 21 |33 14 |6 32 22 |39 1 13 |23 40 12 |36 45 44 35 27 24 |43 9 |50 ||8 |
6721.4 49118.3
16 11 41 5 19 3 28 15 |7 18 26 37 25 30 47 20 |17 49 42 4 10 46 2 48 38 ||31 34 |29 21 |43 6 32 |35 |36 |23 |8 22 |33 14 39 24 |1 |12 13 |50 44 |27 9 |45 |40 |
7848.6 47950.9
16 11 41 5 19 3 28 15 |7 18 26 37 25 30 47 20 |17 49 42 4 10 46 2 48 38 ||31 34 |29 21 |33 43 32 14 |36 13 |40 |12 |23 |1 |6 45 22 |27 |44 35 |24 |9 |50 39 |8 |
7963.21 47321.6

Time:1
Last Iter:10
Last Update:10
Tabu:0
Last Time1
10
37 25 30 16 2 46 48 38 |11 7 8 18 26 47 24 28 3 9 |10 4 42 49 17 41 5 19 15 20 ||34 6 |27 |22 |32 |50 43 |14 39 1 31 35 |44 12 |36 29 33 45 23 13 |40 |21 |
4293.23 63318.5
37 25 30 16 2 46 48 38 |11 7 8 18 26 47 24 20 |10 4 42 49 17 41 5 19 9 3 28 15 ||50 ||32 43 22 27 |14 39 1 31 35 |44 34 |36 29 33 45 23 13 |40 12 |21 6 |
4562.18 57570
37 25 30 16 2 46 48 38 |11 7 8 18 26 47 24 20 |10 4 42 49 17 41 5 19 9 3 28 15 ||50 ||32 22 |27 43 |14 39 1 31 35 |44 12 |36 29 33 45 23 13 |40 34 |21 6 |
5403.24 56300.2
16 10 46 2 38 48 11 |7 18 30 25 37 26 47 |4 42 49 17 41 5 19 3 28 15 20 ||34 6 |27 |31 8 |43 |12 |14 39 1 |24 |32 50 ||35 22 |36 29 33 45 23 13 |40 |21 |44 9 
5709.49 50598.5
16 10 46 2 38 48 11 |7 18 30 25 37 26 47 |4 42 49 17 41 5 19 3 28 15 20 ||34 |24 |31 8 |43 27 |12 |14 39 1 |32 50 ||35 22 |36 29 33 45 23 13 |40 |21 6 |44 9 
5762.28 50286.3
16 10 46 2 38 48 11 |7 18 30 25 37 26 47 |4 42 49 17 41 5 19 3 28 15 20 ||34 |24 |31 1 |43 39 14 32 |12 |29 |36 |6 33 45 13 |23 |44 |35 22 27 |8 50 ||21 40 |9 
6070.52 49363.9
16 10 46 2 38 48 11 |7 18 30 25 37 26 47 |4 42 49 17 41 5 19 3 28 15 20 ||34 6 |27 |31 8 |43 |12 |14 39 1 |24 |32 50 ||35 22 |36 29 33 |45 23 13 |40 |21 |44 9 
6294.58 48893.6
16 10 46 2 38 48 11 |7 18 30 25 37 26 47 |4 42 49 17 41 5 19 3 28 15 20 ||34 |1 |31 36 |43 27 |12 |14 39 |33 6 24 |29 35 |8 |13 |44 45 |32 23 |22 9 40 |21 |50 |
6746.54 48796.6
16 10 46 2 48 38 11 |7 18 30 25 37 26 47 |4 42 49 17 41 5 19 3 28 15 20 ||34 6 |31 |44 |43 27 |12 |14 39 |8 |24 |29 32 |45 13 |33 |1 36 |23 22 |35 50 ||21 40 |9 
6956.6 47962.8
16 10 46 2 38 48 11 |7 18 30 25 37 26 47 |4 42 49 17 41 5 19 3 28 15 20 ||34 |27 |43 14 |39 |29 |12 |1 |6 |36 |35 |31 33 |23 |13 |44 45 |32 22 24 |8 50 ||40 21 |9 
7031.7 47349.1

Time:1
Last Iter:10
Last Update:10
Tabu:0
Last Time1
9
8 7 50 18 38 2 46 48 |4 42 49 17 19 12 41 5 3 28 15 11 |10 39 16 30 25 37 26 47 20 ||40 |29 |33 |13 14 |44 23 9 32 34 1 |21 6 36 31 |43 35 45 27 22 24 
4964.29 72078.7
38 10 4 42 17 41 5 11 22 |2 48 46 49 19 3 28 15 |16 30 25 37 26 7 18 47 20 ||40 |32 31 |39 1 34 |8 |23 6 24 27 13 |45 44 14 36 |9 35 29 33 |43 50 21 12 
5046.71 66460.2
19 5 41 17 49 42 4 10 11 |37 25 30 16 38 2 46 48 |47 26 7 18 3 28 15 20 ||45 |34 31 |12 40 |36 14 1 24 |21 27 13 44 35 |6 43 9 8 |39 29 |33 22 50 32 |23 |
5410.41 57901.4
10 2 38 48 16 46 11 |7 18 26 37 25 30 47 20 |4 42 49 17 41 5 19 3 28 15 ||8 50 ||6 29 |43 27 |39 31 22 |40 12 23 13 14 |33 44 |35 |9 |21 32 |45 24 |34 1 |36 |
5557.49 50416.9
47 16 10 46 2 48 11 |7 18 26 37 25 30 38 20 |4 42 49 17 19 41 5 3 28 15 ||29 32 |34 31 50 ||9 |40 23 |6 14 |12 |8 |43 27 13 44 |21 36 39 |22 |33 35 |1 |24 |45 |
7359.54 50361.2
47 16 10 46 2 48 11 |7 18 26 37 25 30 38 20 |4 42 49 17 41 5 19 3 28 15 ||40 13 |32 27 |50 ||6 29 43 22 |39 31 |12 |8 |23 14 1 |33 44 |35 |9 |34 36 21 |24 |45 |
7420.35 49087.2
37 25 30 16 38 2 46 48 |47 26 7 18 3 28 15 20 |10 4 42 49 17 19 41 5 11 ||50 ||6 29 |43 27 |40 |22 12 |39 |31 |8 |23 13 14 1 |33 44 |35 |9 |32 |34 36 21 |24 |45 |
7674.38 47964.6
37 25 30 16 38 2 46 48 |47 26 7 18 3 28 15 20 |10 4 42 49 17 19 41 5 11 ||34 31 |23 29 |40 |8 13 |1 36 |45 44 |6 |22 |39 24 35 |33 21 |9 |14 |27 32 |43 |50 12 |
8576.5 47740.3
37 25 30 16 38 2 46 48 |47 26 7 18 3 28 15 20 |10 4 42 49 17 19 41 5 11 ||8 50 ||6 29 |43 27 |40 32 |44 12 |39 |36 |31 34 1 14 22 |33 |24 |13 35 |9 |21 |45 23 |
10830.9 46636.4

Time:1
Last Iter:10
Last Update:10
Tabu:0
Last Time1
18
7 16 2 46 48 11 |42 49 17 41 5 19 18 47 30 38 |4 10 25 37 26 3 28 15 20 ||36 39 1 31 22 |12 45 29 |13 23 40 33 6 21 14 |27 50 8 |34 |24 32 9 43 |35 |44 
4645.06 73005.5
16 4 42 49 17 41 11 |5 46 2 48 38 30 25 37 26 47 20 |10 19 7 18 3 28 15 ||44 23 40 13 33 |22 50 9 12 |8 |14 |43 24 |29 |35 45 6 21 36 39 1 34 |27 31 |32 
4823.14 69788.2
7 18 26 37 25 30 47 20 |16 4 10 46 2 48 38 |11 42 49 17 41 5 19 3 28 15 ||36 39 1 31 22 |12 45 29 |13 23 40 33 6 21 14 |27 50 8 34 |43 24 32 |44 35 |9 |
4857.61 55969.1
38 16 30 25 37 26 18 47 20 |7 11 10 46 2 48 |4 42 49 17 41 5 19 3 28 15 ||44 23 45 13 |50 9 12 35 |34 31 |39 36 29 21 14 |33 |8 40 |1 6 43 22 24 |27 32 |
5269.13 53991
16 4 10 46 2 48 38 |11 42 49 17 41 5 19 3 28 15 |7 18 26 37 25 30 47 20 ||32 12 40 6 |9 |44 |21 13 |29 45 23 35 |22 |14 34 50 ||33 36 39 1 43 |8 27 31 |24 |
5320.35 53975.2
16 4 10 46 2 48 38 |11 42 49 17 41 5 19 3 28 15 |7 18 26 37 25 30 47 20 ||43 8 9 |24 |44 |27 22 35 23 45 13 |6 |12 21 14 1 39 |40 33 |50 36 |34 31 32 |29 |
5545.86 51768.9
16 4 10 46 2 48 38 |11 42 49 17 41 5 19 3 28 15 |7 18 26 37 25 30 47 20 ||43 8 9 |24 |44 |27 22 35 23 45 13 |6 |12 21 14 |33 |39 40 |1 50 36 |34 31 32 |29 |
5622.48 51086.4
16 4 10 46 2 48 38 |11 42 49 17 41 5 19 3 28 15 |7 18 26 37 25 30 47 20 ||43 8 9 |24 |44 35 |21 13 |27 |39 |29 23 40 33 |12 14 22 |45 6 |1 50 36 |34 31 32 |
5727.26 50237.7
16 4 10 46 2 48 38 |11 42 49 17 41 5 19 3 28 15 |7 18 26 37 25 30 47 20 ||43 8 9 |24 |44 |27 22 35 23 45 13 |6 |12 21 |14 33 |39 40 |50 36 |1 |34 31 32 |29 |
5969.75 49795.9
16 4 10 46 2 48 38 |11 42 49 17 41 5 19 3 28 15 |7 18 26 37 25 30 47 20 ||43 8 9 |24 |44 35 |21 13 |36 |39 |29 23 40 33 |12 14 34 |50 ||45 6 1 22 |27 |31 32 |
6019.43 49737.1
16 4 10 46 2 48 38 |11 42 49 17 41 5 19 3 28 15 |7 18 26 37 25 30 47 20 ||43 8 9 |21 |29 44 |27 |35 23 45 13 |12 24 14 |33 |39 40 |6 |1 50 32 |34 31 36 22 |
6139.37 49438.5
16 4 10 46 2 48 38 |11 42 49 17 41 5 19 3 28 15 |7 18 26 37 25 30 47 20 ||43 8 9 |24 |44 35 |21 13 |33 45 |23 12 14 27 22 |6 50 ||39 36 |1 |40 |34 31 32 |29 |
6236.42 47936.8
16 4 10 46 2 48 38 |11 42 49 17 41 5 19 3 28 15 |7 18 26 37 25 30 47 20 ||43 8 9 |24 |44 35 |21 13 |36 33 14 |29 23 40 |12 |34 |50 ||39 |6 1 27 |32 45 22 |31 |
6241.17 47013
38 16 4 10 46 2 48 |11 42 49 17 41 5 19 3 28 15 |7 18 26 37 25 30 47 20 ||43 8 9 |24 |44 35 |21 13 |36 |39 |29 |23 |33 |12 |14 |34 |27 |1 6 |50 40 45 22 |32 31 |
6299.31 46733.4
16 4 10 46 2 48 38 |11 42 49 17 41 5 19 3 28 15 |7 18 26 37 25 30 47 20 ||8 43 |21 |29 44 |27 |35 23 45 13 |9 |12 24 14 |33 |39 40 |6 |36 |1 |50 ||34 31 32 |22 |
6622.67 45925.9
16 4 10 46 2 48 38 |11 42 49 17 41 5 19 3 28 15 |7 18 26 37 25 30 47 20 ||43 8 9 |24 |6 21 |39 |27 22 |23 14 13 35 |50 ||29 |44 45 |33 36 |1 |40 |34 31 32 |12 |
6792.99 45730.3
16 4 10 46 2 48 38 |11 42 49 17 41 5 19 3 28 15 |7 18 26 37 25 30 47 20 ||23 44 40 13 |33 |43 |8 |9 35 |45 14 |34 39 |29 |24 12 |27 |6 21 36 |1 |50 22 |31 32 |
7389.12 45428.2
16 4 10 46 2 48 38 |11 42 49 17 41 5 19 3 28 15 |7 18 26 37 25 30 47 20 ||23 43 9 13 |33 |12 |44 40 |35 |6 |8 |39 |50 ||14 |29 24 |34 |27 |45 |21 36 |1 |22 |31 32 |
9860.2 44810.4

Time:0
Last Iter:10
Last Update:10
Tabu:0
Last Time0
9
19 5 41 17 49 42 6 10 46 48 |16 30 47 2 33 4 13 11 |38 25 37 26 7 18 3 28 15 20 ||45 |35 44 23 |29 21 14 1 31 24 |40 12 |9 22 32 39 |50 ||36 34 27 43 8 
4590.08 68366.6
18 26 37 25 30 16 21 46 48 |17 49 42 4 10 2 38 11 |47 7 19 41 5 3 28 15 20 ||6 33 12 9 27 |50 ||13 44 40 29 |31 39 34 32 35 |14 24 45 23 |36 1 |22 43 8 
5152.55 64389.2
17 41 5 19 7 18 3 28 15 11 |49 42 4 10 46 48 2 38 |16 37 30 25 26 47 20 ||14 |21 |6 33 12 9 27 |50 ||13 44 40 29 |31 39 34 32 35 |24 45 23 |36 1 |22 43 8 
5206.54 60877.9
16 30 25 37 26 47 20 |17 41 5 19 7 18 3 28 15 11 |49 42 4 10 46 48 2 38 ||50 ||24 |44 13 12 22 |9 |23 40 8 27 |1 33 29 6 |45 |43 32 34 14 21 39 |31 |36 |35 |
5613.75 56271.9
18 26 37 25 30 16 21 46 48 |17 49 42 4 10 2 38 11 |47 7 19 41 5 3 28 15 20 ||50 ||32 |6 33 |27 |45 |9 |12 44 13 40 |14 24 |8 31 |29 |43 35 23 22 |36 39 1 34 |
5935.9 54869.4
16 26 37 25 30 47 20 |17 41 5 19 7 18 3 28 15 11 |49 42 4 10 46 2 48 38 ||21 |50 ||13 |44 32 24 22 |9 |23 40 8 27 |33 29 6 |45 |31 |34 |1 |12 |43 36 35 |14 39 
7254.06 51945.1
16 26 37 25 30 47 20 |17 41 5 19 7 18 3 28 15 11 |49 42 4 10 46 2 48 38 ||21 |50 ||13 |44 32 24 22 |9 |23 40 8 27 |1 33 29 6 |45 |31 |34 |12 |43 |36 35 |14 39 
7474.14 51516.6
17 41 5 19 7 18 3 28 15 11 |49 42 4 10 46 48 2 38 |16 30 25 37 26 47 20 ||21 |9 |40 1 31 |14 |50 43 13 |33 22 |29 39 6 |32 |44 |8 34 |23 |12 27 24 |36 |45 35 |
7850.94 51349.1
16 26 37 25 30 47 20 |17 41 5 19 7 18 3 28 15 11 |49 42 4 10 46 2 48 38 ||21 |50 ||13 |44 32 24 22 |23 |40 9 |8 27 |1 33 29 6 |45 |31 |34 |12 |43 |36 35 |14 39 
7952.54 49660.7

Time:0
Last Iter:10
Last Update:10
Tabu:0
Last Time0
9
19 5 41 17 49 42 6 10 46 48 |16 30 47 2 33 4 13 11 |38 25 37 26 7 18 3 28 15 20 ||45 |35 44 23 |29 21 14 1 31 24 |40 12 |9 22 32 39 |50 ||36 34 27 43 8 
4590.08 68366.6
18 26 37 25 30 16 21 46 48 |17 49 42 4 10 2 38 11 |47 7 19 41 5 3 28 15 20 ||6 33 12 9 27 |50 ||13 44 40 29 |31 39 34 32 35 |14 24 45 23 |36 1 |22 43 8 
5152.55 64389.2
17 41 5 19 7 18 3 28 15 11 |49 42 4 10 46 48 2 38 |16 37 30 25 26 47 20 ||14 |21 |6 33 12 9 27 |50 ||13 44 40 29 |31 39 34 32 35 |24 45 23 |36 1 |22 43 8 
5206.54 60877.9
16 30 25 37 26 47 20 |17 41 5 19 7 18 3 28 15 11 |49 42 4 10 46 48 2 38 ||50 ||24 |44 13 12 22 |9 |23 40 8 27 |1 33 29 6 |45 |43 32 34 14 21 39 |31 |36 |35 |
5613.75 56271.9
18 26 37 25 30 16 21 46 48 |17 49 42 4 10 2 38 11 |47 7 19 41 5 3 28 15 20 ||50 ||32 |6 33 |27 |45 |9 |12 44 13 40 |14 24 |8 31 |29 |43 35 23 22 |36 39 1 34 |
5935.9 54869.4
16 26 37 25 30 47 20 |17 41 5 19 7 18 3 28 15 11 |49 42 4 10 46 2 48 38 ||21 |50 ||13 |44 32 24 22 |9 |23 40 8 27 |33 29 6 |45 |31 |34 |1 |12 |43 36 35 |14 39 
7254.06 51945.1
16 26 37 25 30 47 20 |17 41 5 19 7 18 3 28 15 11 |49 42 4 10 46 2 48 38 ||21 |50 ||13 |44 32 24 22 |9 |23 40 8 27 |1 33 29 6 |45 |31 |34 |12 |43 |36 35 |14 39 
7474.14 51516.6
17 41 5 19 7 18 3 28 15 11 |49 42 4 10 46 48 2 38 |16 30 25 37 26 47 20 ||21 |9 |40 1 31 |14 |50 43 13 |33 22 |29 39 6 |32 |44 |8 34 |23 |12 27 24 |36 |45 35 |
7850.94 51349.1
16 26 37 25 30 47 20 |17 41 5 19 7 18 3 28 15 11 |49 42 4 10 46 2 48 38 ||21 |50 ||13 |44 32 24 22 |23 |40 9 |8 27 |1 33 29 6 |45 |31 |34 |12 |43 |36 35 |14 39 
7952.54 49660.7

