Time:1
Last Iter:10
Last Update:10
Tabu:0
Last Time1
10
32 15 7 33 39 8 21 23 44 14 4 19 47 |45 5 6 41 12 1 27 11 29 |26 48 30 18 38 42 50 37 43 17 28 ||34 |22 3 31 13 20 |49 36 35 10 9 |16 25 40 24 |46 2 
4680.04 85099.6
6 41 12 1 7 32 15 27 11 29 |33 8 18 30 48 26 23 14 44 21 4 19 47 |38 42 45 50 37 5 43 17 28 ||39 34 |20 |16 46 36 |24 3 22 25 9 10 |31 |13 2 49 |35 40 
4844.01 70618.7
6 41 12 1 7 32 15 27 11 29 |33 8 18 30 48 26 23 14 44 21 4 19 47 |38 42 45 50 37 5 43 17 28 ||2 |20 |39 34 13 |16 31 |24 3 |25 9 10 |46 |36 |49 40 22 |35 
4855.16 69111.1
6 41 12 1 7 32 15 27 11 29 |33 8 18 30 48 26 23 14 44 21 4 19 47 |38 42 45 50 37 5 43 17 28 ||34 35 |22 3 |13 49 |36 31 |16 9 10 25 |24 39 |46 |40 2 20 |
4863.87 68861.8
6 41 12 1 7 32 15 27 11 29 |33 8 18 30 48 26 23 14 44 21 4 19 47 |38 42 45 50 37 5 43 17 28 ||2 |20 39 34 |13 |16 31 |36 |24 3 25 9 10 |46 |49 |22 |35 40 
5021.43 68824.5
6 41 12 1 7 32 15 27 11 29 |33 8 18 30 48 26 23 14 44 21 4 19 47 |38 42 45 50 37 5 43 17 28 ||20 |39 13 36 |16 |25 10 |3 |22 |34 9 |35 |24 |46 40 |31 2 49 |
5040.28 68446.6
6 41 12 1 7 32 15 27 11 29 |33 8 18 30 48 26 23 14 44 21 4 19 47 |38 42 45 50 37 5 43 17 28 ||2 |20 |36 |13 25 |10 16 |24 3 |9 |35 |34 |46 39 |31 22 40 |49 |
5417.26 67461.6
6 41 12 1 7 32 15 27 11 29 |33 8 18 30 48 26 23 14 44 21 4 19 47 |38 42 45 50 37 5 43 17 28 ||2 |20 |39 |36 49 |25 10 16 |24 3 |9 |34 22 |35 |46 13 31 |40 |
6055.74 67100.7
6 41 12 1 7 32 15 27 11 29 |33 8 18 30 48 26 23 14 44 21 4 19 47 |38 42 45 50 37 5 43 17 28 ||2 |20 |39 13 |36 |22 10 16 |3 |34 25 |35 9 |46 49 |24 40 31 |
6449.13 67083.3
6 41 12 1 7 32 15 27 11 29 |33 8 18 30 48 26 23 14 44 21 4 19 47 |38 42 45 50 37 5 43 17 28 ||49 36 |2 |9 |25 |16 |20 13 |35 10 34 |3 39 |40 22 |24 31 |46 |
8048.55 66825.2

Time:1
Last Iter:10
Last Update:10
Tabu:0
Last Time1
6
45 42 50 43 37 5 6 41 27 11 29 |38 18 30 48 26 23 14 44 21 4 19 47 |12 1 15 32 7 33 8 17 28 ||39 |13 22 |34 16 9 10 25 |20 |46 35 |49 |36 |24 |31 |40 3 |2 
4247.07 64808.8
45 42 50 43 37 5 6 41 27 11 29 |38 18 30 48 26 23 14 44 21 4 19 47 |12 1 15 32 7 33 8 17 28 ||39 |13 22 |34 16 9 10 |25 31 |20 46 49 |35 |2 |24 36 |3 |40 
4740.06 64173.6
45 42 50 43 37 5 6 41 27 11 29 |38 18 30 48 26 23 14 44 21 4 19 47 |12 1 15 32 7 33 8 17 28 ||35 39 |13 2 |34 16 |25 |46 20 49 |3 |10 |9 |22 |24 |36 |31 |40 
4785.4 63289.5
45 42 50 43 37 5 6 41 27 11 29 |38 18 30 48 26 23 14 44 21 4 19 47 |12 1 15 32 7 33 8 17 28 ||25 |13 9 |34 16 |39 2 |46 20 49 |3 |10 |35 |22 |24 |36 |40 31 |
4999.88 63161.3
45 42 50 43 37 5 6 41 27 11 29 |38 18 30 48 26 23 14 44 21 4 19 47 |12 1 15 32 7 33 8 17 28 ||39 |13 22 |34 16 |35 25 |46 20 49 |3 |10 |9 |2 |24 |36 |31 |40 
5003.79 62916.3
45 42 50 43 37 5 6 41 27 11 29 |38 18 30 48 26 23 14 44 21 4 19 47 |12 1 15 32 7 33 8 17 28 ||9 |2 |13 |34 16 |39 25 |46 20 49 |3 |10 |35 |22 |31 |36 |24 |40 |
5497.9 62844.4

Time:1
Last Iter:10
Last Update:10
Tabu:0
Last Time1
7
19 15 27 1 12 41 6 11 29 17 28 |26 23 14 44 21 4 2 39 8 33 7 32 47 |48 30 18 38 42 45 50 37 5 43 ||10 9 |49 20 34 36 24 3 |13 31 40 |16 46 22 |25 35 
4491.78 88090.7
32 8 33 7 15 27 1 12 41 6 34 29 11 |42 45 50 37 5 43 4 19 47 |38 18 30 48 26 23 44 14 21 17 28 ||36 |20 |3 |40 |10 |16 9 49 39 |2 |35 24 46 31 |22 25 13 
4573.79 81550.4
6 41 12 1 15 7 33 8 24 21 4 19 47 |26 48 18 38 42 45 50 37 5 43 17 28 |30 23 44 14 32 27 11 29 ||22 |40 |46 2 3 |25 34 39 31 36 |49 20 |13 |35 |10 9 16 
4673.59 78491.9
32 8 33 7 15 27 1 12 41 6 34 29 11 |42 45 50 37 5 43 17 28 |38 18 30 48 26 23 44 14 21 4 19 47 ||13 |25 2 |10 |16 9 49 39 |40 |35 24 46 20 36 31 |22 3 
4925.93 71169.5
38 18 30 48 26 23 44 14 21 4 19 47 |27 11 29 37 5 43 50 45 42 17 28 |6 41 12 1 15 32 7 33 8 ||36 10 |49 |40 |2 34 |3 13 31 |16 9 |39 |35 |24 |46 20 22 |25 
5081.14 62421.5
38 18 30 48 26 23 44 14 21 4 19 47 |27 11 29 37 5 43 50 45 42 17 28 |6 41 12 1 15 32 7 33 8 ||10 36 |49 |40 24 |2 |34 |3 13 31 |16 9 |39 |46 |22 |35 |20 |25 
5358.22 60671.8
38 18 30 48 26 23 44 14 21 4 19 47 |27 11 29 37 5 43 50 45 42 17 28 |6 41 12 1 15 32 7 33 8 ||16 |13 |34 |49 |2 |24 |31 |46 10 |40 |22 |35 |20 36 |9 |39 3 |25 
6220.49 60437.4

Time:1
Last Iter:10
Last Update:10
Tabu:0
Last Time1
5
14 44 23 26 48 30 18 38 42 50 45 17 28 |43 29 15 32 7 33 8 21 4 19 47 |37 5 6 41 12 1 27 11 ||2 31 |10 20 |49 34 36 |16 |46 |39 25 9 22 |35 40 |13 3 24 |
4436.75 74024.4
14 44 23 26 48 30 18 38 42 50 45 17 28 |43 29 15 32 7 33 8 21 4 19 47 |37 5 6 41 12 1 27 11 ||2 |46 |39 |22 |9 36 |25 13 |35 40 |49 |3 |24 34 |31 |16 |10 20 
5310.18 71193.7
14 44 23 26 48 30 18 38 42 50 45 17 28 |43 29 15 32 7 33 8 21 4 19 47 |37 5 6 41 12 1 27 11 ||3 |46 10 |39 |9 13 |31 |16 34 36 |49 |35 25 |22 |2 |40 |24 |20 
5838.86 71036.7
14 44 23 26 48 30 18 38 42 50 45 17 28 |12 41 6 37 5 43 29 11 |27 1 15 32 7 33 8 21 4 19 47 ||31 2 |22 16 |9 36 |46 13 |39 40 |49 |25 |35 34 |3 |24 |10 20 
6229.21 70818.1
14 44 23 26 48 30 18 38 42 50 45 17 28 |43 29 15 32 7 33 8 21 4 19 47 |37 5 6 41 12 1 27 11 ||22 |9 |31 |2 |46 34 |36 |49 |39 |25 |35 10 16 |24 |40 |13 20 |3 
7350.1 70391.2

Time:1
Last Iter:10
Last Update:10
Tabu:0
Last Time1
10
32 42 45 50 37 5 43 17 28 |38 18 30 48 26 23 14 44 21 4 19 47 |8 33 7 15 27 1 12 41 6 29 11 ||9 |22 46 |2 24 36 |31 49 |25 35 13 34 |40 3 10 16 20 |39 
4135.5 69585.6
32 42 45 50 37 5 43 17 28 |38 18 30 48 26 23 14 44 21 4 19 47 |8 33 7 15 27 1 12 41 6 29 11 ||46 22 |2 24 36 |31 49 |25 35 13 34 |9 |40 3 10 16 20 |39 
4436.58 69127
32 42 45 50 37 5 43 17 28 |38 18 30 48 26 23 14 44 21 4 19 47 |8 33 7 15 27 1 12 41 6 29 11 ||24 |46 10 |22 9 |31 34 |49 35 13 36 |2 |39 40 3 25 16 |20 |
4449.47 67297
32 42 45 50 37 5 43 17 28 |38 18 30 48 26 23 14 44 21 4 19 47 |8 33 7 15 27 1 12 41 6 29 11 ||46 22 |2 |36 49 |31 20 |13 35 24 |9 |25 |34 40 3 10 16 |39 
4650.76 67114.2
32 42 45 50 37 5 43 17 28 |38 18 30 48 26 23 14 44 21 4 19 47 |8 33 7 15 27 1 12 41 6 29 11 ||49 25 |20 46 9 34 31 |22 |35 13 24 2 |40 |3 10 16 36 |39 
4952.46 66926.5
32 42 45 50 37 5 43 17 28 |38 18 30 48 26 23 14 44 21 4 19 47 |8 33 7 15 27 1 12 41 6 29 11 ||10 49 |9 22 36 |34 |46 |35 13 24 2 |25 |20 |40 3 16 31 |39 
5109.57 64779.3
32 42 45 50 37 5 43 17 28 |38 18 30 48 26 23 14 44 21 4 19 47 |8 33 7 15 27 1 12 41 6 29 11 ||10 24 |9 |35 |34 16 |46 |13 3 |20 49 36 22 |2 |39 |25 31 |40 
5156.4 63245.8
32 42 45 50 37 5 43 17 28 |38 18 30 48 26 23 14 44 21 4 19 47 |8 33 7 15 27 1 12 41 6 29 11 ||34 |3 22 31 |16 46 |36 49 |35 |24 |20 10 |40 |39 13 |25 |9 2 
5251.67 63179.7
32 42 45 50 37 5 43 17 28 |38 18 30 48 26 23 14 44 21 4 19 47 |8 33 7 15 27 1 12 41 6 29 11 ||34 |3 22 31 |16 |49 46 |35 |24 |20 10 |36 |40 |39 13 |25 |9 2 
5526.76 61920.9
32 42 45 50 37 5 43 17 28 |38 18 30 48 26 23 14 44 21 4 19 47 |8 33 7 15 27 1 12 41 6 29 11 ||34 |10 |3 22 31 |16 49 |35 |24 |20 |46 36 |40 |39 13 |25 |9 2 
5695.79 61704

Time:1
Last Iter:10
Last Update:10
Tabu:0
Last Time1
6
32 23 26 48 30 18 14 44 21 4 19 47 |8 33 7 15 27 1 12 41 6 17 28 |38 42 45 50 43 37 5 29 11 ||22 |20 |24 39 2 40 |25 13 49 46 31 |10 9 |16 |35 |36 |3 |34 
4358.74 74176.8
32 23 26 48 30 18 14 44 21 4 19 47 |8 33 7 15 27 1 12 41 6 17 28 |38 42 45 50 43 37 5 29 11 ||16 |20 |24 39 |40 |9 25 13 49 46 |2 |10 31 22 |36 |3 |35 34 
4771.13 73434.2
12 41 6 5 37 43 50 45 42 17 28 |21 4 8 33 7 32 15 1 27 11 29 |38 18 30 48 26 35 23 44 14 19 47 ||34 20 |24 39 |40 |36 46 22 13 3 |49 |16 10 |9 |25 2 31 |
4957.92 70034.6
12 41 6 5 37 43 50 45 42 17 28 |21 4 8 33 7 32 15 1 27 11 29 |38 18 30 48 26 35 23 44 14 19 47 ||34 20 |24 39 |40 |36 46 22 13 |49 |3 16 |9 10 |25 2 31 |
5024.04 69106.8
11 29 5 37 43 42 50 45 17 28 |38 30 26 48 18 3 14 23 44 21 4 19 |6 41 12 1 27 15 32 7 33 8 47 ||13 40 |10 |20 |39 35 |31 |25 16 |34 |36 |24 |9 2 |22 46 |49 
5454.57 68395.2
12 41 6 5 37 43 50 45 42 17 28 |21 4 8 33 7 32 15 1 27 11 29 |38 18 30 48 26 35 23 44 14 19 47 ||25 |40 |3 10 34 |16 22 |46 49 31 13 |20 |9 36 |39 |2 24 |
7374 67659

Time:1
Last Iter:10
Last Update:10
Tabu:0
Last Time1
4
1 46 7 33 8 32 15 27 11 29 |45 38 18 30 48 26 23 14 44 21 4 19 47 |12 41 6 5 37 43 50 42 17 28 ||16 |20 49 |40 |24 2 |36 39 3 |22 10 |31 9 |13 35 |25 |34 
4577.51 69814.2
1 46 7 33 8 32 15 27 11 29 |45 38 18 30 48 26 23 14 44 21 4 19 47 |12 41 6 5 37 43 50 42 17 28 ||36 16 |20 49 |9 |2 24 |3 |22 10 |31 40 |13 35 |39 |25 |34 
5242.04 68817.4
50 45 42 30 48 26 23 14 44 21 4 19 47 |38 18 8 33 7 32 15 27 11 29 |1 12 41 6 5 37 43 17 28 ||9 25 10 |20 49 |40 |24 13 |34 2 |3 46 16 |36 |39 |22 31 |35 |
6586.25 68719.3
50 45 42 30 48 26 23 14 44 21 4 19 47 |38 18 8 33 7 32 15 27 11 29 |1 12 41 6 5 37 43 17 28 ||9 36 |31 |46 |49 20 34 16 |22 |13 3 |39 40 |10 |2 25 |35 24 |
7750.17 68493.4

Time:1
Last Iter:10
Last Update:10
Tabu:0
Last Time1
5
17 38 42 50 45 43 37 5 29 28 |8 33 7 32 15 1 12 41 6 27 11 |30 23 26 48 18 14 44 21 4 19 47 ||25 |31 |40 35 |16 20 |49 2 |10 34 36 |39 |46 |3 22 9 |24 13 
4203.08 70384.6
30 23 26 48 18 14 44 21 4 19 |38 42 45 50 37 5 43 17 28 |11 29 6 41 12 1 27 15 32 7 33 8 47 ||34 20 |40 9 |10 16 |31 24 25 |39 2 |35 36 |46 49 |22 13 |3 
4463.52 70073.9
8 33 7 32 15 27 1 12 41 6 29 11 |30 23 26 48 18 14 44 21 4 19 47 |38 42 45 50 37 5 43 17 28 ||35 |40 |16 20 |31 |49 2 25 |3 22 |36 39 |46 10 34 |9 |24 13 |
4469.75 68499.5
8 33 7 32 15 27 1 12 41 6 29 11 |30 23 26 48 18 14 44 21 4 19 47 |38 42 45 50 37 5 43 17 28 ||46 |34 20 |40 3 9 |16 |31 24 |2 39 |10 |25 |35 |49 36 |22 13 |
4590.56 66872.3
8 33 7 32 15 27 1 12 41 6 29 11 |30 23 26 48 18 14 44 21 4 19 47 |38 42 45 50 37 5 43 17 28 ||16 |40 |20 |46 3 |31 |49 22 |2 39 |10 25 |35 |36 |9 34 |13 24 |
5446.57 65820.6

Time:1
Last Iter:10
Last Update:10
Tabu:0
Last Time1
5
38 30 18 48 26 23 14 44 21 4 19 47 |45 42 50 43 37 5 6 41 27 11 |8 33 7 32 15 1 12 29 17 28 ||16 |46 49 40 |2 20 34 |35 9 10 25 |36 31 24 39 22 |3 13 
3948.83 72159.9
27 37 5 43 50 42 45 17 28 |8 33 7 32 15 1 12 41 6 29 |38 18 30 48 26 23 44 14 21 4 19 47 11 ||16 |49 20 39 |3 24 2 |34 9 |31 36 10 25 |13 35 22 |46 |40 |
4491.47 70863.1
50 43 37 5 6 41 27 11 29 17 28 |12 1 15 32 7 33 8 47 |45 42 38 18 30 48 26 23 14 44 21 4 19 ||22 |49 20 |31 34 25 |46 |13 |40 |9 10 |36 24 |3 |39 2 |35 16 
4653.9 68262.4
27 37 5 43 50 42 45 17 28 |8 33 7 32 15 1 12 41 6 29 |38 18 30 48 26 23 44 14 21 4 19 47 11 ||16 |49 20 |34 25 |46 |13 |40 |22 9 10 |36 24 |39 2 |3 |35 31 
5010.29 67216.7
27 37 5 43 50 42 45 17 28 |8 33 7 32 15 1 12 41 6 29 |38 18 30 48 26 23 44 14 21 4 19 47 11 ||2 |34 |31 3 |13 |10 16 20 |24 |39 |22 |9 |49 |25 |35 |36 |46 |40 |
6486.75 67165

Time:1
Last Iter:10
Last Update:10
Tabu:0
Last Time1
4
43 5 37 50 45 42 38 30 18 17 28 |32 7 8 4 21 48 26 23 44 14 19 47 |33 15 27 1 12 41 6 29 11 ||25 |13 35 49 20 |16 |40 22 9 10 |39 3 |2 24 31 |36 |34 46 
4248.2 71694.9
43 5 37 50 45 42 38 30 18 17 28 |32 7 8 4 21 48 26 23 44 14 19 47 |33 15 27 1 12 41 6 29 11 ||25 39 |13 3 22 |49 |40 31 20 46 |24 10 9 |35 |2 |16 |36 34 
4570.18 71448.9
43 5 37 50 45 42 38 30 18 17 28 |32 7 8 4 21 48 26 23 44 14 19 47 |33 15 27 1 12 41 6 29 11 ||49 |25 20 |22 |2 |13 |40 16 9 10 |3 39 |35 24 31 |36 |34 46 
5052.5 70694.3
43 5 37 50 45 42 38 30 18 17 28 |32 7 8 4 21 48 26 23 44 14 19 47 |33 15 27 1 12 41 6 29 11 ||49 |35 |22 25 |20 |13 |9 10 |39 3 16 |40 |2 |24 31 |36 |34 46 
5808.34 69012.6

Time:0
Last Iter:10
Last Update:10
Tabu:0
Last Time0
4
43 5 37 50 45 42 38 30 18 17 28 |32 7 8 4 21 48 26 23 44 14 19 47 |33 15 27 1 12 41 6 29 11 ||25 |13 35 49 20 |16 |40 22 9 10 |39 3 |2 24 31 |36 |34 46 
4248.2 71694.9
43 5 37 50 45 42 38 30 18 17 28 |32 7 8 4 21 48 26 23 44 14 19 47 |33 15 27 1 12 41 6 29 11 ||25 39 |13 3 22 |49 |40 31 20 46 |24 10 9 |35 |2 |16 |36 34 
4570.18 71448.9
43 5 37 50 45 42 38 30 18 17 28 |32 7 8 4 21 48 26 23 44 14 19 47 |33 15 27 1 12 41 6 29 11 ||49 |25 20 |22 |2 |13 |40 16 9 10 |3 39 |35 24 31 |36 |34 46 
5052.5 70694.3
43 5 37 50 45 42 38 30 18 17 28 |32 7 8 4 21 48 26 23 44 14 19 47 |33 15 27 1 12 41 6 29 11 ||49 |35 |22 25 |20 |13 |9 10 |39 3 16 |40 |2 |24 31 |36 |34 46 
5808.34 69012.6

