Time:1
Last Iter:10
Last Update:10
Tabu:0
Last Time1
3
17 41 15 14 20 5 30 1 24 27 21 22 8 46 |42 39 18 33 35 36 40 |47 43 38 31 50 9 11 45 3 44 26 ||2 |4 |37 25 23 10 49 34 12 |32 28 |7 16 13 48 6 |29 19 
4696.7 91799.7
36 40 35 33 18 39 42 27 22 46 |31 50 9 11 45 3 44 26 17 47 8 |38 43 41 15 14 20 30 1 5 ||10 12 |24 19 |21 23 25 37 |29 16 7 32 |13 |6 |28 34 |4 2 49 |48 
4772.72 81414.7
41 43 38 15 14 20 30 5 |36 40 35 33 18 39 42 27 1 22 8 46 |31 50 9 11 45 3 44 26 17 47 ||34 7 |12 6 |21 16 13 |25 |24 23 37 10 |48 |4 |28 32 |2 49 |19 29 
5636.75 81238.4

Time:0
Last Iter:10
Last Update:10
Tabu:0
Last Time0
6
45 11 9 50 31 36 3 44 26 |38 43 17 41 15 14 20 30 5 47 46 |8 22 1 27 42 39 18 33 35 40 ||23 |19 21 48 |37 25 6 2 4 34 |16 29 |12 49 28 7 |32 10 24 |13 
4617.15 82919.8
27 42 39 18 33 35 40 |50 36 4 3 44 31 9 11 45 26 17 47 |38 43 41 15 14 20 5 30 1 22 8 46 ||16 |48 |2 49 32 7 28 34 |10 23 19 6 |37 |25 |29 13 24 21 |12 |
4679.18 82681.2
35 33 18 39 27 42 1 20 5 47 |17 40 36 50 31 9 11 45 3 44 26 |38 43 41 15 14 30 8 22 46 ||21 |34 4 |24 |25 37 32 10 |2 16 12 |7 |23 6 49 |19 29 |48 |13 |28 
5244.8 81355
31 45 9 11 50 36 3 44 26 |38 43 17 41 15 14 20 30 5 47 46 |8 22 1 27 42 39 18 33 35 40 ||37 21 |34 4 |24 |48 2 10 |32 |29 |25 12 49 |6 |23 19 16 |28 |13 7 |
5346.13 80630.8
26 36 50 31 9 11 45 34 44 3 40 |30 5 20 14 15 41 43 38 17 47 |35 33 18 39 27 42 1 22 8 46 ||4 |21 |12 |10 2 |29 24 48 |49 7 |13 |37 |6 |23 19 16 |28 |32 25 
5408.24 79290.4
26 36 50 31 9 11 45 3 44 40 |30 5 20 14 15 41 43 38 17 47 |35 33 18 39 27 42 1 22 8 46 ||21 |34 4 |24 |48 25 37 2 |7 |29 10 6 32 |19 |16 23 |13 49 28 |12 
5730.87 79063

Time:0
Last Iter:10
Last Update:10
Tabu:0
Last Time0
6
45 11 9 50 31 36 3 44 26 |38 43 17 41 15 14 20 30 5 47 46 |8 22 1 27 42 39 18 33 35 40 ||23 |19 21 48 |37 25 6 2 4 34 |16 29 |12 49 28 7 |32 10 24 |13 
4617.15 82919.8
27 42 39 18 33 35 40 |50 36 4 3 44 31 9 11 45 26 17 47 |38 43 41 15 14 20 5 30 1 22 8 46 ||16 |48 |2 49 32 7 28 34 |10 23 19 6 |37 |25 |29 13 24 21 |12 |
4679.18 82681.2
35 33 18 39 27 42 1 20 5 47 |17 40 36 50 31 9 11 45 3 44 26 |38 43 41 15 14 30 8 22 46 ||21 |34 4 |24 |25 37 32 10 |2 16 12 |7 |23 6 49 |19 29 |48 |13 |28 
5244.8 81355
31 45 9 11 50 36 3 44 26 |38 43 17 41 15 14 20 30 5 47 46 |8 22 1 27 42 39 18 33 35 40 ||37 21 |34 4 |24 |48 2 10 |32 |29 |25 12 49 |6 |23 19 16 |28 |13 7 |
5346.13 80630.8
26 36 50 31 9 11 45 34 44 3 40 |30 5 20 14 15 41 43 38 17 47 |35 33 18 39 27 42 1 22 8 46 ||4 |21 |12 |10 2 |29 24 48 |49 7 |13 |37 |6 |23 19 16 |28 |32 25 
5408.24 79290.4
26 36 50 31 9 11 45 3 44 40 |30 5 20 14 15 41 43 38 17 47 |35 33 18 39 27 42 1 22 8 46 ||21 |34 4 |24 |48 25 37 2 |7 |29 10 6 32 |19 |16 23 |13 49 28 |12 
5730.87 79063

Time:0
Last Iter:10
Last Update:10
Tabu:0
Last Time0
6
45 11 9 50 31 36 3 44 26 |38 43 17 41 15 14 20 30 5 47 46 |8 22 1 27 42 39 18 33 35 40 ||23 |19 21 48 |37 25 6 2 4 34 |16 29 |12 49 28 7 |32 10 24 |13 
4617.15 82919.8
27 42 39 18 33 35 40 |50 36 4 3 44 31 9 11 45 26 17 47 |38 43 41 15 14 20 5 30 1 22 8 46 ||16 |48 |2 49 32 7 28 34 |10 23 19 6 |37 |25 |29 13 24 21 |12 |
4679.18 82681.2
35 33 18 39 27 42 1 20 5 47 |17 40 36 50 31 9 11 45 3 44 26 |38 43 41 15 14 30 8 22 46 ||21 |34 4 |24 |25 37 32 10 |2 16 12 |7 |23 6 49 |19 29 |48 |13 |28 
5244.8 81355
31 45 9 11 50 36 3 44 26 |38 43 17 41 15 14 20 30 5 47 46 |8 22 1 27 42 39 18 33 35 40 ||37 21 |34 4 |24 |48 2 10 |32 |29 |25 12 49 |6 |23 19 16 |28 |13 7 |
5346.13 80630.8
26 36 50 31 9 11 45 34 44 3 40 |30 5 20 14 15 41 43 38 17 47 |35 33 18 39 27 42 1 22 8 46 ||4 |21 |12 |10 2 |29 24 48 |49 7 |13 |37 |6 |23 19 16 |28 |32 25 
5408.24 79290.4
26 36 50 31 9 11 45 3 44 40 |30 5 20 14 15 41 43 38 17 47 |35 33 18 39 27 42 1 22 8 46 ||21 |34 4 |24 |48 25 37 2 |7 |29 10 6 32 |19 |16 23 |13 49 28 |12 
5730.87 79063

Time:0
Last Iter:10
Last Update:10
Tabu:0
Last Time0
6
45 11 9 50 31 36 3 44 26 |38 43 17 41 15 14 20 30 5 47 46 |8 22 1 27 42 39 18 33 35 40 ||23 |19 21 48 |37 25 6 2 4 34 |16 29 |12 49 28 7 |32 10 24 |13 
4617.15 82919.8
27 42 39 18 33 35 40 |50 36 4 3 44 31 9 11 45 26 17 47 |38 43 41 15 14 20 5 30 1 22 8 46 ||16 |48 |2 49 32 7 28 34 |10 23 19 6 |37 |25 |29 13 24 21 |12 |
4679.18 82681.2
35 33 18 39 27 42 1 20 5 47 |17 40 36 50 31 9 11 45 3 44 26 |38 43 41 15 14 30 8 22 46 ||21 |34 4 |24 |25 37 32 10 |2 16 12 |7 |23 6 49 |19 29 |48 |13 |28 
5244.8 81355
31 45 9 11 50 36 3 44 26 |38 43 17 41 15 14 20 30 5 47 46 |8 22 1 27 42 39 18 33 35 40 ||37 21 |34 4 |24 |48 2 10 |32 |29 |25 12 49 |6 |23 19 16 |28 |13 7 |
5346.13 80630.8
26 36 50 31 9 11 45 34 44 3 40 |30 5 20 14 15 41 43 38 17 47 |35 33 18 39 27 42 1 22 8 46 ||4 |21 |12 |10 2 |29 24 48 |49 7 |13 |37 |6 |23 19 16 |28 |32 25 
5408.24 79290.4
26 36 50 31 9 11 45 3 44 40 |30 5 20 14 15 41 43 38 17 47 |35 33 18 39 27 42 1 22 8 46 ||21 |34 4 |24 |48 25 37 2 |7 |29 10 6 32 |19 |16 23 |13 49 28 |12 
5730.87 79063

Time:1
Last Iter:10
Last Update:10
Tabu:0
Last Time1
6
45 11 9 50 31 36 3 44 26 |38 43 17 41 15 14 20 30 5 47 46 |8 22 1 27 42 39 18 33 35 40 ||23 |19 21 48 |37 25 6 2 4 34 |16 29 |12 49 28 7 |32 10 24 |13 
4617.15 82919.8
27 42 39 18 33 35 40 |50 36 4 3 44 31 9 11 45 26 17 47 |38 43 41 15 14 20 5 30 1 22 8 46 ||16 |48 |2 49 32 7 28 34 |10 23 19 6 |37 |25 |29 13 24 21 |12 |
4679.18 82681.2
35 33 18 39 27 42 1 20 5 47 |17 40 36 50 31 9 11 45 3 44 26 |38 43 41 15 14 30 8 22 46 ||21 |34 4 |24 |25 37 32 10 |2 16 12 |7 |23 6 49 |19 29 |48 |13 |28 
5244.8 81355
31 45 9 11 50 36 3 44 26 |38 43 17 41 15 14 20 30 5 47 46 |8 22 1 27 42 39 18 33 35 40 ||37 21 |34 4 |24 |48 2 10 |32 |29 |25 12 49 |6 |23 19 16 |28 |13 7 |
5346.13 80630.8
26 36 50 31 9 11 45 34 44 3 40 |30 5 20 14 15 41 43 38 17 47 |35 33 18 39 27 42 1 22 8 46 ||4 |21 |12 |10 2 |29 24 48 |49 7 |13 |37 |6 |23 19 16 |28 |32 25 
5408.24 79290.4
26 36 50 31 9 11 45 3 44 40 |30 5 20 14 15 41 43 38 17 47 |35 33 18 39 27 42 1 22 8 46 ||21 |34 4 |24 |48 25 37 2 |7 |29 10 6 32 |19 |16 23 |13 49 28 |12 
5730.87 79063

Time:0
Last Iter:10
Last Update:10
Tabu:0
Last Time0
6
38 41 15 17 47 20 5 30 22 8 46 |43 45 11 9 50 31 36 3 44 26 |14 1 27 42 39 18 33 35 40 ||2 |29 21 24 48 |32 4 |37 25 23 10 6 |34 |16 19 7 28 13 |12 49 |
4198.96 79239
38 41 15 17 47 20 5 30 22 8 46 |43 45 11 9 50 31 36 3 44 26 |14 1 27 42 39 18 33 35 40 ||2 |29 21 24 48 |32 4 |37 23 10 6 34 |25 |16 19 |7 |13 28 |12 49 |
4416.71 78376.4
38 41 15 17 47 20 5 30 22 8 46 |43 45 11 9 50 31 36 3 44 26 |14 1 27 42 39 18 33 35 40 ||2 |29 21 24 48 |32 |28 |34 7 10 |37 23 25 |6 |16 |4 |13 |12 49 19 |
4710.2 77716.3
38 41 15 17 47 20 5 30 22 8 46 |43 45 11 9 50 31 36 3 44 26 |14 1 27 42 39 18 33 35 40 ||10 |21 24 |6 13 |7 49 |16 |34 |2 4 28 |48 19 |23 25 37 |29 |32 12 
6365.6 77669.4
38 41 15 17 47 20 5 30 22 8 46 |43 45 11 9 50 31 36 3 44 26 |14 1 27 42 39 18 33 35 40 ||10 |24 |6 13 |7 49 |16 |34 |2 4 28 |21 48 19 |23 25 37 |29 |12 32 
6415.01 77379.3
38 41 15 17 47 20 5 30 22 8 46 |43 45 11 9 50 31 36 3 44 26 |14 1 27 42 39 18 33 35 40 ||2 |13 21 |32 12 34 |28 |24 48 16 |37 23 25 |29 7 |49 10 |6 |4 |19 
8346.81 77077.9

Time:0
Last Iter:10
Last Update:10
Tabu:0
Last Time0
6
38 41 15 17 47 20 5 30 22 8 46 |43 45 11 9 50 31 36 3 44 26 |14 1 27 42 39 18 33 35 40 ||2 |29 21 24 48 |32 4 |37 25 23 10 6 |34 |16 19 7 28 13 |12 49 |
4198.96 79239
38 41 15 17 47 20 5 30 22 8 46 |43 45 11 9 50 31 36 3 44 26 |14 1 27 42 39 18 33 35 40 ||2 |29 21 24 48 |32 4 |37 23 10 6 34 |25 |16 19 |7 |13 28 |12 49 |
4416.71 78376.4
38 41 15 17 47 20 5 30 22 8 46 |43 45 11 9 50 31 36 3 44 26 |14 1 27 42 39 18 33 35 40 ||2 |29 21 24 48 |32 |28 |34 7 10 |37 23 25 |6 |16 |4 |13 |12 49 19 |
4710.2 77716.3
38 41 15 17 47 20 5 30 22 8 46 |43 45 11 9 50 31 36 3 44 26 |14 1 27 42 39 18 33 35 40 ||10 |21 24 |6 13 |7 49 |16 |34 |2 4 28 |48 19 |23 25 37 |29 |32 12 
6365.6 77669.4
38 41 15 17 47 20 5 30 22 8 46 |43 45 11 9 50 31 36 3 44 26 |14 1 27 42 39 18 33 35 40 ||10 |24 |6 13 |7 49 |16 |34 |2 4 28 |21 48 19 |23 25 37 |29 |12 32 
6415.01 77379.3
38 41 15 17 47 20 5 30 22 8 46 |43 45 11 9 50 31 36 3 44 26 |14 1 27 42 39 18 33 35 40 ||2 |13 21 |32 12 34 |28 |24 48 16 |37 23 25 |29 7 |49 10 |6 |4 |19 
8346.81 77077.9

Time:0
Last Iter:10
Last Update:10
Tabu:0
Last Time0
6
38 41 15 17 47 20 5 30 22 8 46 |43 45 11 9 50 31 36 3 44 26 |14 1 27 42 39 18 33 35 40 ||2 |29 21 24 48 |32 4 |37 25 23 10 6 |34 |16 19 7 28 13 |12 49 |
4198.96 79239
38 41 15 17 47 20 5 30 22 8 46 |43 45 11 9 50 31 36 3 44 26 |14 1 27 42 39 18 33 35 40 ||2 |29 21 24 48 |32 4 |37 23 10 6 34 |25 |16 19 |7 |13 28 |12 49 |
4416.71 78376.4
38 41 15 17 47 20 5 30 22 8 46 |43 45 11 9 50 31 36 3 44 26 |14 1 27 42 39 18 33 35 40 ||2 |29 21 24 48 |32 |28 |34 7 10 |37 23 25 |6 |16 |4 |13 |12 49 19 |
4710.2 77716.3
38 41 15 17 47 20 5 30 22 8 46 |43 45 11 9 50 31 36 3 44 26 |14 1 27 42 39 18 33 35 40 ||10 |21 24 |6 13 |7 49 |16 |34 |2 4 28 |48 19 |23 25 37 |29 |32 12 
6365.6 77669.4
38 41 15 17 47 20 5 30 22 8 46 |43 45 11 9 50 31 36 3 44 26 |14 1 27 42 39 18 33 35 40 ||10 |24 |6 13 |7 49 |16 |34 |2 4 28 |21 48 19 |23 25 37 |29 |12 32 
6415.01 77379.3
38 41 15 17 47 20 5 30 22 8 46 |43 45 11 9 50 31 36 3 44 26 |14 1 27 42 39 18 33 35 40 ||2 |13 21 |32 12 34 |28 |24 48 16 |37 23 25 |29 7 |49 10 |6 |4 |19 
8346.81 77077.9

Time:0
Last Iter:10
Last Update:10
Tabu:0
Last Time0
6
38 41 15 17 47 20 5 30 22 8 46 |43 45 11 9 50 31 36 3 44 26 |14 1 27 42 39 18 33 35 40 ||2 |29 21 24 48 |32 4 |37 25 23 10 6 |34 |16 19 7 28 13 |12 49 |
4198.96 79239
38 41 15 17 47 20 5 30 22 8 46 |43 45 11 9 50 31 36 3 44 26 |14 1 27 42 39 18 33 35 40 ||2 |29 21 24 48 |32 4 |37 23 10 6 34 |25 |16 19 |7 |13 28 |12 49 |
4416.71 78376.4
38 41 15 17 47 20 5 30 22 8 46 |43 45 11 9 50 31 36 3 44 26 |14 1 27 42 39 18 33 35 40 ||2 |29 21 24 48 |32 |28 |34 7 10 |37 23 25 |6 |16 |4 |13 |12 49 19 |
4710.2 77716.3
38 41 15 17 47 20 5 30 22 8 46 |43 45 11 9 50 31 36 3 44 26 |14 1 27 42 39 18 33 35 40 ||10 |21 24 |6 13 |7 49 |16 |34 |2 4 28 |48 19 |23 25 37 |29 |32 12 
6365.6 77669.4
38 41 15 17 47 20 5 30 22 8 46 |43 45 11 9 50 31 36 3 44 26 |14 1 27 42 39 18 33 35 40 ||10 |24 |6 13 |7 49 |16 |34 |2 4 28 |21 48 19 |23 25 37 |29 |12 32 
6415.01 77379.3
38 41 15 17 47 20 5 30 22 8 46 |43 45 11 9 50 31 36 3 44 26 |14 1 27 42 39 18 33 35 40 ||2 |13 21 |32 12 34 |28 |24 48 16 |37 23 25 |29 7 |49 10 |6 |4 |19 
8346.81 77077.9

Execution time: 2.127 seconds
