Time:1
Last Iter:10
Last Update:10
Tabu:0
Last Time1
6
4 38 13 34 27 47 36 |37 11 44 42 5 43 19 29 |20 15 3 46 2 16 49 17 25 ||7 50 ||31 14 |6 40 32 35 |30 |23 10 41 |39 8 9 |28 22 18 |45 26 1 24 |21 48 12 |33 
9481.03 165874
2 13 34 46 3 15 47 |29 16 19 49 17 25 43 5 |38 4 11 37 44 42 20 ||10 33 36 |26 39 |12 |9 18 22 |6 |35 |28 14 31 27 23 |50 45 1 24 |48 30 |40 32 8 |41 |21 7 
9789.73 136768
13 46 38 4 15 47 44 42 20 |19 49 17 25 43 5 |37 11 3 34 2 16 29 33 ||10 36 |26 39 |12 |9 18 22 |6 |35 |28 14 31 27 23 |45 50 24 7 |40 21 |41 30 |1 32 8 |48 |
10169.1 136605
46 44 37 11 43 5 42 20 |2 13 34 3 38 4 15 47 |29 16 19 17 49 25 ||30 |48 21 |35 26 1 24 |31 22 9 27 33 |23 18 |10 28 14 |7 50 45 39 |32 8 |41 36 |6 40 |12 |
10218.4 132986
25 17 49 19 16 29 |46 44 37 11 43 5 42 20 |2 13 34 3 38 4 15 47 ||30 |48 21 |26 1 24 |31 22 9 27 33 |23 18 |10 28 14 |7 50 45 35 |39 32 8 |41 36 |6 40 |12 
10303 130211
25 17 49 19 16 29 |46 44 37 11 43 5 42 20 |2 13 34 3 38 4 15 47 ||26 1 21 |23 28 14 31 9 27 |10 48 30 |7 6 |18 22 33 |24 |50 45 35 |12 |32 40 39 |41 |8 |36 
13702.1 129288

Time:0
Last Iter:10
Last Update:10
Tabu:0
Last Time0
4
11 37 44 4 38 1 15 47 3 |27 46 13 22 9 31 34 29 |2 16 41 19 49 17 25 43 5 42 20 ||28 |7 50 26 35 |30 48 21 36 |12 |24 32 45 |40 8 6 |10 |18 14 23 33 |39 
9074.41 149146
41 25 17 49 19 16 29 |2 34 13 46 3 15 47 |38 4 44 37 11 43 5 42 20 ||28 |7 50 26 35 |30 48 21 36 |12 |24 32 45 |40 8 6 |10 |18 14 23 33 |39 1 |27 22 9 31 
9402.1 135121
38 25 17 49 19 16 29 |2 34 13 46 3 15 47 |4 44 37 11 43 5 42 20 ||41 |7 50 26 35 |30 48 21 36 |12 |24 27 8 |10 33 |32 40 45 |1 |6 |28 9 |39 23 |14 31 |18 22 
10369.3 132740
17 49 19 2 16 29 |13 25 43 11 44 42 5 20 |37 34 46 3 38 4 15 47 ||41 |7 50 26 35 |30 48 21 36 |12 |24 27 8 |10 33 |32 40 45 |1 |6 |28 9 |39 23 |14 31 |18 22 
11016.7 131718

Time:0
Last Iter:10
Last Update:10
Tabu:0
Last Time0
4
11 37 44 4 38 1 15 47 3 |27 46 13 22 9 31 34 29 |2 16 41 19 49 17 25 43 5 42 20 ||28 |7 50 26 35 |30 48 21 36 |12 |24 32 45 |40 8 6 |10 |18 14 23 33 |39 
9074.41 149146
41 25 17 49 19 16 29 |2 34 13 46 3 15 47 |38 4 44 37 11 43 5 42 20 ||28 |7 50 26 35 |30 48 21 36 |12 |24 32 45 |40 8 6 |10 |18 14 23 33 |39 1 |27 22 9 31 
9402.1 135121
38 25 17 49 19 16 29 |2 34 13 46 3 15 47 |4 44 37 11 43 5 42 20 ||41 |7 50 26 35 |30 48 21 36 |12 |24 27 8 |10 33 |32 40 45 |1 |6 |28 9 |39 23 |14 31 |18 22 
10369.3 132740
17 49 19 2 16 29 |13 25 43 11 44 42 5 20 |37 34 46 3 38 4 15 47 ||41 |7 50 26 35 |30 48 21 36 |12 |24 27 8 |10 33 |32 40 45 |1 |6 |28 9 |39 23 |14 31 |18 22 
11016.7 131718

Time:0
Last Iter:10
Last Update:10
Tabu:0
Last Time0
4
11 37 44 4 38 1 15 47 3 |27 46 13 22 9 31 34 29 |2 16 41 19 49 17 25 43 5 42 20 ||28 |7 50 26 35 |30 48 21 36 |12 |24 32 45 |40 8 6 |10 |18 14 23 33 |39 
9074.41 149146
41 25 17 49 19 16 29 |2 34 13 46 3 15 47 |38 4 44 37 11 43 5 42 20 ||28 |7 50 26 35 |30 48 21 36 |12 |24 32 45 |40 8 6 |10 |18 14 23 33 |39 1 |27 22 9 31 
9402.1 135121
38 25 17 49 19 16 29 |2 34 13 46 3 15 47 |4 44 37 11 43 5 42 20 ||41 |7 50 26 35 |30 48 21 36 |12 |24 27 8 |10 33 |32 40 45 |1 |6 |28 9 |39 23 |14 31 |18 22 
10369.3 132740
17 49 19 2 16 29 |13 25 43 11 44 42 5 20 |37 34 46 3 38 4 15 47 ||41 |7 50 26 35 |30 48 21 36 |12 |24 27 8 |10 33 |32 40 45 |1 |6 |28 9 |39 23 |14 31 |18 22 
11016.7 131718

Time:0
Last Iter:10
Last Update:10
Tabu:0
Last Time0
4
11 37 44 4 38 1 15 47 3 |27 46 13 22 9 31 34 29 |2 16 41 19 49 17 25 43 5 42 20 ||28 |7 50 26 35 |30 48 21 36 |12 |24 32 45 |40 8 6 |10 |18 14 23 33 |39 
9074.41 149146
41 25 17 49 19 16 29 |2 34 13 46 3 15 47 |38 4 44 37 11 43 5 42 20 ||28 |7 50 26 35 |30 48 21 36 |12 |24 32 45 |40 8 6 |10 |18 14 23 33 |39 1 |27 22 9 31 
9402.1 135121
38 25 17 49 19 16 29 |2 34 13 46 3 15 47 |4 44 37 11 43 5 42 20 ||41 |7 50 26 35 |30 48 21 36 |12 |24 27 8 |10 33 |32 40 45 |1 |6 |28 9 |39 23 |14 31 |18 22 
10369.3 132740
17 49 19 2 16 29 |13 25 43 11 44 42 5 20 |37 34 46 3 38 4 15 47 ||41 |7 50 26 35 |30 48 21 36 |12 |24 27 8 |10 33 |32 40 45 |1 |6 |28 9 |39 23 |14 31 |18 22 
11016.7 131718

Time:1
Last Iter:10
Last Update:10
Tabu:0
Last Time1
4
11 37 44 4 38 1 15 47 3 |27 46 13 22 9 31 34 29 |2 16 41 19 49 17 25 43 5 42 20 ||28 |7 50 26 35 |30 48 21 36 |12 |24 32 45 |40 8 6 |10 |18 14 23 33 |39 
9074.41 149146
41 25 17 49 19 16 29 |2 34 13 46 3 15 47 |38 4 44 37 11 43 5 42 20 ||28 |7 50 26 35 |30 48 21 36 |12 |24 32 45 |40 8 6 |10 |18 14 23 33 |39 1 |27 22 9 31 
9402.1 135121
38 25 17 49 19 16 29 |2 34 13 46 3 15 47 |4 44 37 11 43 5 42 20 ||41 |7 50 26 35 |30 48 21 36 |12 |24 27 8 |10 33 |32 40 45 |1 |6 |28 9 |39 23 |14 31 |18 22 
10369.3 132740
17 49 19 2 16 29 |13 25 43 11 44 42 5 20 |37 34 46 3 38 4 15 47 ||41 |7 50 26 35 |30 48 21 36 |12 |24 27 8 |10 33 |32 40 45 |1 |6 |28 9 |39 23 |14 31 |18 22 
11016.7 131718

Time:0
Last Iter:10
Last Update:10
Tabu:0
Last Time0
5
47 15 43 11 37 44 38 4 |19 49 48 17 25 5 42 20 |13 3 46 34 2 16 29 ||12 |22 31 28 |45 50 ||40 6 35 39 |36 |24 23 33 |7 1 26 |10 |18 14 27 |30 |9 8 |32 |41 |21 
9862.84 154338
11 37 44 38 4 15 47 |19 49 17 25 43 5 42 20 |13 3 46 34 2 16 29 ||12 |22 31 28 |45 50 ||40 6 35 39 |36 |24 23 33 |7 1 26 |27 8 |41 |14 9 |32 21 |10 48 30 |18 |
10174.8 132442
5 43 11 37 44 42 20 |2 13 34 46 3 38 4 15 47 |25 17 49 19 16 29 ||12 |22 31 28 |45 50 ||40 6 35 39 |36 |24 23 33 |7 1 26 |27 8 |48 |32 |30 10 |41 |9 18 14 |21 |
10354.7 128956
5 43 11 37 44 42 20 |2 13 34 46 3 38 4 15 47 |25 17 49 19 16 29 ||12 |22 31 28 |45 50 ||32 |6 35 39 |36 |24 23 33 |41 10 21 |30 48 |40 1 26 |14 18 9 27 |7 |8 |
11353.4 127172
5 43 11 37 44 42 20 |2 13 34 46 3 38 4 15 47 |25 17 49 19 16 29 ||12 |32 45 |22 31 28 |6 35 39 |36 |24 23 33 |41 10 21 |30 48 |40 1 26 |14 18 9 27 |7 50 ||8 |
11382.8 125547

Time:0
Last Iter:10
Last Update:10
Tabu:0
Last Time0
5
47 15 43 11 37 44 38 4 |19 49 48 17 25 5 42 20 |13 3 46 34 2 16 29 ||12 |22 31 28 |45 50 ||40 6 35 39 |36 |24 23 33 |7 1 26 |10 |18 14 27 |30 |9 8 |32 |41 |21 
9862.84 154338
11 37 44 38 4 15 47 |19 49 17 25 43 5 42 20 |13 3 46 34 2 16 29 ||12 |22 31 28 |45 50 ||40 6 35 39 |36 |24 23 33 |7 1 26 |27 8 |41 |14 9 |32 21 |10 48 30 |18 |
10174.8 132442
5 43 11 37 44 42 20 |2 13 34 46 3 38 4 15 47 |25 17 49 19 16 29 ||12 |22 31 28 |45 50 ||40 6 35 39 |36 |24 23 33 |7 1 26 |27 8 |48 |32 |30 10 |41 |9 18 14 |21 |
10354.7 128956
5 43 11 37 44 42 20 |2 13 34 46 3 38 4 15 47 |25 17 49 19 16 29 ||12 |22 31 28 |45 50 ||32 |6 35 39 |36 |24 23 33 |41 10 21 |30 48 |40 1 26 |14 18 9 27 |7 |8 |
11353.4 127172
5 43 11 37 44 42 20 |2 13 34 46 3 38 4 15 47 |25 17 49 19 16 29 ||12 |32 45 |22 31 28 |6 35 39 |36 |24 23 33 |41 10 21 |30 48 |40 1 26 |14 18 9 27 |7 50 ||8 |
11382.8 125547

Time:0
Last Iter:10
Last Update:10
Tabu:0
Last Time0
5
47 15 43 11 37 44 38 4 |19 49 48 17 25 5 42 20 |13 3 46 34 2 16 29 ||12 |22 31 28 |45 50 ||40 6 35 39 |36 |24 23 33 |7 1 26 |10 |18 14 27 |30 |9 8 |32 |41 |21 
9862.84 154338
11 37 44 38 4 15 47 |19 49 17 25 43 5 42 20 |13 3 46 34 2 16 29 ||12 |22 31 28 |45 50 ||40 6 35 39 |36 |24 23 33 |7 1 26 |27 8 |41 |14 9 |32 21 |10 48 30 |18 |
10174.8 132442
5 43 11 37 44 42 20 |2 13 34 46 3 38 4 15 47 |25 17 49 19 16 29 ||12 |22 31 28 |45 50 ||40 6 35 39 |36 |24 23 33 |7 1 26 |27 8 |48 |32 |30 10 |41 |9 18 14 |21 |
10354.7 128956
5 43 11 37 44 42 20 |2 13 34 46 3 38 4 15 47 |25 17 49 19 16 29 ||12 |22 31 28 |45 50 ||32 |6 35 39 |36 |24 23 33 |41 10 21 |30 48 |40 1 26 |14 18 9 27 |7 |8 |
11353.4 127172
5 43 11 37 44 42 20 |2 13 34 46 3 38 4 15 47 |25 17 49 19 16 29 ||12 |32 45 |22 31 28 |6 35 39 |36 |24 23 33 |41 10 21 |30 48 |40 1 26 |14 18 9 27 |7 50 ||8 |
11382.8 125547

Time:0
Last Iter:10
Last Update:10
Tabu:0
Last Time0
5
47 15 43 11 37 44 38 4 |19 49 48 17 25 5 42 20 |13 3 46 34 2 16 29 ||12 |22 31 28 |45 50 ||40 6 35 39 |36 |24 23 33 |7 1 26 |10 |18 14 27 |30 |9 8 |32 |41 |21 
9862.84 154338
11 37 44 38 4 15 47 |19 49 17 25 43 5 42 20 |13 3 46 34 2 16 29 ||12 |22 31 28 |45 50 ||40 6 35 39 |36 |24 23 33 |7 1 26 |27 8 |41 |14 9 |32 21 |10 48 30 |18 |
10174.8 132442
5 43 11 37 44 42 20 |2 13 34 46 3 38 4 15 47 |25 17 49 19 16 29 ||12 |22 31 28 |45 50 ||40 6 35 39 |36 |24 23 33 |7 1 26 |27 8 |48 |32 |30 10 |41 |9 18 14 |21 |
10354.7 128956
5 43 11 37 44 42 20 |2 13 34 46 3 38 4 15 47 |25 17 49 19 16 29 ||12 |22 31 28 |45 50 ||32 |6 35 39 |36 |24 23 33 |41 10 21 |30 48 |40 1 26 |14 18 9 27 |7 |8 |
11353.4 127172
5 43 11 37 44 42 20 |2 13 34 46 3 38 4 15 47 |25 17 49 19 16 29 ||12 |32 45 |22 31 28 |6 35 39 |36 |24 23 33 |41 10 21 |30 48 |40 1 26 |14 18 9 27 |7 50 ||8 |
11382.8 125547

Execution time: 1.72 seconds
