Time:0
Last Iter:10
Last Update:10
Tabu:0
Last Time0
6
3 11 47 16 2 29 48 36 32 49 |45 27 24 7 19 38 10 23 12 |42 41 22 20 30 35 21 34 39 17 ||33 |31 8 |13 |26 |9 4 |14 44 |37 18 |46 43 28 1 |40 25 |50 6 15 |5 
9098.06 145707
45 27 24 19 38 10 12 23 |42 20 41 22 39 34 17 |35 9 21 30 16 2 36 48 29 47 11 3 32 49 ||15 8 |14 44 13 |31 |6 |26 5 |33 |37 18 |43 46 |28 1 |7 40 25 |50 ||4 
9215.4 141258
3 11 48 36 16 2 29 47 50 32 49 |30 35 21 13 20 41 22 39 34 17 |42 45 27 24 19 38 10 23 12 ||6 33 |31 7 |8 |26 |9 4 |14 44 |37 18 |46 43 28 1 |40 25 |15 |5 
10304.9 141122
3 11 48 36 16 2 29 47 50 32 49 |30 35 21 13 20 41 22 39 34 17 |42 45 27 24 19 38 10 23 12 ||25 |5 26 |7 |8 33 |6 1 |4 44 31 46 |18 |9 |40 28 |37 14 |15 43 
10915.9 139475
45 27 24 19 38 10 12 23 |42 20 41 22 39 34 17 |35 5 21 30 16 2 36 48 29 47 11 3 32 49 ||26 |31 |37 4 14 |40 25 |33 50 28 43 |7 46 |15 9 13 |44 18 |8 |6 |1 
12521.1 138879
45 36 30 35 21 20 41 22 39 34 17 |38 27 24 3 11 29 16 2 48 47 32 49 |19 42 12 23 10 ||1 |15 9 |4 |5 |33 50 28 43 |7 46 |25 |13 6 |26 31 |8 |18 |40 |37 44 14 
12767 136845

Time:1
Last Iter:10
Last Update:10
Tabu:0
Last Time1
6
3 11 47 16 2 29 48 36 32 49 |45 27 24 7 19 38 10 23 12 |42 41 22 20 30 35 21 34 39 17 ||33 |31 8 |13 |26 |9 4 |14 44 |37 18 |46 43 28 1 |40 25 |50 6 15 |5 
9098.06 145707
45 27 24 19 38 10 12 23 |42 20 41 22 39 34 17 |35 9 21 30 16 2 36 48 29 47 11 3 32 49 ||15 8 |14 44 13 |31 |6 |26 5 |33 |37 18 |43 46 |28 1 |7 40 25 |50 ||4 
9215.4 141258
3 11 48 36 16 2 29 47 50 32 49 |30 35 21 13 20 41 22 39 34 17 |42 45 27 24 19 38 10 23 12 ||6 33 |31 7 |8 |26 |9 4 |14 44 |37 18 |46 43 28 1 |40 25 |15 |5 
10304.9 141122
3 11 48 36 16 2 29 47 50 32 49 |30 35 21 13 20 41 22 39 34 17 |42 45 27 24 19 38 10 23 12 ||25 |5 26 |7 |8 33 |6 1 |4 44 31 46 |18 |9 |40 28 |37 14 |15 43 
10915.9 139475
45 27 24 19 38 10 12 23 |42 20 41 22 39 34 17 |35 5 21 30 16 2 36 48 29 47 11 3 32 49 ||26 |31 |37 4 14 |40 25 |33 50 28 43 |7 46 |15 9 13 |44 18 |8 |6 |1 
12521.1 138879
45 36 30 35 21 20 41 22 39 34 17 |38 27 24 3 11 29 16 2 48 47 32 49 |19 42 12 23 10 ||1 |15 9 |4 |5 |33 50 28 43 |7 46 |25 |13 6 |26 31 |8 |18 |40 |37 44 14 
12767 136845

Time:0
Last Iter:10
Last Update:10
Tabu:0
Last Time0
7
42 12 23 38 10 |19 27 24 45 3 11 29 48 47 32 49 |16 2 36 30 35 21 20 41 22 39 34 17 ||26 |14 40 |6 13 15 33 28 |31 43 |7 25 |18 |8 1 |9 46 |37 44 4 |50 5 
8690.85 144674
42 12 23 38 10 |19 27 24 45 3 11 29 48 47 32 49 |16 2 36 30 35 21 20 41 22 39 34 17 ||7 |4 |33 28 43 |26 |44 18 46 31 |37 13 6 |40 25 |1 15 9 8 |5 50 ||14 
8731.28 140589
49 32 29 2 16 48 47 50 11 3 |42 36 30 9 35 21 20 41 22 39 34 17 |45 24 27 19 38 10 12 23 ||7 |26 5 |6 13 15 33 28 |31 43 14 |25 40 |18 |8 1 |37 44 4 |46 
9681.08 140027
35 21 20 41 22 39 34 17 |45 30 36 16 2 29 48 47 11 3 32 49 |42 27 24 19 38 10 23 12 ||7 31 |33 8 |28 |1 15 9 |6 43 50 ||40 |26 |46 4 |18 |14 13 |5 |25 |37 44 |
9727.12 137136
42 27 24 19 38 10 12 23 |35 21 20 41 22 39 34 17 |45 30 36 16 2 29 48 47 11 3 32 49 ||5 |26 |14 40 |6 13 15 33 28 |31 43 |7 25 |18 |8 1 |37 44 4 |9 50 46 
9985.25 135607
35 21 20 41 22 39 34 17 |45 30 36 16 2 29 48 47 11 3 32 49 |42 27 24 19 38 10 12 23 ||7 31 |8 |33 28 |1 15 9 6 |43 50 ||40 |26 |4 |46 |18 |14 13 |5 |25 |37 44 |
10277.9 134670
35 21 20 41 22 39 34 17 |45 30 36 16 2 29 48 47 11 3 32 49 |42 27 24 19 38 10 23 12 ||7 31 |4 |26 |40 25 |1 15 9 |13 |8 6 43 |50 28 46 |18 |33 |37 44 |5 |14 
12149.6 133901

Time:0
Last Iter:10
Last Update:10
Tabu:0
Last Time0
7
42 12 23 38 10 |19 27 24 45 3 11 29 48 47 32 49 |16 2 36 30 35 21 20 41 22 39 34 17 ||26 |14 40 |6 13 15 33 28 |31 43 |7 25 |18 |8 1 |9 46 |37 44 4 |50 5 
8690.85 144674
42 12 23 38 10 |19 27 24 45 3 11 29 48 47 32 49 |16 2 36 30 35 21 20 41 22 39 34 17 ||7 |4 |33 28 43 |26 |44 18 46 31 |37 13 6 |40 25 |1 15 9 8 |5 50 ||14 
8731.28 140589
49 32 29 2 16 48 47 50 11 3 |42 36 30 9 35 21 20 41 22 39 34 17 |45 24 27 19 38 10 12 23 ||7 |26 5 |6 13 15 33 28 |31 43 14 |25 40 |18 |8 1 |37 44 4 |46 
9681.08 140027
35 21 20 41 22 39 34 17 |45 30 36 16 2 29 48 47 11 3 32 49 |42 27 24 19 38 10 23 12 ||7 31 |33 8 |28 |1 15 9 |6 43 50 ||40 |26 |46 4 |18 |14 13 |5 |25 |37 44 |
9727.12 137136
42 27 24 19 38 10 12 23 |35 21 20 41 22 39 34 17 |45 30 36 16 2 29 48 47 11 3 32 49 ||5 |26 |14 40 |6 13 15 33 28 |31 43 |7 25 |18 |8 1 |37 44 4 |9 50 46 
9985.25 135607
35 21 20 41 22 39 34 17 |45 30 36 16 2 29 48 47 11 3 32 49 |42 27 24 19 38 10 12 23 ||7 31 |8 |33 28 |1 15 9 6 |43 50 ||40 |26 |4 |46 |18 |14 13 |5 |25 |37 44 |
10277.9 134670
35 21 20 41 22 39 34 17 |45 30 36 16 2 29 48 47 11 3 32 49 |42 27 24 19 38 10 23 12 ||7 31 |4 |26 |40 25 |1 15 9 |13 |8 6 43 |50 28 46 |18 |33 |37 44 |5 |14 
12149.6 133901

Time:0
Last Iter:10
Last Update:10
Tabu:0
Last Time0
7
42 12 23 38 10 |19 27 24 45 3 11 29 48 47 32 49 |16 2 36 30 35 21 20 41 22 39 34 17 ||26 |14 40 |6 13 15 33 28 |31 43 |7 25 |18 |8 1 |9 46 |37 44 4 |50 5 
8690.85 144674
42 12 23 38 10 |19 27 24 45 3 11 29 48 47 32 49 |16 2 36 30 35 21 20 41 22 39 34 17 ||7 |4 |33 28 43 |26 |44 18 46 31 |37 13 6 |40 25 |1 15 9 8 |5 50 ||14 
8731.28 140589
49 32 29 2 16 48 47 50 11 3 |42 36 30 9 35 21 20 41 22 39 34 17 |45 24 27 19 38 10 12 23 ||7 |26 5 |6 13 15 33 28 |31 43 14 |25 40 |18 |8 1 |37 44 4 |46 
9681.08 140027
35 21 20 41 22 39 34 17 |45 30 36 16 2 29 48 47 11 3 32 49 |42 27 24 19 38 10 23 12 ||7 31 |33 8 |28 |1 15 9 |6 43 50 ||40 |26 |46 4 |18 |14 13 |5 |25 |37 44 |
9727.12 137136
42 27 24 19 38 10 12 23 |35 21 20 41 22 39 34 17 |45 30 36 16 2 29 48 47 11 3 32 49 ||5 |26 |14 40 |6 13 15 33 28 |31 43 |7 25 |18 |8 1 |37 44 4 |9 50 46 
9985.25 135607
35 21 20 41 22 39 34 17 |45 30 36 16 2 29 48 47 11 3 32 49 |42 27 24 19 38 10 12 23 ||7 31 |8 |33 28 |1 15 9 6 |43 50 ||40 |26 |4 |46 |18 |14 13 |5 |25 |37 44 |
10277.9 134670
35 21 20 41 22 39 34 17 |45 30 36 16 2 29 48 47 11 3 32 49 |42 27 24 19 38 10 23 12 ||7 31 |4 |26 |40 25 |1 15 9 |13 |8 6 43 |50 28 46 |18 |33 |37 44 |5 |14 
12149.6 133901

Time:0
Last Iter:10
Last Update:10
Tabu:0
Last Time0
7
42 12 23 38 10 |19 27 24 45 3 11 29 48 47 32 49 |16 2 36 30 35 21 20 41 22 39 34 17 ||26 |14 40 |6 13 15 33 28 |31 43 |7 25 |18 |8 1 |9 46 |37 44 4 |50 5 
8690.85 144674
42 12 23 38 10 |19 27 24 45 3 11 29 48 47 32 49 |16 2 36 30 35 21 20 41 22 39 34 17 ||7 |4 |33 28 43 |26 |44 18 46 31 |37 13 6 |40 25 |1 15 9 8 |5 50 ||14 
8731.28 140589
49 32 29 2 16 48 47 50 11 3 |42 36 30 9 35 21 20 41 22 39 34 17 |45 24 27 19 38 10 12 23 ||7 |26 5 |6 13 15 33 28 |31 43 14 |25 40 |18 |8 1 |37 44 4 |46 
9681.08 140027
35 21 20 41 22 39 34 17 |45 30 36 16 2 29 48 47 11 3 32 49 |42 27 24 19 38 10 23 12 ||7 31 |33 8 |28 |1 15 9 |6 43 50 ||40 |26 |46 4 |18 |14 13 |5 |25 |37 44 |
9727.12 137136
42 27 24 19 38 10 12 23 |35 21 20 41 22 39 34 17 |45 30 36 16 2 29 48 47 11 3 32 49 ||5 |26 |14 40 |6 13 15 33 28 |31 43 |7 25 |18 |8 1 |37 44 4 |9 50 46 
9985.25 135607
35 21 20 41 22 39 34 17 |45 30 36 16 2 29 48 47 11 3 32 49 |42 27 24 19 38 10 12 23 ||7 31 |8 |33 28 |1 15 9 6 |43 50 ||40 |26 |4 |46 |18 |14 13 |5 |25 |37 44 |
10277.9 134670
35 21 20 41 22 39 34 17 |45 30 36 16 2 29 48 47 11 3 32 49 |42 27 24 19 38 10 23 12 ||7 31 |4 |26 |40 25 |1 15 9 |13 |8 6 43 |50 28 46 |18 |33 |37 44 |5 |14 
12149.6 133901

Time:0
Last Iter:10
Last Update:10
Tabu:0
Last Time0
7
42 12 23 38 10 |19 27 24 45 3 11 29 48 47 32 49 |16 2 36 30 35 21 20 41 22 39 34 17 ||26 |14 40 |6 13 15 33 28 |31 43 |7 25 |18 |8 1 |9 46 |37 44 4 |50 5 
8690.85 144674
42 12 23 38 10 |19 27 24 45 3 11 29 48 47 32 49 |16 2 36 30 35 21 20 41 22 39 34 17 ||7 |4 |33 28 43 |26 |44 18 46 31 |37 13 6 |40 25 |1 15 9 8 |5 50 ||14 
8731.28 140589
49 32 29 2 16 48 47 50 11 3 |42 36 30 9 35 21 20 41 22 39 34 17 |45 24 27 19 38 10 12 23 ||7 |26 5 |6 13 15 33 28 |31 43 14 |25 40 |18 |8 1 |37 44 4 |46 
9681.08 140027
35 21 20 41 22 39 34 17 |45 30 36 16 2 29 48 47 11 3 32 49 |42 27 24 19 38 10 23 12 ||7 31 |33 8 |28 |1 15 9 |6 43 50 ||40 |26 |46 4 |18 |14 13 |5 |25 |37 44 |
9727.12 137136
42 27 24 19 38 10 12 23 |35 21 20 41 22 39 34 17 |45 30 36 16 2 29 48 47 11 3 32 49 ||5 |26 |14 40 |6 13 15 33 28 |31 43 |7 25 |18 |8 1 |37 44 4 |9 50 46 
9985.25 135607
35 21 20 41 22 39 34 17 |45 30 36 16 2 29 48 47 11 3 32 49 |42 27 24 19 38 10 12 23 ||7 31 |8 |33 28 |1 15 9 6 |43 50 ||40 |26 |4 |46 |18 |14 13 |5 |25 |37 44 |
10277.9 134670
35 21 20 41 22 39 34 17 |45 30 36 16 2 29 48 47 11 3 32 49 |42 27 24 19 38 10 23 12 ||7 31 |4 |26 |40 25 |1 15 9 |13 |8 6 43 |50 28 46 |18 |33 |37 44 |5 |14 
12149.6 133901

Time:0
Last Iter:10
Last Update:10
Tabu:0
Last Time0
8
8 42 12 23 19 38 10 |22 41 20 21 35 30 16 2 36 32 49 |27 24 45 3 11 29 48 47 34 39 17 ||9 |37 18 |6 4 |7 25 |43 50 ||26 1 |5 46 |33 15 28 |31 |14 44 13 |40 |
9114.24 153062
3 11 47 48 29 2 16 30 36 32 49 |6 35 21 20 41 22 4 39 34 17 |45 27 24 19 38 10 42 12 23 ||26 |7 40 46 |44 50 31 |25 |8 43 |5 |33 28 |1 15 |9 13 |14 |37 18 
9226.12 147975
3 11 47 48 29 2 16 30 36 32 49 |6 35 21 20 41 22 4 39 34 17 |45 27 24 19 38 10 42 12 23 ||26 |18 |8 13 28 |43 5 |37 |25 |31 46 |50 1 15 |9 33 |14 44 |40 7 
9246.05 147363
27 38 10 3 47 29 2 16 48 36 32 49 |30 9 35 21 42 12 23 |19 24 45 11 34 20 41 22 39 17 ||7 |37 18 |28 |31 |8 1 |4 |5 46 |25 40 |50 ||26 6 |33 15 |13 43 |14 44 
9788.08 146412
19 45 30 36 16 2 48 47 29 11 3 |32 35 21 20 41 17 |27 24 38 10 23 12 42 22 39 34 49 ||40 |50 44 |5 26 46 |1 33 |7 |25 |43 13 4 14 |9 6 |31 28 |37 18 |8 15 |
10366.4 142139
38 19 39 34 17 |35 21 20 41 22 42 12 23 10 |30 27 24 45 3 11 29 2 16 48 47 36 32 49 ||37 18 |6 4 |7 25 |43 50 ||26 1 |5 46 |33 15 28 |31 |14 13 8 |40 |44 |9 
11706.9 140329
42 27 3 11 47 29 2 16 48 36 32 49 |20 45 24 38 10 12 23 |19 30 35 21 34 41 22 14 39 17 ||7 40 |25 46 |43 5 |8 |37 |33 15 50 28 |31 26 |4 44 13 6 1 |9 |18 
12024.7 140207
30 27 24 45 3 11 29 47 48 2 16 36 35 21 34 17 |19 38 20 39 32 49 |41 22 42 12 23 10 ||37 18 |6 4 |5 28 43 |14 |31 |26 |1 15 |46 |25 40 7 |50 ||13 |44 |33 9 8 |
12658.6 139960

Time:0
Last Iter:10
Last Update:10
Tabu:0
Last Time0
8
8 42 12 23 19 38 10 |22 41 20 21 35 30 16 2 36 32 49 |27 24 45 3 11 29 48 47 34 39 17 ||9 |37 18 |6 4 |7 25 |43 50 ||26 1 |5 46 |33 15 28 |31 |14 44 13 |40 |
9114.24 153062
3 11 47 48 29 2 16 30 36 32 49 |6 35 21 20 41 22 4 39 34 17 |45 27 24 19 38 10 42 12 23 ||26 |7 40 46 |44 50 31 |25 |8 43 |5 |33 28 |1 15 |9 13 |14 |37 18 
9226.12 147975
3 11 47 48 29 2 16 30 36 32 49 |6 35 21 20 41 22 4 39 34 17 |45 27 24 19 38 10 42 12 23 ||26 |18 |8 13 28 |43 5 |37 |25 |31 46 |50 1 15 |9 33 |14 44 |40 7 
9246.05 147363
27 38 10 3 47 29 2 16 48 36 32 49 |30 9 35 21 42 12 23 |19 24 45 11 34 20 41 22 39 17 ||7 |37 18 |28 |31 |8 1 |4 |5 46 |25 40 |50 ||26 6 |33 15 |13 43 |14 44 
9788.08 146412
19 45 30 36 16 2 48 47 29 11 3 |32 35 21 20 41 17 |27 24 38 10 23 12 42 22 39 34 49 ||40 |50 44 |5 26 46 |1 33 |7 |25 |43 13 4 14 |9 6 |31 28 |37 18 |8 15 |
10366.4 142139
38 19 39 34 17 |35 21 20 41 22 42 12 23 10 |30 27 24 45 3 11 29 2 16 48 47 36 32 49 ||37 18 |6 4 |7 25 |43 50 ||26 1 |5 46 |33 15 28 |31 |14 13 8 |40 |44 |9 
11706.9 140329
42 27 3 11 47 29 2 16 48 36 32 49 |20 45 24 38 10 12 23 |19 30 35 21 34 41 22 14 39 17 ||7 40 |25 46 |43 5 |8 |37 |33 15 50 28 |31 26 |4 44 13 6 1 |9 |18 
12024.7 140207
30 27 24 45 3 11 29 47 48 2 16 36 35 21 34 17 |19 38 20 39 32 49 |41 22 42 12 23 10 ||37 18 |6 4 |5 28 43 |14 |31 |26 |1 15 |46 |25 40 7 |50 ||13 |44 |33 9 8 |
12658.6 139960

Time:0
Last Iter:10
Last Update:10
Tabu:0
Last Time0
8
8 42 12 23 19 38 10 |22 41 20 21 35 30 16 2 36 32 49 |27 24 45 3 11 29 48 47 34 39 17 ||9 |37 18 |6 4 |7 25 |43 50 ||26 1 |5 46 |33 15 28 |31 |14 44 13 |40 |
9114.24 153062
3 11 47 48 29 2 16 30 36 32 49 |6 35 21 20 41 22 4 39 34 17 |45 27 24 19 38 10 42 12 23 ||26 |7 40 46 |44 50 31 |25 |8 43 |5 |33 28 |1 15 |9 13 |14 |37 18 
9226.12 147975
3 11 47 48 29 2 16 30 36 32 49 |6 35 21 20 41 22 4 39 34 17 |45 27 24 19 38 10 42 12 23 ||26 |18 |8 13 28 |43 5 |37 |25 |31 46 |50 1 15 |9 33 |14 44 |40 7 
9246.05 147363
27 38 10 3 47 29 2 16 48 36 32 49 |30 9 35 21 42 12 23 |19 24 45 11 34 20 41 22 39 17 ||7 |37 18 |28 |31 |8 1 |4 |5 46 |25 40 |50 ||26 6 |33 15 |13 43 |14 44 
9788.08 146412
19 45 30 36 16 2 48 47 29 11 3 |32 35 21 20 41 17 |27 24 38 10 23 12 42 22 39 34 49 ||40 |50 44 |5 26 46 |1 33 |7 |25 |43 13 4 14 |9 6 |31 28 |37 18 |8 15 |
10366.4 142139
38 19 39 34 17 |35 21 20 41 22 42 12 23 10 |30 27 24 45 3 11 29 2 16 48 47 36 32 49 ||37 18 |6 4 |7 25 |43 50 ||26 1 |5 46 |33 15 28 |31 |14 13 8 |40 |44 |9 
11706.9 140329
42 27 3 11 47 29 2 16 48 36 32 49 |20 45 24 38 10 12 23 |19 30 35 21 34 41 22 14 39 17 ||7 40 |25 46 |43 5 |8 |37 |33 15 50 28 |31 26 |4 44 13 6 1 |9 |18 
12024.7 140207
30 27 24 45 3 11 29 47 48 2 16 36 35 21 34 17 |19 38 20 39 32 49 |41 22 42 12 23 10 ||37 18 |6 4 |5 28 43 |14 |31 |26 |1 15 |46 |25 40 7 |50 ||13 |44 |33 9 8 |
12658.6 139960

Execution time: 2.289 seconds
