Time:0
Last Iter:10
Last Update:10
Tabu:0
Last Time0
13
38 26 35 49 21 27 18 11 39 |7 22 31 15 48 |25 10 9 2 42 37 29 50 45 ||13 |23 |43 |1 20 47 |32 6 8 36 |17 46 14 |28 33 24 |41 19 |40 |30 16 |44 |3 |4 34 5 12 
10797.9 115205
21 35 26 38 2 42 10 45 |47 37 29 48 15 50 ||18 11 7 9 1 25 ||44 34 |22 31 12 |28 33 8 36 |39 27 |32 |13 49 |24 41 |19 14 |5 40 23 16 |4 30 43 |17 46 |6 20 3 
12023.5 114282
2 21 18 11 7 |38 26 35 25 |46 10 9 42 47 32 37 29 48 15 50 45 ||49 13 |6 3 1 |17 8 |12 31 |14 |41 19 |16 23 30 4 |39 5 |40 |20 24 |34 44 36 43 |28 33 |27 |22 |
12235.6 109525
37 29 2 9 38 26 25 |21 35 10 50 ||48 15 18 11 7 45 ||13 43 |1 20 47 |32 6 8 36 |17 46 14 |28 33 24 |41 19 |40 |44 34 23 16 |22 31 12 |42 |5 4 |27 39 |49 |30 |3 
12463.7 103858
38 26 35 25 |27 9 2 10 37 29 50 45 |48 15 21 18 11 7 ||13 43 |1 20 47 |32 6 8 36 |17 46 14 |41 19 |28 33 24 |40 |22 16 |12 5 |44 |49 23 |39 30 |4 3 |42 |34 31 
12769.5 96485.5
29 37 20 2 9 10 |7 11 18 21 35 26 38 25 |48 15 50 45 ||32 |39 27 13 |44 36 |40 |19 |30 34 16 |12 5 |22 31 |41 17 |28 42 47 3 |23 4 6 8 |49 43 |46 14 |24 33 1 
13102.5 95934.6
7 15 48 50 45 |29 37 2 9 10 |11 18 21 35 26 38 25 ||1 43 |32 6 8 36 |14 46 17 |28 33 24 |41 |13 |5 |47 42 |19 |23 |12 22 |16 44 |49 |30 |4 31 34 |3 20 |27 39 40 
13336.8 87415.3
7 15 48 50 45 |29 37 2 9 10 |11 18 21 35 26 38 25 ||43 1 |20 47 8 |32 6 |36 |46 14 19 |40 16 |41 24 |17 |39 13 |42 28 33 |22 |27 |5 |12 34 23 |44 |49 |3 |4 30 |31 
14169.2 86643.4
7 15 48 50 45 |29 37 2 9 10 |11 18 21 35 26 38 25 ||40 43 |1 20 |32 6 8 36 |47 |28 33 24 |46 |19 41 |13 |23 |14 |22 16 |12 5 |44 |49 |39 |30 4 |42 3 |34 31 |27 17 
14475.6 86135.8
11 18 21 35 26 38 25 |7 15 48 50 45 |29 37 2 9 10 ||1 |47 |43 |6 8 36 |14 46 17 |28 24 |33 |13 |41 19 |32 |40 |22 16 23 |12 5 |44 |49 |39 |30 4 |42 3 20 |34 31 |27 
15229.3 83902.4
7 15 48 50 45 |29 37 2 9 10 |11 18 21 35 26 38 25 ||1 |47 |43 |6 8 36 |14 46 17 |28 24 |33 |13 |41 19 |32 |23 |40 |22 16 |12 5 |44 |49 |39 |30 4 |20 3 |34 31 |27 |42 
15607.7 83488.2
7 15 48 50 45 |29 37 2 9 10 |11 18 21 35 26 38 25 ||43 |27 |32 6 8 36 |14 46 17 |28 33 24 |41 |3 42 20 |5 |47 |30 23 |40 |22 16 |12 |13 |19 |44 |31 |49 |1 |4 |34 |39 
18368.8 82981.6
7 15 48 50 45 |29 37 2 9 10 |11 18 21 35 26 38 25 ||23 |43 |1 |47 8 36 |32 |40 4 |12 16 |33 24 |46 |44 |20 3 |28 |22 |13 49 |5 |19 |14 |31 |6 |17 |41 |34 30 |27 |42 |39 |
21464.6 82826.9

Time:1
Last Iter:10
Last Update:10
Tabu:0
Last Time1
13
38 26 35 49 21 27 18 11 39 |7 22 31 15 48 |25 10 9 2 42 37 29 50 45 ||13 |23 |43 |1 20 47 |32 6 8 36 |17 46 14 |28 33 24 |41 19 |40 |30 16 |44 |3 |4 34 5 12 
10797.9 115205
21 35 26 38 2 42 10 45 |47 37 29 48 15 50 ||18 11 7 9 1 25 ||44 34 |22 31 12 |28 33 8 36 |39 27 |32 |13 49 |24 41 |19 14 |5 40 23 16 |4 30 43 |17 46 |6 20 3 
12023.5 114282
2 21 18 11 7 |38 26 35 25 |46 10 9 42 47 32 37 29 48 15 50 45 ||49 13 |6 3 1 |17 8 |12 31 |14 |41 19 |16 23 30 4 |39 5 |40 |20 24 |34 44 36 43 |28 33 |27 |22 |
12235.6 109525
37 29 2 9 38 26 25 |21 35 10 50 ||48 15 18 11 7 45 ||13 43 |1 20 47 |32 6 8 36 |17 46 14 |28 33 24 |41 19 |40 |44 34 23 16 |22 31 12 |42 |5 4 |27 39 |49 |30 |3 
12463.7 103858
38 26 35 25 |27 9 2 10 37 29 50 45 |48 15 21 18 11 7 ||13 43 |1 20 47 |32 6 8 36 |17 46 14 |41 19 |28 33 24 |40 |22 16 |12 5 |44 |49 23 |39 30 |4 3 |42 |34 31 
12769.5 96485.5
29 37 20 2 9 10 |7 11 18 21 35 26 38 25 |48 15 50 45 ||32 |39 27 13 |44 36 |40 |19 |30 34 16 |12 5 |22 31 |41 17 |28 42 47 3 |23 4 6 8 |49 43 |46 14 |24 33 1 
13102.5 95934.6
7 15 48 50 45 |29 37 2 9 10 |11 18 21 35 26 38 25 ||1 43 |32 6 8 36 |14 46 17 |28 33 24 |41 |13 |5 |47 42 |19 |23 |12 22 |16 44 |49 |30 |4 31 34 |3 20 |27 39 40 
13336.8 87415.3
7 15 48 50 45 |29 37 2 9 10 |11 18 21 35 26 38 25 ||43 1 |20 47 8 |32 6 |36 |46 14 19 |40 16 |41 24 |17 |39 13 |42 28 33 |22 |27 |5 |12 34 23 |44 |49 |3 |4 30 |31 
14169.2 86643.4
7 15 48 50 45 |29 37 2 9 10 |11 18 21 35 26 38 25 ||40 43 |1 20 |32 6 8 36 |47 |28 33 24 |46 |19 41 |13 |23 |14 |22 16 |12 5 |44 |49 |39 |30 4 |42 3 |34 31 |27 17 
14475.6 86135.8
11 18 21 35 26 38 25 |7 15 48 50 45 |29 37 2 9 10 ||1 |47 |43 |6 8 36 |14 46 17 |28 24 |33 |13 |41 19 |32 |40 |22 16 23 |12 5 |44 |49 |39 |30 4 |42 3 20 |34 31 |27 
15229.3 83902.4
7 15 48 50 45 |29 37 2 9 10 |11 18 21 35 26 38 25 ||1 |47 |43 |6 8 36 |14 46 17 |28 24 |33 |13 |41 19 |32 |23 |40 |22 16 |12 5 |44 |49 |39 |30 4 |20 3 |34 31 |27 |42 
15607.7 83488.2
7 15 48 50 45 |29 37 2 9 10 |11 18 21 35 26 38 25 ||43 |27 |32 6 8 36 |14 46 17 |28 33 24 |41 |3 42 20 |5 |47 |30 23 |40 |22 16 |12 |13 |19 |44 |31 |49 |1 |4 |34 |39 
18368.8 82981.6
7 15 48 50 45 |29 37 2 9 10 |11 18 21 35 26 38 25 ||23 |43 |1 |47 8 36 |32 |40 4 |12 16 |33 24 |46 |44 |20 3 |28 |22 |13 49 |5 |19 |14 |31 |6 |17 |41 |34 30 |27 |42 |39 |
21464.6 82826.9

Time:0
Last Iter:10
Last Update:10
Tabu:0
Last Time0
13
10 9 42 2 47 3 45 |21 18 11 7 31 15 48 6 |38 19 46 26 35 25 37 29 50 ||32 |27 |16 23 36 1 |17 41 |33 |5 |14 |39 40 30 |43 34 12 |49 13 8 |4 44 22 |28 24 20 
10716.4 132725
16 30 22 10 9 33 38 25 |35 26 2 32 37 29 48 15 50 45 |21 18 11 7 36 ||31 12 |24 28 |13 49 27 39 23 |8 43 1 |3 |46 14 |41 |17 19 |34 44 6 |20 47 42 |4 5 40 
11820.1 127461
38 26 35 25 |37 28 24 20 10 9 42 2 47 3 45 |21 18 11 7 31 15 48 6 29 50 ||19 |32 |46 41 |27 |5 |16 23 36 1 |17 33 |14 |39 40 30 |43 34 12 |49 13 8 |4 44 22 
12446.2 127227
48 11 18 27 13 49 21 |25 38 46 26 35 7 |15 29 37 2 9 10 50 45 ||31 |19 14 |23 36 44 |30 5 40 |20 32 |33 43 |3 6 |34 12 22 |4 8 16 1 |17 41 |28 24 |47 42 |39 
12573.9 123212
7 12 5 11 18 |9 15 48 29 37 3 2 20 10 50 45 |41 21 35 26 38 25 ||46 17 |1 36 23 |28 33 |42 |31 |6 |27 |24 8 |4 44 22 |32 |40 39 49 |16 13 |34 30 |47 |14 19 43 
12800.9 112671
9 2 10 50 45 |11 37 29 48 15 7 30 |18 21 38 19 14 26 35 17 25 ||46 43 36 |13 39 |47 20 3 1 |41 |31 |8 23 49 |28 33 |6 44 4 |5 40 |32 42 |24 |27 |16 |34 12 22 
12843.7 107000
35 26 41 38 25 45 |21 11 18 7 |2 9 10 37 29 48 15 50 ||47 43 |13 17 46 |28 24 |32 |19 14 |27 |42 33 36 |12 31 |6 |44 20 3 1 |23 5 34 8 |4 22 |40 39 49 |16 |30 
12960.5 96307.5
11 18 21 35 26 38 25 |2 9 10 7 |37 29 15 48 50 45 ||36 |22 31 |32 28 |33 43 |42 20 3 |47 |49 13 |46 |40 39 |24 |1 6 |27 |23 |16 |8 |34 12 44 |4 |5 30 |19 14 17 |41 
13369.3 91000.1
7 48 15 50 45 |29 37 9 2 10 |11 18 21 35 26 38 25 ||30 4 34 36 |28 24 |14 |3 42 20 |47 32 |49 13 |46 |40 39 |17 41 |8 44 |27 |23 |33 |6 43 16 |31 22 12 |1 |5 |19 
13491.5 89897.2
11 18 21 35 26 38 25 |7 15 48 50 45 |10 9 2 37 29 ||31 |43 |33 36 |32 |28 42 20 3 |47 |49 13 |46 |40 39 |24 |1 6 |27 |23 |16 4 |22 8 |34 12 44 |5 30 |19 14 17 |41 
14012.4 86662.8
11 18 21 35 26 38 25 |7 15 48 50 45 |10 9 2 37 29 ||31 22 36 |3 42 20 1 |47 32 |24 28 |14 |49 13 |46 |40 39 |6 |27 |23 |43 |16 |8 |44 34 4 |12 |30 |5 |19 17 |41 33 
14994.6 84034
11 18 21 35 26 38 25 |7 15 48 50 45 |10 9 2 37 29 ||30 |46 36 23 |28 33 |42 20 3 |22 |31 |4 |24 |40 49 13 |44 8 |27 |39 |47 |41 |14 |17 |6 |1 |32 |12 5 |19 43 |34 |16 
16819.5 83990.5
11 18 21 35 26 38 25 |9 2 10 37 29 50 45 |48 15 7 ||30 |34 36 |28 |27 |42 3 |22 31 |20 32 |4 12 44 |19 17 |14 46 |24 |33 43 |6 |47 |23 |1 |49 |39 |8 |40 |5 |13 |41 |16 
20036.7 83764.8

Time:0
Last Iter:10
Last Update:10
Tabu:0
Last Time0
13
10 9 42 2 47 3 45 |21 18 11 7 31 15 48 6 |38 19 46 26 35 25 37 29 50 ||32 |27 |16 23 36 1 |17 41 |33 |5 |14 |39 40 30 |43 34 12 |49 13 8 |4 44 22 |28 24 20 
10716.4 132725
16 30 22 10 9 33 38 25 |35 26 2 32 37 29 48 15 50 45 |21 18 11 7 36 ||31 12 |24 28 |13 49 27 39 23 |8 43 1 |3 |46 14 |41 |17 19 |34 44 6 |20 47 42 |4 5 40 
11820.1 127461
38 26 35 25 |37 28 24 20 10 9 42 2 47 3 45 |21 18 11 7 31 15 48 6 29 50 ||19 |32 |46 41 |27 |5 |16 23 36 1 |17 33 |14 |39 40 30 |43 34 12 |49 13 8 |4 44 22 
12446.2 127227
48 11 18 27 13 49 21 |25 38 46 26 35 7 |15 29 37 2 9 10 50 45 ||31 |19 14 |23 36 44 |30 5 40 |20 32 |33 43 |3 6 |34 12 22 |4 8 16 1 |17 41 |28 24 |47 42 |39 
12573.9 123212
7 12 5 11 18 |9 15 48 29 37 3 2 20 10 50 45 |41 21 35 26 38 25 ||46 17 |1 36 23 |28 33 |42 |31 |6 |27 |24 8 |4 44 22 |32 |40 39 49 |16 13 |34 30 |47 |14 19 43 
12800.9 112671
9 2 10 50 45 |11 37 29 48 15 7 30 |18 21 38 19 14 26 35 17 25 ||46 43 36 |13 39 |47 20 3 1 |41 |31 |8 23 49 |28 33 |6 44 4 |5 40 |32 42 |24 |27 |16 |34 12 22 
12843.7 107000
35 26 41 38 25 45 |21 11 18 7 |2 9 10 37 29 48 15 50 ||47 43 |13 17 46 |28 24 |32 |19 14 |27 |42 33 36 |12 31 |6 |44 20 3 1 |23 5 34 8 |4 22 |40 39 49 |16 |30 
12960.5 96307.5
11 18 21 35 26 38 25 |2 9 10 7 |37 29 15 48 50 45 ||36 |22 31 |32 28 |33 43 |42 20 3 |47 |49 13 |46 |40 39 |24 |1 6 |27 |23 |16 |8 |34 12 44 |4 |5 30 |19 14 17 |41 
13369.3 91000.1
7 48 15 50 45 |29 37 9 2 10 |11 18 21 35 26 38 25 ||30 4 34 36 |28 24 |14 |3 42 20 |47 32 |49 13 |46 |40 39 |17 41 |8 44 |27 |23 |33 |6 43 16 |31 22 12 |1 |5 |19 
13491.5 89897.2
11 18 21 35 26 38 25 |7 15 48 50 45 |10 9 2 37 29 ||31 |43 |33 36 |32 |28 42 20 3 |47 |49 13 |46 |40 39 |24 |1 6 |27 |23 |16 4 |22 8 |34 12 44 |5 30 |19 14 17 |41 
14012.4 86662.8
11 18 21 35 26 38 25 |7 15 48 50 45 |10 9 2 37 29 ||31 22 36 |3 42 20 1 |47 32 |24 28 |14 |49 13 |46 |40 39 |6 |27 |23 |43 |16 |8 |44 34 4 |12 |30 |5 |19 17 |41 33 
14994.6 84034
11 18 21 35 26 38 25 |7 15 48 50 45 |10 9 2 37 29 ||30 |46 36 23 |28 33 |42 20 3 |22 |31 |4 |24 |40 49 13 |44 8 |27 |39 |47 |41 |14 |17 |6 |1 |32 |12 5 |19 43 |34 |16 
16819.5 83990.5
11 18 21 35 26 38 25 |9 2 10 37 29 50 45 |48 15 7 ||30 |34 36 |28 |27 |42 3 |22 31 |20 32 |4 12 44 |19 17 |14 46 |24 |33 43 |6 |47 |23 |1 |49 |39 |8 |40 |5 |13 |41 |16 
20036.7 83764.8

Time:1
Last Iter:10
Last Update:10
Tabu:0
Last Time1
15
8 45 16 25 35 41 9 2 47 37 29 |48 6 32 10 50 38 26 |11 18 21 7 22 15 ||24 28 |17 46 |30 5 12 |27 |42 20 3 1 |23 40 |31 |14 |39 49 13 43 |36 4 34 44 |33 |19 |
10910.2 165467
2 35 26 38 24 33 25 50 |9 4 44 15 48 29 37 10 1 45 |32 21 18 11 7 ||43 28 |13 27 |16 |39 30 |12 5 |6 3 20 36 |34 31 |47 42 |19 |46 17 23 |40 49 |8 22 |41 14 
10949.6 123066
21 18 11 5 7 15 |35 26 38 10 48 44 8 |25 28 9 2 42 37 29 50 45 ||32 |17 14 |19 |46 41 36 |12 6 |24 33 |27 40 |34 4 23 16 |13 49 39 |22 31 |30 43 |1 3 20 47 
11746.6 120996
22 37 2 9 10 45 |7 15 48 6 29 50 ||32 11 18 21 35 26 38 25 ||46 |31 44 23 |19 41 |4 30 |1 24 |14 |28 42 43 |16 8 34 12 |39 40 |5 |47 3 20 36 |17 33 |13 49 27 
11752.7 105477
35 26 46 38 25 |10 9 2 37 45 |21 18 11 7 15 48 29 50 ||43 28 |13 27 40 |12 5 16 |22 30 |1 |49 39 |6 3 20 36 |34 31 |47 42 |19 |17 8 23 |4 32 |14 41 |24 33 |44 
12757.6 96771.3
48 15 7 |11 18 21 35 26 38 25 |10 9 2 37 29 50 45 ||43 28 |13 27 40 |12 5 16 |22 30 |1 |49 39 |6 3 20 36 |32 4 |31 34 44 |33 24 17 |8 23 |47 42 |41 14 |19 |46 |
13713.4 89706.6
11 18 21 35 26 38 25 |10 9 2 37 29 50 45 |48 15 7 ||1 28 |49 16 |39 30 |12 5 |22 |27 40 |31 |6 3 20 36 |34 |47 42 43 |19 |17 13 8 23 |4 32 |14 41 |24 33 |44 |46 |
14550.9 89258.4
11 18 21 35 26 38 25 |10 9 2 37 29 50 45 |48 15 7 ||33 |13 |44 1 |34 4 |30 |39 |5 12 |28 |19 14 |24 43 36 |23 22 |47 42 8 |40 49 |46 |32 6 |31 |3 20 |27 |16 |17 41 |
14894.9 87216.3
11 18 21 35 26 38 25 |10 9 2 37 29 50 45 |48 15 7 ||1 |39 49 |12 5 30 |28 |19 14 |27 |22 |6 |40 36 |3 20 47 |24 |34 31 |33 |44 8 4 |13 |16 |42 43 |32 |46 41 |17 23 
15349 86430
11 18 21 35 26 38 25 |10 9 2 37 29 50 45 |48 15 7 ||49 |39 |1 28 |14 |27 |30 |5 12 |22 31 |40 |6 3 20 36 |34 |47 |19 |13 |17 |33 |4 |16 8 |44 |24 |43 |42 32 |41 46 |23 
15658.4 83870.5
11 18 21 35 26 38 25 |10 9 2 37 29 50 45 |48 15 7 ||28 |49 16 |14 |22 31 |1 |39 27 30 |5 12 |40 |19 |3 |20 36 |34 |42 47 |6 |13 |17 |32 |8 4 |41 |44 |43 |24 33 |46 |23 
15833.5 83552.6
11 18 21 35 26 38 25 |10 9 2 37 29 50 45 |48 15 7 ||1 |49 |39 30 |12 5 |22 |27 40 |47 |31 |14 |3 20 36 |34 |28 |19 |6 |13 |17 |33 |4 |16 8 |44 |24 |43 |42 32 |41 46 |23 
16634.1 83387.1
11 18 21 35 26 38 25 |10 9 2 37 29 50 45 |48 15 7 ||49 |39 |1 28 |14 |27 |30 |5 12 |22 31 |40 |3 20 36 |34 |47 |19 |6 |13 |17 |33 |4 |16 8 |44 |24 |43 |42 32 |41 46 |23 
16976.7 83006.4
11 18 21 35 26 38 25 |10 9 2 37 29 50 45 |48 15 7 ||33 |6 |44 12 |34 4 |30 |17 |40 23 |20 8 |27 |22 |28 |47 36 |42 32 |5 16 |39 13 |14 46 |1 |19 |49 |24 |43 |31 |41 |3 
20072.7 82538.2
11 18 21 35 26 38 25 |10 9 2 37 29 50 45 |48 15 7 ||1 |49 |12 |27 |39 |5 |3 |14 |34 |22 36 |20 |40 |6 |47 |31 |19 |28 42 |13 |17 |33 |4 |16 8 |44 |24 |32 43 |30 |46 41 |23 
21896.6 82443

Time:0
Last Iter:10
Last Update:10
Tabu:0
Last Time0
16
40 11 18 21 13 26 38 41 10 2 50 |44 22 37 32 9 35 |29 6 48 15 31 7 45 25 19 ||23 28 |8 4 17 |5 |12 |20 3 |27 39 |1 47 42 |46 |24 33 43 36 16 |30 34 |49 |14 |
11533.8 193188
5 31 15 37 25 |43 45 8 16 4 44 48 32 2 9 38 26 35 |21 49 18 11 7 50 29 10 ||34 30 36 |13 33 |41 19 |14 46 17 |1 3 47 |28 24 |39 27 40 |12 22 23 |20 42 |6 |
11774 183457
10 9 2 47 37 29 6 48 15 50 45 |21 39 18 11 30 7 23 |25 38 26 35 13 8 16 ||20 |31 |5 44 |3 32 |42 |41 19 |12 22 4 |43 17 |40 27 49 |34 1 |28 33 24 |46 14 36 
11858 118112
18 15 48 37 29 50 45 |35 21 11 7 |26 38 9 2 10 25 ||41 |8 49 |19 46 17 |23 27 |1 32 20 |22 31 |47 |6 44 4 16 |30 5 12 |33 24 |40 |3 42 28 43 |13 14 |39 34 36 
12668 100289
7 22 15 48 |10 9 2 37 29 50 45 |11 18 21 35 26 38 25 ||23 12 |31 |19 14 |46 36 |44 30 |47 32 |13 39 40 |42 |49 27 |41 8 |5 4 43 |17 1 |20 28 33 24 |3 |6 34 16 
13414.5 95413
11 18 21 35 26 25 |38 9 2 10 |7 15 48 37 29 50 45 ||5 |6 |32 16 |44 3 20 |13 |19 14 |47 8 |30 39 |41 |12 22 4 |43 17 |40 27 49 |34 1 |28 33 24 |46 |23 |36 |42 |31 
14890 91627.5
15 48 37 29 50 45 |35 26 38 9 10 25 |2 21 18 11 7 ||31 34 |13 17 |44 43 16 |40 |19 14 |47 8 |30 39 |41 |32 3 20 |12 22 4 |27 49 |42 1 |46 |23 |36 5 |24 33 |28 |6 
15261.7 91445
10 9 2 37 29 50 45 |11 18 21 35 26 38 |7 15 48 25 ||31 |39 |5 |22 4 23 |40 |24 |19 |47 8 |30 |41 |46 |6 |16 |13 49 |33 1 36 |32 20 |28 17 |27 |14 |3 42 |44 34 12 |43 |
15700.6 90367.2
2 21 18 11 7 |15 48 37 29 50 45 |35 26 38 9 10 25 ||31 |39 |5 |22 4 23 |40 |17 16 |13 44 |19 14 |47 8 |30 |41 |32 3 20 |12 36 |6 |27 49 |34 1 |28 33 24 |46 |43 |42 
16291.6 89509
2 9 10 45 |21 18 11 35 26 38 25 |7 15 48 37 29 50 ||31 |5 |41 16 |32 |19 |3 20 |14 13 |47 8 |22 |44 39 |6 4 |43 17 |12 |27 |34 |40 |24 |1 |30 36 |49 |46 28 |42 33 |23 
17294.6 88086.4
2 9 10 45 |11 18 21 35 26 38 25 |7 15 48 37 29 50 ||22 30 |41 |32 |31 |19 |3 20 |44 16 13 |47 8 |14 |5 39 |6 4 |43 17 |12 |27 |34 |40 |24 |1 |28 33 |49 36 |23 |46 |42 
17551.5 87818.7
2 9 10 45 |11 18 21 35 26 38 25 |7 15 48 37 29 50 ||40 |5 |6 32 3 |22 16 |33 44 |41 43 |49 39 |46 |30 |47 |20 4 |13 17 |14 19 |27 |34 |24 |31 8 36 |1 28 |12 |42 |23 
17637.1 86472.4
2 9 10 45 |21 18 11 35 26 38 25 |7 15 48 37 29 50 ||12 16 |40 |22 |20 |30 36 |41 |13 |19 43 |47 8 |1 |32 |14 46 17 |3 |49 |28 24 23 |42 |31 |39 27 |5 |6 |34 |33 44 |4 
17891.8 86003
2 9 10 45 |11 18 21 35 26 38 25 |7 15 48 37 29 50 ||40 30 |12 |22 31 |6 |44 43 16 |3 32 |49 39 |41 46 |47 |13 |19 |14 |24 20 |27 |42 |34 |8 |28 33 23 |4 |5 |36 |17 |1 
18913.6 85987.5
2 9 10 45 |11 18 21 35 26 38 25 |7 15 48 37 29 50 ||22 30 |44 |41 |32 16 |19 |3 20 |14 13 |47 8 |5 39 |6 4 |43 17 |12 |27 |34 |40 |24 |1 |28 33 |49 36 |23 |46 |42 |31 
18918 85741.5
10 9 2 37 29 50 45 |11 18 21 35 26 38 25 |48 15 7 ||5 |6 |32 16 |44 |19 |3 20 |14 13 |47 8 |41 |30 39 |22 4 |43 17 |12 |27 |34 |40 |24 |1 |28 33 |49 36 |23 |46 |42 |31 
18968.4 83982.8

Time:0
Last Iter:10
Last Update:10
Tabu:0
Last Time0
16
40 11 18 21 13 26 38 41 10 2 50 |44 22 37 32 9 35 |29 6 48 15 31 7 45 25 19 ||23 28 |8 4 17 |5 |12 |20 3 |27 39 |1 47 42 |46 |24 33 43 36 16 |30 34 |49 |14 |
11533.8 193188
5 31 15 37 25 |43 45 8 16 4 44 48 32 2 9 38 26 35 |21 49 18 11 7 50 29 10 ||34 30 36 |13 33 |41 19 |14 46 17 |1 3 47 |28 24 |39 27 40 |12 22 23 |20 42 |6 |
11774 183457
10 9 2 47 37 29 6 48 15 50 45 |21 39 18 11 30 7 23 |25 38 26 35 13 8 16 ||20 |31 |5 44 |3 32 |42 |41 19 |12 22 4 |43 17 |40 27 49 |34 1 |28 33 24 |46 14 36 
11858 118112
18 15 48 37 29 50 45 |35 21 11 7 |26 38 9 2 10 25 ||41 |8 49 |19 46 17 |23 27 |1 32 20 |22 31 |47 |6 44 4 16 |30 5 12 |33 24 |40 |3 42 28 43 |13 14 |39 34 36 
12668 100289
7 22 15 48 |10 9 2 37 29 50 45 |11 18 21 35 26 38 25 ||23 12 |31 |19 14 |46 36 |44 30 |47 32 |13 39 40 |42 |49 27 |41 8 |5 4 43 |17 1 |20 28 33 24 |3 |6 34 16 
13414.5 95413
11 18 21 35 26 25 |38 9 2 10 |7 15 48 37 29 50 45 ||5 |6 |32 16 |44 3 20 |13 |19 14 |47 8 |30 39 |41 |12 22 4 |43 17 |40 27 49 |34 1 |28 33 24 |46 |23 |36 |42 |31 
14890 91627.5
15 48 37 29 50 45 |35 26 38 9 10 25 |2 21 18 11 7 ||31 34 |13 17 |44 43 16 |40 |19 14 |47 8 |30 39 |41 |32 3 20 |12 22 4 |27 49 |42 1 |46 |23 |36 5 |24 33 |28 |6 
15261.7 91445
10 9 2 37 29 50 45 |11 18 21 35 26 38 |7 15 48 25 ||31 |39 |5 |22 4 23 |40 |24 |19 |47 8 |30 |41 |46 |6 |16 |13 49 |33 1 36 |32 20 |28 17 |27 |14 |3 42 |44 34 12 |43 |
15700.6 90367.2
2 21 18 11 7 |15 48 37 29 50 45 |35 26 38 9 10 25 ||31 |39 |5 |22 4 23 |40 |17 16 |13 44 |19 14 |47 8 |30 |41 |32 3 20 |12 36 |6 |27 49 |34 1 |28 33 24 |46 |43 |42 
16291.6 89509
2 9 10 45 |21 18 11 35 26 38 25 |7 15 48 37 29 50 ||31 |5 |41 16 |32 |19 |3 20 |14 13 |47 8 |22 |44 39 |6 4 |43 17 |12 |27 |34 |40 |24 |1 |30 36 |49 |46 28 |42 33 |23 
17294.6 88086.4
2 9 10 45 |11 18 21 35 26 38 25 |7 15 48 37 29 50 ||22 30 |41 |32 |31 |19 |3 20 |44 16 13 |47 8 |14 |5 39 |6 4 |43 17 |12 |27 |34 |40 |24 |1 |28 33 |49 36 |23 |46 |42 
17551.5 87818.7
2 9 10 45 |11 18 21 35 26 38 25 |7 15 48 37 29 50 ||40 |5 |6 32 3 |22 16 |33 44 |41 43 |49 39 |46 |30 |47 |20 4 |13 17 |14 19 |27 |34 |24 |31 8 36 |1 28 |12 |42 |23 
17637.1 86472.4
2 9 10 45 |21 18 11 35 26 38 25 |7 15 48 37 29 50 ||12 16 |40 |22 |20 |30 36 |41 |13 |19 43 |47 8 |1 |32 |14 46 17 |3 |49 |28 24 23 |42 |31 |39 27 |5 |6 |34 |33 44 |4 
17891.8 86003
2 9 10 45 |11 18 21 35 26 38 25 |7 15 48 37 29 50 ||40 30 |12 |22 31 |6 |44 43 16 |3 32 |49 39 |41 46 |47 |13 |19 |14 |24 20 |27 |42 |34 |8 |28 33 23 |4 |5 |36 |17 |1 
18913.6 85987.5
2 9 10 45 |11 18 21 35 26 38 25 |7 15 48 37 29 50 ||22 30 |44 |41 |32 16 |19 |3 20 |14 13 |47 8 |5 39 |6 4 |43 17 |12 |27 |34 |40 |24 |1 |28 33 |49 36 |23 |46 |42 |31 
18918 85741.5
10 9 2 37 29 50 45 |11 18 21 35 26 38 25 |48 15 7 ||5 |6 |32 16 |44 |19 |3 20 |14 13 |47 8 |41 |30 39 |22 4 |43 17 |12 |27 |34 |40 |24 |1 |28 33 |49 36 |23 |46 |42 |31 
18968.4 83982.8

Time:1
Last Iter:10
Last Update:10
Tabu:0
Last Time1
22
9 10 2 47 3 50 45 |32 37 29 48 15 12 34 7 |11 18 21 13 35 26 14 19 38 25 ||23 |17 |43 1 20 |30 |46 28 |6 |33 42 |24 41 |5 44 |31 |40 39 49 |36 8 4 22 |27 16 
10515.6 127150
7 11 18 21 49 |15 48 29 37 2 9 10 45 |35 26 38 25 50 ||30 5 40 |36 8 44 6 1 |20 47 32 |17 19 43 |28 33 24 |3 42 |27 |16 39 23 4 |14 46 |12 22 31 34 |13 |41 |
12281 107028
2 9 38 26 25 |21 18 11 7 15 48 50 45 |29 37 10 35 ||6 44 |32 |41 |40 |17 |5 |20 |28 33 1 8 |4 30 39 |31 |3 47 42 36 |22 12 34 23 16 |43 24 |13 49 27 |19 14 46 
13210.5 102499
15 48 2 10 50 |29 37 9 45 |7 11 18 21 35 26 38 25 ||32 |13 40 |36 8 1 20 |49 |46 19 |6 |12 34 44 |24 41 |5 |27 |39 30 16 |43 4 |22 31 |3 47 23 |17 14 |28 42 |33 |
14349 102238
18 7 15 48 37 29 50 |38 9 2 10 45 |11 21 35 26 25 ||40 49 |31 |13 39 30 |34 6 1 |20 47 32 |17 19 43 |28 33 24 |3 42 |22 16 23 |46 |4 44 12 |27 8 36 |5 |41 14 |
14898.1 97041.9
10 2 9 38 26 35 |21 18 11 7 |15 25 48 37 29 50 45 ||17 |32 1 |30 36 4 23 |27 39 40 |14 41 |28 |20 3 |16 |5 43 |19 |6 |31 |24 |49 |22 34 8 |42 47 |44 |13 46 |12 |33 |
15066.8 95590.2
11 18 21 35 26 38 25 |48 15 7 4 |10 9 2 37 29 50 45 ||27 13 |39 5 |24 33 28 |1 20 3 32 36 |17 44 |12 6 |40 |22 |19 |43 16 30 |49 |47 |46 23 8 |31 34 |41 |42 |14 
15130.7 92805.2
11 18 21 35 25 |7 15 48 37 29 50 ||26 38 9 2 10 45 ||40 49 |31 |13 39 |34 6 |17 41 19 |32 |5 30 |1 24 33 43 |46 36 |16 27 |44 |4 |23 |22 8 |42 47 20 |3 |28 |12 |14 
15244.8 92020.1
10 2 9 38 26 35 25 |21 18 11 7 |15 48 37 29 50 45 ||40 49 |13 30 |23 6 1 |20 |42 |31 |39 27 |5 43 |24 3 36 |19 41 |16 4 |14 |17 |22 34 8 |28 47 |32 44 |46 |12 |33 |
15458.1 90203.8
11 18 21 35 26 38 25 |48 15 7 4 |10 9 2 37 29 50 45 ||23 |17 |14 41 |46 19 |1 6 8 |20 47 |40 |12 34 44 |24 3 |5 |27 |39 |43 |30 |49 |32 |33 |28 42 |22 |31 |36 16 13 |
15833.6 89705.1
11 18 21 35 26 38 25 |48 15 7 4 |10 9 2 37 29 50 45 ||23 |17 |14 41 |39 27 |28 |1 20 3 32 36 |40 |16 |5 43 |6 |24 |19 |31 |30 |49 |34 22 8 |13 44 |42 47 |46 |12 |33 |
15932 88469.6
11 18 21 35 26 38 25 |48 15 7 4 |10 9 2 37 29 50 45 ||23 |17 |14 41 |27 39 |28 |1 20 3 32 36 |40 16 |5 43 |19 |6 |31 |24 |30 |49 |22 34 8 |42 47 |13 44 |46 |12 |33 |
15968.3 87387.9
11 18 21 35 26 38 25 |48 15 7 4 |10 9 2 37 29 50 45 ||23 |14 |32 |17 |3 |43 1 20 28 |39 27 |36 |16 |40 |31 44 |24 |5 |6 |19 |30 |49 8 |22 34 |13 |42 47 |46 |12 |33 41 |
15983.8 87155.8
10 2 9 38 26 35 25 |21 18 11 7 |15 48 37 29 50 45 ||17 |40 |32 1 |30 36 4 23 |27 39 |14 41 |28 |20 |12 34 44 |24 3 |6 16 |19 |31 |49 |22 8 |42 47 |13 43 |46 |5 |33 |
15995.3 86523.3
11 18 21 35 26 38 25 |48 15 7 4 |10 9 2 37 29 50 45 ||23 |17 |14 |39 27 |28 |1 |20 3 32 |36 |16 |40 |44 5 |19 43 |24 |6 |31 |30 |49 8 |22 34 |13 |42 47 |46 |12 |33 41 |
16573 86265.7
11 18 21 35 26 38 25 |48 15 7 4 |10 9 2 37 29 50 45 ||23 |17 |14 |39 27 |28 |1 |20 3 32 |36 |16 |40 43 |31 44 |24 |5 |6 |19 |30 |49 8 |22 34 |13 |42 47 |46 |12 |33 41 |
16607.8 85708.6
10 2 9 38 26 35 25 |21 18 11 7 |15 48 37 29 50 45 ||40 |39 |41 |36 |19 43 |27 16 |23 |44 |49 |1 20 3 |4 12 |24 28 |17 |6 |13 |30 |22 31 |46 33 |8 |42 47 |14 |34 |32 |5 
17122.5 84596.4
10 2 9 38 26 35 25 |21 18 11 7 |15 48 37 29 50 45 ||30 |20 |19 |27 |6 32 3 |1 36 |31 12 34 23 |24 28 43 |47 |41 17 |40 49 |44 |8 16 |39 |5 |14 |33 |13 |42 |22 4 |46 |
17154.2 84378.8
10 2 9 38 26 35 25 |21 18 11 7 |15 48 37 29 50 45 ||40 |39 |41 |36 |19 43 |27 16 |23 |44 |46 |1 20 3 |4 12 |24 28 |17 |6 |31 |30 |49 8 |22 34 |13 |42 47 |14 |33 |32 |5 
17909.5 84288
11 18 21 35 26 38 25 |48 15 7 4 |10 9 2 37 29 50 45 ||6 |3 |39 |17 |19 |40 23 |49 |44 |1 20 |47 |31 12 |24 28 |32 |5 |43 |30 |27 |46 33 |22 34 8 |42 16 |13 |36 |41 |14 
19000.6 84115.8
10 2 9 38 26 35 25 |21 18 11 7 |15 48 37 29 50 45 ||30 |20 |19 |27 |6 32 3 |1 36 |31 12 34 23 |24 28 43 |46 17 |40 |49 |44 |47 |41 |8 16 |39 |5 |14 |33 |13 |42 |22 4 |
20471.8 83621.8
10 2 9 38 26 35 25 |21 18 11 7 |15 48 37 29 50 45 ||41 |20 |19 |27 |32 3 |1 |31 12 23 |44 |24 43 |46 17 |14 |40 |28 |6 |36 16 |30 |49 |22 34 8 |42 47 |5 |33 |13 4 |39 
20789.6 83471.3

Time:0
Last Iter:10
Last Update:10
Tabu:0
Last Time0
20
46 19 35 26 38 42 2 37 15 |47 10 9 50 48 7 11 |13 49 21 39 18 5 45 25 29 ||16 30 34 44 |28 24 |41 |36 32 |40 |1 20 3 |4 12 31 |27 |6 |22 |23 14 |8 33 43 |17 |
11661.2 193698
10 22 15 48 6 37 29 50 8 45 |2 25 38 41 19 14 26 17 35 49 21 16 |9 18 27 39 11 30 5 12 7 4 ||34 |40 |33 |24 28 |32 |31 |1 20 3 |44 23 |46 |13 |47 |43 42 36 
11748.6 146986
21 39 18 11 7 50 |32 37 29 48 15 |42 47 25 35 26 38 9 2 10 1 45 ||30 12 5 |20 |41 |24 |49 13 17 |4 31 22 |27 |23 16 43 |46 19 |40 |33 3 |14 |34 |36 8 44 6 |28 
11754.7 124775
7 15 29 28 33 |18 11 37 2 9 10 45 |48 50 21 35 26 38 25 ||42 47 3 |6 |17 43 |16 44 31 |20 |22 |24 |30 5 23 |1 32 |40 13 |41 14 |49 39 27 |46 19 36 |8 4 34 12 
11795.7 115087
7 5 11 18 21 35 26 25 45 |37 29 48 15 50 ||38 9 2 10 ||42 |27 13 |33 24 |44 1 43 |49 39 |40 |17 46 14 |16 36 8 4 12 34 |28 47 3 |31 22 |32 6 |30 |41 19 |23 |20 
11916.2 103698
37 38 26 35 |10 2 9 25 45 |21 18 11 7 15 48 29 50 ||42 |17 |30 5 12 |31 34 4 16 |36 1 20 3 |28 33 |19 |22 |6 32 |44 8 23 43 |13 39 |47 24 |14 41 |40 |46 |27 49 |
13369.2 99367.4
10 2 9 25 45 |21 18 11 7 15 48 29 50 ||37 38 26 35 ||49 |47 42 |12 5 23 |43 1 20 |24 |19 |30 34 16 |13 17 |3 4 8 |22 31 |46 41 |28 33 |6 32 |14 |40 |36 |44 |39 27 |
13788.7 96435.8
9 2 10 38 26 35 25 |15 48 29 37 50 45 |21 18 11 7 ||36 |14 |42 47 3 |6 |17 43 |16 31 |20 |5 |13 23 |1 32 |39 27 40 |41 24 |30 12 34 |28 4 |49 |22 44 8 |19 46 |33 |
14370.8 89597
50 48 15 7 |11 18 21 35 26 38 25 |29 37 2 9 10 45 ||42 47 |23 |14 |27 |17 43 |24 |19 |6 |30 34 16 |13 1 |3 4 8 |22 31 |46 41 |28 33 |44 12 36 |49 39 40 |20 32 |5 |
14767 89519.2
48 15 7 |11 29 37 2 9 10 50 45 |18 21 35 26 38 25 ||49 |47 42 |12 5 23 |43 1 20 |24 |19 |30 34 16 |13 17 |3 4 8 |22 31 |46 41 |28 33 |32 36 |44 |27 40 |14 |6 |39 |
15133.6 88789.5
15 48 29 37 2 9 10 50 45 |38 26 35 25 |7 11 18 21 ||49 |47 42 |12 5 23 |17 43 |24 |19 |30 34 16 |13 1 |3 4 8 |22 31 |46 41 |28 33 |20 32 |14 |40 |6 |36 |44 |39 27 |
15632.4 88721.1
9 2 10 38 26 35 25 |15 48 29 37 50 45 |21 18 11 7 ||47 3 |42 33 |17 |6 16 |40 |1 20 43 |31 22 |14 41 |27 |32 |39 36 |34 30 12 |13 |24 |28 |4 |5 |23 46 |44 8 |49 |19 
16017.9 88111
15 48 29 37 2 9 10 50 45 |38 26 35 25 |7 11 18 21 ||3 |47 42 |14 |23 |28 43 |41 |19 |6 20 |13 |12 5 |1 |49 17 |24 |30 34 16 |4 8 |22 31 |46 |33 |40 |32 |44 36 |39 27 
16114.7 86358.9
9 2 10 38 26 35 25 |15 48 29 37 50 45 |21 18 11 7 ||42 47 36 |6 |14 |19 46 |20 1 23 |27 49 |12 5 |3 |17 |22 31 |24 |43 |13 30 16 |34 |39 |28 32 |4 |41 |44 8 |33 |40 
18062.2 85898.7
9 2 10 38 26 35 25 |15 48 29 37 50 45 |21 18 11 7 ||42 47 36 |44 |6 |39 |13 |17 43 |27 49 23 |40 |12 16 |20 1 |14 |19 |3 4 |34 |22 |46 24 |30 |32 |28 |41 |5 |31 |33 |8 
18169.9 84349.4
11 18 21 35 26 38 25 |10 9 2 37 29 50 45 |48 15 7 ||42 47 |23 |39 |17 43 |27 |44 |28 |14 19 |24 41 |32 4 |22 12 34 16 |6 36 |31 |46 1 |30 |20 3 |13 |33 |5 |49 |8 |40 |
18460.8 84155.9
48 15 7 |11 18 21 35 26 38 25 |10 9 2 37 29 50 45 ||32 47 3 |6 |39 |43 |14 13 |28 |20 |41 |42 |5 44 |16 23 |1 |17 |22 31 |46 24 |30 |34 |33 |27 40 |12 |4 |49 |19 |36 8 
19159.7 83947
11 18 21 35 26 38 25 |10 9 2 37 29 50 45 |48 15 7 ||32 47 3 |6 |39 |43 |14 13 |28 |20 |41 |42 |5 44 |16 23 |1 |17 |22 |30 34 |33 24 |27 40 |31 12 |4 |49 |19 |36 8 |46 
20111 83858.9
11 18 21 35 26 38 25 |10 9 2 37 29 50 45 |48 15 7 ||32 47 3 |6 |39 |43 |13 |28 |20 |14 41 |42 |5 44 |16 23 |1 |17 |19 |30 34 |22 |24 33 |27 40 |31 12 |4 |49 |36 8 |46 
20518.4 83608.2
11 18 21 35 26 38 25 |10 9 2 37 29 50 45 |48 15 7 ||44 |47 |6 |3 |39 |43 |13 |28 |20 |42 1 |12 34 |49 17 |41 |14 |30 23 16 |24 |31 22 |32 |40 4 |27 |5 |46 |19 |36 8 |33 
21077.1 82037.4

Time:1
Last Iter:10
Last Update:10
Tabu:0
Last Time1
20
46 19 35 26 38 42 2 37 15 |47 10 9 50 48 7 11 |13 49 21 39 18 5 45 25 29 ||16 30 34 44 |28 24 |41 |36 32 |40 |1 20 3 |4 12 31 |27 |6 |22 |23 14 |8 33 43 |17 |
11661.2 193698
10 22 15 48 6 37 29 50 8 45 |2 25 38 41 19 14 26 17 35 49 21 16 |9 18 27 39 11 30 5 12 7 4 ||34 |40 |33 |24 28 |32 |31 |1 20 3 |44 23 |46 |13 |47 |43 42 36 
11748.6 146986
21 39 18 11 7 50 |32 37 29 48 15 |42 47 25 35 26 38 9 2 10 1 45 ||30 12 5 |20 |41 |24 |49 13 17 |4 31 22 |27 |23 16 43 |46 19 |40 |33 3 |14 |34 |36 8 44 6 |28 
11754.7 124775
7 15 29 28 33 |18 11 37 2 9 10 45 |48 50 21 35 26 38 25 ||42 47 3 |6 |17 43 |16 44 31 |20 |22 |24 |30 5 23 |1 32 |40 13 |41 14 |49 39 27 |46 19 36 |8 4 34 12 
11795.7 115087
7 5 11 18 21 35 26 25 45 |37 29 48 15 50 ||38 9 2 10 ||42 |27 13 |33 24 |44 1 43 |49 39 |40 |17 46 14 |16 36 8 4 12 34 |28 47 3 |31 22 |32 6 |30 |41 19 |23 |20 
11916.2 103698
37 38 26 35 |10 2 9 25 45 |21 18 11 7 15 48 29 50 ||42 |17 |30 5 12 |31 34 4 16 |36 1 20 3 |28 33 |19 |22 |6 32 |44 8 23 43 |13 39 |47 24 |14 41 |40 |46 |27 49 |
13369.2 99367.4
10 2 9 25 45 |21 18 11 7 15 48 29 50 ||37 38 26 35 ||49 |47 42 |12 5 23 |43 1 20 |24 |19 |30 34 16 |13 17 |3 4 8 |22 31 |46 41 |28 33 |6 32 |14 |40 |36 |44 |39 27 |
13788.7 96435.8
9 2 10 38 26 35 25 |15 48 29 37 50 45 |21 18 11 7 ||36 |14 |42 47 3 |6 |17 43 |16 31 |20 |5 |13 23 |1 32 |39 27 40 |41 24 |30 12 34 |28 4 |49 |22 44 8 |19 46 |33 |
14370.8 89597
50 48 15 7 |11 18 21 35 26 38 25 |29 37 2 9 10 45 ||42 47 |23 |14 |27 |17 43 |24 |19 |6 |30 34 16 |13 1 |3 4 8 |22 31 |46 41 |28 33 |44 12 36 |49 39 40 |20 32 |5 |
14767 89519.2
48 15 7 |11 29 37 2 9 10 50 45 |18 21 35 26 38 25 ||49 |47 42 |12 5 23 |43 1 20 |24 |19 |30 34 16 |13 17 |3 4 8 |22 31 |46 41 |28 33 |32 36 |44 |27 40 |14 |6 |39 |
15133.6 88789.5
15 48 29 37 2 9 10 50 45 |38 26 35 25 |7 11 18 21 ||49 |47 42 |12 5 23 |17 43 |24 |19 |30 34 16 |13 1 |3 4 8 |22 31 |46 41 |28 33 |20 32 |14 |40 |6 |36 |44 |39 27 |
15632.4 88721.1
9 2 10 38 26 35 25 |15 48 29 37 50 45 |21 18 11 7 ||47 3 |42 33 |17 |6 16 |40 |1 20 43 |31 22 |14 41 |27 |32 |39 36 |34 30 12 |13 |24 |28 |4 |5 |23 46 |44 8 |49 |19 
16017.9 88111
15 48 29 37 2 9 10 50 45 |38 26 35 25 |7 11 18 21 ||3 |47 42 |14 |23 |28 43 |41 |19 |6 20 |13 |12 5 |1 |49 17 |24 |30 34 16 |4 8 |22 31 |46 |33 |40 |32 |44 36 |39 27 
16114.7 86358.9
9 2 10 38 26 35 25 |15 48 29 37 50 45 |21 18 11 7 ||42 47 36 |6 |14 |19 46 |20 1 23 |27 49 |12 5 |3 |17 |22 31 |24 |43 |13 30 16 |34 |39 |28 32 |4 |41 |44 8 |33 |40 
18062.2 85898.7
9 2 10 38 26 35 25 |15 48 29 37 50 45 |21 18 11 7 ||42 47 36 |44 |6 |39 |13 |17 43 |27 49 23 |40 |12 16 |20 1 |14 |19 |3 4 |34 |22 |46 24 |30 |32 |28 |41 |5 |31 |33 |8 
18169.9 84349.4
11 18 21 35 26 38 25 |10 9 2 37 29 50 45 |48 15 7 ||42 47 |23 |39 |17 43 |27 |44 |28 |14 19 |24 41 |32 4 |22 12 34 16 |6 36 |31 |46 1 |30 |20 3 |13 |33 |5 |49 |8 |40 |
18460.8 84155.9
48 15 7 |11 18 21 35 26 38 25 |10 9 2 37 29 50 45 ||32 47 3 |6 |39 |43 |14 13 |28 |20 |41 |42 |5 44 |16 23 |1 |17 |22 31 |46 24 |30 |34 |33 |27 40 |12 |4 |49 |19 |36 8 
19159.7 83947
11 18 21 35 26 38 25 |10 9 2 37 29 50 45 |48 15 7 ||32 47 3 |6 |39 |43 |14 13 |28 |20 |41 |42 |5 44 |16 23 |1 |17 |22 |30 34 |33 24 |27 40 |31 12 |4 |49 |19 |36 8 |46 
20111 83858.9
11 18 21 35 26 38 25 |10 9 2 37 29 50 45 |48 15 7 ||32 47 3 |6 |39 |43 |13 |28 |20 |14 41 |42 |5 44 |16 23 |1 |17 |19 |30 34 |22 |24 33 |27 40 |31 12 |4 |49 |36 8 |46 
20518.4 83608.2
11 18 21 35 26 38 25 |10 9 2 37 29 50 45 |48 15 7 ||44 |47 |6 |3 |39 |43 |13 |28 |20 |42 1 |12 34 |49 17 |41 |14 |30 23 16 |24 |31 22 |32 |40 4 |27 |5 |46 |19 |36 8 |33 
21077.1 82037.4

Time:0
Last Iter:10
Last Update:10
Tabu:0
Last Time0
20
46 19 35 26 38 42 2 37 15 |47 10 9 50 48 7 11 |13 49 21 39 18 5 45 25 29 ||16 30 34 44 |28 24 |41 |36 32 |40 |1 20 3 |4 12 31 |27 |6 |22 |23 14 |8 33 43 |17 |
11661.2 193698
10 22 15 48 6 37 29 50 8 45 |2 25 38 41 19 14 26 17 35 49 21 16 |9 18 27 39 11 30 5 12 7 4 ||34 |40 |33 |24 28 |32 |31 |1 20 3 |44 23 |46 |13 |47 |43 42 36 
11748.6 146986
21 39 18 11 7 50 |32 37 29 48 15 |42 47 25 35 26 38 9 2 10 1 45 ||30 12 5 |20 |41 |24 |49 13 17 |4 31 22 |27 |23 16 43 |46 19 |40 |33 3 |14 |34 |36 8 44 6 |28 
11754.7 124775
7 15 29 28 33 |18 11 37 2 9 10 45 |48 50 21 35 26 38 25 ||42 47 3 |6 |17 43 |16 44 31 |20 |22 |24 |30 5 23 |1 32 |40 13 |41 14 |49 39 27 |46 19 36 |8 4 34 12 
11795.7 115087
7 5 11 18 21 35 26 25 45 |37 29 48 15 50 ||38 9 2 10 ||42 |27 13 |33 24 |44 1 43 |49 39 |40 |17 46 14 |16 36 8 4 12 34 |28 47 3 |31 22 |32 6 |30 |41 19 |23 |20 
11916.2 103698
37 38 26 35 |10 2 9 25 45 |21 18 11 7 15 48 29 50 ||42 |17 |30 5 12 |31 34 4 16 |36 1 20 3 |28 33 |19 |22 |6 32 |44 8 23 43 |13 39 |47 24 |14 41 |40 |46 |27 49 |
13369.2 99367.4
10 2 9 25 45 |21 18 11 7 15 48 29 50 ||37 38 26 35 ||49 |47 42 |12 5 23 |43 1 20 |24 |19 |30 34 16 |13 17 |3 4 8 |22 31 |46 41 |28 33 |6 32 |14 |40 |36 |44 |39 27 |
13788.7 96435.8
9 2 10 38 26 35 25 |15 48 29 37 50 45 |21 18 11 7 ||36 |14 |42 47 3 |6 |17 43 |16 31 |20 |5 |13 23 |1 32 |39 27 40 |41 24 |30 12 34 |28 4 |49 |22 44 8 |19 46 |33 |
14370.8 89597
50 48 15 7 |11 18 21 35 26 38 25 |29 37 2 9 10 45 ||42 47 |23 |14 |27 |17 43 |24 |19 |6 |30 34 16 |13 1 |3 4 8 |22 31 |46 41 |28 33 |44 12 36 |49 39 40 |20 32 |5 |
14767 89519.2
48 15 7 |11 29 37 2 9 10 50 45 |18 21 35 26 38 25 ||49 |47 42 |12 5 23 |43 1 20 |24 |19 |30 34 16 |13 17 |3 4 8 |22 31 |46 41 |28 33 |32 36 |44 |27 40 |14 |6 |39 |
15133.6 88789.5
15 48 29 37 2 9 10 50 45 |38 26 35 25 |7 11 18 21 ||49 |47 42 |12 5 23 |17 43 |24 |19 |30 34 16 |13 1 |3 4 8 |22 31 |46 41 |28 33 |20 32 |14 |40 |6 |36 |44 |39 27 |
15632.4 88721.1
9 2 10 38 26 35 25 |15 48 29 37 50 45 |21 18 11 7 ||47 3 |42 33 |17 |6 16 |40 |1 20 43 |31 22 |14 41 |27 |32 |39 36 |34 30 12 |13 |24 |28 |4 |5 |23 46 |44 8 |49 |19 
16017.9 88111
15 48 29 37 2 9 10 50 45 |38 26 35 25 |7 11 18 21 ||3 |47 42 |14 |23 |28 43 |41 |19 |6 20 |13 |12 5 |1 |49 17 |24 |30 34 16 |4 8 |22 31 |46 |33 |40 |32 |44 36 |39 27 
16114.7 86358.9
9 2 10 38 26 35 25 |15 48 29 37 50 45 |21 18 11 7 ||42 47 36 |6 |14 |19 46 |20 1 23 |27 49 |12 5 |3 |17 |22 31 |24 |43 |13 30 16 |34 |39 |28 32 |4 |41 |44 8 |33 |40 
18062.2 85898.7
9 2 10 38 26 35 25 |15 48 29 37 50 45 |21 18 11 7 ||42 47 36 |44 |6 |39 |13 |17 43 |27 49 23 |40 |12 16 |20 1 |14 |19 |3 4 |34 |22 |46 24 |30 |32 |28 |41 |5 |31 |33 |8 
18169.9 84349.4
11 18 21 35 26 38 25 |10 9 2 37 29 50 45 |48 15 7 ||42 47 |23 |39 |17 43 |27 |44 |28 |14 19 |24 41 |32 4 |22 12 34 16 |6 36 |31 |46 1 |30 |20 3 |13 |33 |5 |49 |8 |40 |
18460.8 84155.9
48 15 7 |11 18 21 35 26 38 25 |10 9 2 37 29 50 45 ||32 47 3 |6 |39 |43 |14 13 |28 |20 |41 |42 |5 44 |16 23 |1 |17 |22 31 |46 24 |30 |34 |33 |27 40 |12 |4 |49 |19 |36 8 
19159.7 83947
11 18 21 35 26 38 25 |10 9 2 37 29 50 45 |48 15 7 ||32 47 3 |6 |39 |43 |14 13 |28 |20 |41 |42 |5 44 |16 23 |1 |17 |22 |30 34 |33 24 |27 40 |31 12 |4 |49 |19 |36 8 |46 
20111 83858.9
11 18 21 35 26 38 25 |10 9 2 37 29 50 45 |48 15 7 ||32 47 3 |6 |39 |43 |13 |28 |20 |14 41 |42 |5 44 |16 23 |1 |17 |19 |30 34 |22 |24 33 |27 40 |31 12 |4 |49 |36 8 |46 
20518.4 83608.2
11 18 21 35 26 38 25 |10 9 2 37 29 50 45 |48 15 7 ||44 |47 |6 |3 |39 |43 |13 |28 |20 |42 1 |12 34 |49 17 |41 |14 |30 23 16 |24 |31 22 |32 |40 4 |27 |5 |46 |19 |36 8 |33 
21077.1 82037.4

