Time:0
Last Iter:10
Last Update:10
Tabu:0
Last Time0
4
6 17 14 9 33 3 19 12 40 |5 22 1 31 39 |42 10 43 27 35 4 44 38 50 36 15 ||49 7 |34 |28 16 41 |8 30 26 |21 23 |46 |37 |13 |29 |24 25 20 18 48 |47 45 |32 11 2 |
9003.41 133655
6 17 14 9 33 3 19 12 40 |5 22 1 31 39 |42 10 43 27 35 4 44 38 50 36 15 ||23 |34 |28 16 30 18 |49 37 7 |13 |21 |41 32 29 |46 |24 |48 25 |8 26 45 |20 |11 2 |47 
9146.29 133241
6 17 14 9 33 3 19 12 40 |5 22 1 31 39 |42 10 43 27 35 4 44 38 50 36 15 ||47 7 |49 34 |28 16 30 18 |23 41 |21 |37 32 29 |24 25 |13 46 48 |8 26 45 |20 |11 2 |
9813.76 131755
6 17 14 9 33 3 19 12 40 |5 22 1 31 39 |42 10 43 27 35 4 44 38 50 36 15 ||30 |49 7 |34 |28 16 41 |21 23 |18 |20 |37 32 |47 24 25 |13 46 48 |8 26 45 |11 2 |29 |
10242.5 131356

Time:1
Last Iter:10
Last Update:10
Tabu:0
Last Time1
4
6 17 14 9 33 3 19 12 40 |5 22 1 31 39 |42 10 43 27 35 4 44 38 50 36 15 ||49 7 |34 |28 16 41 |8 30 26 |21 23 |46 |37 |13 |29 |24 25 20 18 48 |47 45 |32 11 2 |
9003.41 133655
6 17 14 9 33 3 19 12 40 |5 22 1 31 39 |42 10 43 27 35 4 44 38 50 36 15 ||23 |34 |28 16 30 18 |49 37 7 |13 |21 |41 32 29 |46 |24 |48 25 |8 26 45 |20 |11 2 |47 
9146.29 133241
6 17 14 9 33 3 19 12 40 |5 22 1 31 39 |42 10 43 27 35 4 44 38 50 36 15 ||47 7 |49 34 |28 16 30 18 |23 41 |21 |37 32 29 |24 25 |13 46 48 |8 26 45 |20 |11 2 |
9813.76 131755
6 17 14 9 33 3 19 12 40 |5 22 1 31 39 |42 10 43 27 35 4 44 38 50 36 15 ||30 |49 7 |34 |28 16 41 |21 23 |18 |20 |37 32 |47 24 25 |13 46 48 |8 26 45 |11 2 |29 |
10242.5 131356

Time:0
Last Iter:10
Last Update:9
Tabu:0
Last Time0
6
13 9 2 33 3 19 12 40 |42 10 43 27 35 36 50 38 4 44 15 |39 22 5 17 14 6 31 ||8 |24 |30 34 25 26 20 |32 46 |45 |29 11 |21 23 |28 16 48 18 |1 49 37 |7 41 |47 
8807.09 137643
43 39 22 5 17 6 31 |42 4 44 33 9 3 19 12 40 |14 10 27 35 50 36 38 15 ||2 32 49 |23 21 |29 11 |24 34 30 |47 7 1 45 |26 |37 |28 16 46 41 |25 48 20 |8 |18 |13 |
10182 133332
40 33 9 29 3 19 12 |42 39 22 5 17 14 6 31 |10 43 27 35 36 50 38 4 44 15 ||32 49 41 |8 45 |2 11 |47 7 |34 16 46 18 |23 21 |25 |28 20 24 |30 |13 48 |26 |1 37 
11036.5 132511
22 33 4 44 39 31 |5 6 17 14 40 3 19 12 |9 42 10 43 27 35 50 36 38 15 ||8 45 24 |30 34 25 |20 26 |32 11 |29 21 23 |28 16 46 48 18 |1 49 41 |47 7 37 |13 2 |
11079.4 130795
22 33 4 44 39 31 |5 6 17 14 40 3 19 12 |9 42 10 43 27 35 50 36 38 15 ||8 45 24 |30 34 25 |20 26 |32 11 29 |21 23 |28 16 46 48 18 |1 49 37 |7 41 |47 |13 2 |
11091.8 130178
44 4 35 50 36 38 15 |33 27 31 22 5 6 17 14 40 3 19 12 |9 43 10 42 39 ||8 45 24 |30 34 25 |20 26 |32 11 29 |21 23 |28 16 48 18 |37 49 |1 7 41 |47 |13 2 |46 |
12185.3 127677

Time:0
Last Iter:10
Last Update:9
Tabu:0
Last Time0
6
13 9 2 33 3 19 12 40 |42 10 43 27 35 36 50 38 4 44 15 |39 22 5 17 14 6 31 ||8 |24 |30 34 25 26 20 |32 46 |45 |29 11 |21 23 |28 16 48 18 |1 49 37 |7 41 |47 
8807.09 137643
43 39 22 5 17 6 31 |42 4 44 33 9 3 19 12 40 |14 10 27 35 50 36 38 15 ||2 32 49 |23 21 |29 11 |24 34 30 |47 7 1 45 |26 |37 |28 16 46 41 |25 48 20 |8 |18 |13 |
10182 133332
40 33 9 29 3 19 12 |42 39 22 5 17 14 6 31 |10 43 27 35 36 50 38 4 44 15 ||32 49 41 |8 45 |2 11 |47 7 |34 16 46 18 |23 21 |25 |28 20 24 |30 |13 48 |26 |1 37 
11036.5 132511
22 33 4 44 39 31 |5 6 17 14 40 3 19 12 |9 42 10 43 27 35 50 36 38 15 ||8 45 24 |30 34 25 |20 26 |32 11 |29 21 23 |28 16 46 48 18 |1 49 41 |47 7 37 |13 2 |
11079.4 130795
22 33 4 44 39 31 |5 6 17 14 40 3 19 12 |9 42 10 43 27 35 50 36 38 15 ||8 45 24 |30 34 25 |20 26 |32 11 29 |21 23 |28 16 46 48 18 |1 49 37 |7 41 |47 |13 2 |
11091.8 130178
44 4 35 50 36 38 15 |33 27 31 22 5 6 17 14 40 3 19 12 |9 43 10 42 39 ||8 45 24 |30 34 25 |20 26 |32 11 29 |21 23 |28 16 48 18 |37 49 |1 7 41 |47 |13 2 |46 |
12185.3 127677

Time:0
Last Iter:10
Last Update:9
Tabu:0
Last Time0
6
13 9 2 33 3 19 12 40 |42 10 43 27 35 36 50 38 4 44 15 |39 22 5 17 14 6 31 ||8 |24 |30 34 25 26 20 |32 46 |45 |29 11 |21 23 |28 16 48 18 |1 49 37 |7 41 |47 
8807.09 137643
43 39 22 5 17 6 31 |42 4 44 33 9 3 19 12 40 |14 10 27 35 50 36 38 15 ||2 32 49 |23 21 |29 11 |24 34 30 |47 7 1 45 |26 |37 |28 16 46 41 |25 48 20 |8 |18 |13 |
10182 133332
40 33 9 29 3 19 12 |42 39 22 5 17 14 6 31 |10 43 27 35 36 50 38 4 44 15 ||32 49 41 |8 45 |2 11 |47 7 |34 16 46 18 |23 21 |25 |28 20 24 |30 |13 48 |26 |1 37 
11036.5 132511
22 33 4 44 39 31 |5 6 17 14 40 3 19 12 |9 42 10 43 27 35 50 36 38 15 ||8 45 24 |30 34 25 |20 26 |32 11 |29 21 23 |28 16 46 48 18 |1 49 41 |47 7 37 |13 2 |
11079.4 130795
22 33 4 44 39 31 |5 6 17 14 40 3 19 12 |9 42 10 43 27 35 50 36 38 15 ||8 45 24 |30 34 25 |20 26 |32 11 29 |21 23 |28 16 46 48 18 |1 49 37 |7 41 |47 |13 2 |
11091.8 130178
44 4 35 50 36 38 15 |33 27 31 22 5 6 17 14 40 3 19 12 |9 43 10 42 39 ||8 45 24 |30 34 25 |20 26 |32 11 29 |21 23 |28 16 48 18 |37 49 |1 7 41 |47 |13 2 |46 |
12185.3 127677

Time:0
Last Iter:10
Last Update:9
Tabu:0
Last Time0
6
13 9 2 33 3 19 12 40 |42 10 43 27 35 36 50 38 4 44 15 |39 22 5 17 14 6 31 ||8 |24 |30 34 25 26 20 |32 46 |45 |29 11 |21 23 |28 16 48 18 |1 49 37 |7 41 |47 
8807.09 137643
43 39 22 5 17 6 31 |42 4 44 33 9 3 19 12 40 |14 10 27 35 50 36 38 15 ||2 32 49 |23 21 |29 11 |24 34 30 |47 7 1 45 |26 |37 |28 16 46 41 |25 48 20 |8 |18 |13 |
10182 133332
40 33 9 29 3 19 12 |42 39 22 5 17 14 6 31 |10 43 27 35 36 50 38 4 44 15 ||32 49 41 |8 45 |2 11 |47 7 |34 16 46 18 |23 21 |25 |28 20 24 |30 |13 48 |26 |1 37 
11036.5 132511
22 33 4 44 39 31 |5 6 17 14 40 3 19 12 |9 42 10 43 27 35 50 36 38 15 ||8 45 24 |30 34 25 |20 26 |32 11 |29 21 23 |28 16 46 48 18 |1 49 41 |47 7 37 |13 2 |
11079.4 130795
22 33 4 44 39 31 |5 6 17 14 40 3 19 12 |9 42 10 43 27 35 50 36 38 15 ||8 45 24 |30 34 25 |20 26 |32 11 29 |21 23 |28 16 46 48 18 |1 49 37 |7 41 |47 |13 2 |
11091.8 130178
44 4 35 50 36 38 15 |33 27 31 22 5 6 17 14 40 3 19 12 |9 43 10 42 39 ||8 45 24 |30 34 25 |20 26 |32 11 29 |21 23 |28 16 48 18 |37 49 |1 7 41 |47 |13 2 |46 |
12185.3 127677

Time:1
Last Iter:10
Last Update:9
Tabu:0
Last Time1
6
13 9 2 33 3 19 12 40 |42 10 43 27 35 36 50 38 4 44 15 |39 22 5 17 14 6 31 ||8 |24 |30 34 25 26 20 |32 46 |45 |29 11 |21 23 |28 16 48 18 |1 49 37 |7 41 |47 
8807.09 137643
43 39 22 5 17 6 31 |42 4 44 33 9 3 19 12 40 |14 10 27 35 50 36 38 15 ||2 32 49 |23 21 |29 11 |24 34 30 |47 7 1 45 |26 |37 |28 16 46 41 |25 48 20 |8 |18 |13 |
10182 133332
40 33 9 29 3 19 12 |42 39 22 5 17 14 6 31 |10 43 27 35 36 50 38 4 44 15 ||32 49 41 |8 45 |2 11 |47 7 |34 16 46 18 |23 21 |25 |28 20 24 |30 |13 48 |26 |1 37 
11036.5 132511
22 33 4 44 39 31 |5 6 17 14 40 3 19 12 |9 42 10 43 27 35 50 36 38 15 ||8 45 24 |30 34 25 |20 26 |32 11 |29 21 23 |28 16 46 48 18 |1 49 41 |47 7 37 |13 2 |
11079.4 130795
22 33 4 44 39 31 |5 6 17 14 40 3 19 12 |9 42 10 43 27 35 50 36 38 15 ||8 45 24 |30 34 25 |20 26 |32 11 29 |21 23 |28 16 46 48 18 |1 49 37 |7 41 |47 |13 2 |
11091.8 130178
44 4 35 50 36 38 15 |33 27 31 22 5 6 17 14 40 3 19 12 |9 43 10 42 39 ||8 45 24 |30 34 25 |20 26 |32 11 29 |21 23 |28 16 48 18 |37 49 |1 7 41 |47 |13 2 |46 |
12185.3 127677

Time:0
Last Iter:10
Last Update:10
Tabu:0
Last Time0
8
13 32 21 9 33 3 19 12 40 |4 44 17 14 6 5 22 31 |39 42 10 43 27 35 36 50 38 15 ||18 |16 |26 30 |47 |2 |28 |1 49 |41 20 48 46 |45 34 |25 24 |23 11 29 |7 37 |8 
9448.95 144082
27 5 6 17 14 9 33 3 19 12 40 |38 36 50 35 28 4 44 15 |22 43 10 42 39 31 ||13 |7 37 |11 2 32 |18 45 |16 |49 1 47 |21 |20 46 25 30 26 34 |29 41 24 |23 |8 48 
10439.7 140895
42 39 9 33 13 3 19 12 |22 10 43 27 35 36 50 4 44 38 15 |31 5 17 14 6 40 ||25 |49 37 32 |23 21 |20 24 8 |47 |46 48 16 |28 45 |11 2 |18 |30 |7 |29 41 |1 |34 26 
10606.3 135056
22 10 43 27 35 36 50 4 44 38 15 |31 5 17 14 6 40 |42 9 33 3 19 12 39 ||25 |20 |45 |48 |37 32 |23 21 |16 46 |11 2 |28 |18 |24 8 |1 7 |30 34 41 |29 |47 |49 26 |13 
11382.2 134345
42 22 39 33 3 19 12 |9 10 43 27 35 36 50 4 44 38 15 |31 5 17 14 6 40 ||25 |20 |45 |11 2 32 |23 |26 28 16 |24 |37 |30 18 |29 21 |7 |46 |1 48 |34 8 |41 |49 47 |13 |
11710 133515
22 10 43 27 35 36 50 4 44 38 15 |31 5 17 14 6 40 |42 9 33 3 19 12 39 ||25 |20 |45 |48 |37 32 |23 21 |16 46 24 |8 |18 |2 |30 34 |1 7 |29 11 41 |47 49 |28 26 |13 
11803.7 132444
22 10 43 27 35 36 50 4 44 38 15 |31 5 17 14 6 40 |42 9 33 3 19 12 39 ||25 |20 |45 |48 |37 32 |23 21 |16 46 |11 2 |28 |24 8 18 |30 34 |1 7 |29 41 |47 49 |26 |13 
12327.1 131509
42 39 9 33 3 19 12 |22 10 43 27 35 36 50 4 44 38 15 |31 5 17 14 6 40 ||25 |34 |46 48 |37 32 |23 21 |16 45 |11 2 |28 |24 8 18 |30 20 |1 7 |29 41 |49 47 |26 |13 
13023.7 128923

Time:0
Last Iter:10
Last Update:10
Tabu:0
Last Time0
8
13 32 21 9 33 3 19 12 40 |4 44 17 14 6 5 22 31 |39 42 10 43 27 35 36 50 38 15 ||18 |16 |26 30 |47 |2 |28 |1 49 |41 20 48 46 |45 34 |25 24 |23 11 29 |7 37 |8 
9448.95 144082
27 5 6 17 14 9 33 3 19 12 40 |38 36 50 35 28 4 44 15 |22 43 10 42 39 31 ||13 |7 37 |11 2 32 |18 45 |16 |49 1 47 |21 |20 46 25 30 26 34 |29 41 24 |23 |8 48 
10439.7 140895
42 39 9 33 13 3 19 12 |22 10 43 27 35 36 50 4 44 38 15 |31 5 17 14 6 40 ||25 |49 37 32 |23 21 |20 24 8 |47 |46 48 16 |28 45 |11 2 |18 |30 |7 |29 41 |1 |34 26 
10606.3 135056
22 10 43 27 35 36 50 4 44 38 15 |31 5 17 14 6 40 |42 9 33 3 19 12 39 ||25 |20 |45 |48 |37 32 |23 21 |16 46 |11 2 |28 |18 |24 8 |1 7 |30 34 41 |29 |47 |49 26 |13 
11382.2 134345
42 22 39 33 3 19 12 |9 10 43 27 35 36 50 4 44 38 15 |31 5 17 14 6 40 ||25 |20 |45 |11 2 32 |23 |26 28 16 |24 |37 |30 18 |29 21 |7 |46 |1 48 |34 8 |41 |49 47 |13 |
11710 133515
22 10 43 27 35 36 50 4 44 38 15 |31 5 17 14 6 40 |42 9 33 3 19 12 39 ||25 |20 |45 |48 |37 32 |23 21 |16 46 24 |8 |18 |2 |30 34 |1 7 |29 11 41 |47 49 |28 26 |13 
11803.7 132444
22 10 43 27 35 36 50 4 44 38 15 |31 5 17 14 6 40 |42 9 33 3 19 12 39 ||25 |20 |45 |48 |37 32 |23 21 |16 46 |11 2 |28 |24 8 18 |30 34 |1 7 |29 41 |47 49 |26 |13 
12327.1 131509
42 39 9 33 3 19 12 |22 10 43 27 35 36 50 4 44 38 15 |31 5 17 14 6 40 ||25 |34 |46 48 |37 32 |23 21 |16 45 |11 2 |28 |24 8 18 |30 20 |1 7 |29 41 |49 47 |26 |13 
13023.7 128923

Time:0
Last Iter:10
Last Update:10
Tabu:0
Last Time0
8
13 32 21 9 33 3 19 12 40 |4 44 17 14 6 5 22 31 |39 42 10 43 27 35 36 50 38 15 ||18 |16 |26 30 |47 |2 |28 |1 49 |41 20 48 46 |45 34 |25 24 |23 11 29 |7 37 |8 
9448.95 144082
27 5 6 17 14 9 33 3 19 12 40 |38 36 50 35 28 4 44 15 |22 43 10 42 39 31 ||13 |7 37 |11 2 32 |18 45 |16 |49 1 47 |21 |20 46 25 30 26 34 |29 41 24 |23 |8 48 
10439.7 140895
42 39 9 33 13 3 19 12 |22 10 43 27 35 36 50 4 44 38 15 |31 5 17 14 6 40 ||25 |49 37 32 |23 21 |20 24 8 |47 |46 48 16 |28 45 |11 2 |18 |30 |7 |29 41 |1 |34 26 
10606.3 135056
22 10 43 27 35 36 50 4 44 38 15 |31 5 17 14 6 40 |42 9 33 3 19 12 39 ||25 |20 |45 |48 |37 32 |23 21 |16 46 |11 2 |28 |18 |24 8 |1 7 |30 34 41 |29 |47 |49 26 |13 
11382.2 134345
42 22 39 33 3 19 12 |9 10 43 27 35 36 50 4 44 38 15 |31 5 17 14 6 40 ||25 |20 |45 |11 2 32 |23 |26 28 16 |24 |37 |30 18 |29 21 |7 |46 |1 48 |34 8 |41 |49 47 |13 |
11710 133515
22 10 43 27 35 36 50 4 44 38 15 |31 5 17 14 6 40 |42 9 33 3 19 12 39 ||25 |20 |45 |48 |37 32 |23 21 |16 46 24 |8 |18 |2 |30 34 |1 7 |29 11 41 |47 49 |28 26 |13 
11803.7 132444
22 10 43 27 35 36 50 4 44 38 15 |31 5 17 14 6 40 |42 9 33 3 19 12 39 ||25 |20 |45 |48 |37 32 |23 21 |16 46 |11 2 |28 |24 8 18 |30 34 |1 7 |29 41 |47 49 |26 |13 
12327.1 131509
42 39 9 33 3 19 12 |22 10 43 27 35 36 50 4 44 38 15 |31 5 17 14 6 40 ||25 |34 |46 48 |37 32 |23 21 |16 45 |11 2 |28 |24 8 18 |30 20 |1 7 |29 41 |49 47 |26 |13 
13023.7 128923

Execution time: 1.865 seconds
