Time:1
Last Iter:10
Last Update:10
Tabu:0
Last Time1
5
20 7 39 45 5 36 25 18 29 40 |44 24 42 38 3 43 33 1 28 32 49 12 13 15 |35 14 22 19 37 8 30 16 27 2 46 26 21 ||31 |41 |11 |48 |17 |50 10 9 |47 |6 4 |23 34 
16263.1 203768
20 35 14 15 12 44 22 37 30 16 27 18 2 46 29 21 |8 5 45 36 25 40 26 |19 13 49 32 1 33 43 3 38 42 39 24 7 ||6 |10 |48 |28 |34 |11 |50 9 |23 |41 |47 |17 |31 |4 
16390.4 198581
5 42 14 35 32 49 12 15 |20 26 44 22 37 19 8 30 16 27 18 2 46 29 40 21 |13 25 36 45 38 3 43 1 33 39 24 7 ||6 |10 |48 |28 |34 |11 |50 ||23 |41 |47 |17 |31 |4 |9 
16678.3 189757
5 45 14 35 32 49 12 15 |20 26 44 22 37 19 8 30 16 27 18 2 46 29 40 21 |13 25 36 1 33 43 3 38 42 39 24 7 ||6 |31 |48 |41 34 |11 |50 ||23 |10 17 |47 |28 |4 |9 
16937.9 188739
20 12 14 15 13 44 37 8 30 16 27 18 2 46 26 |22 25 5 45 36 29 40 21 |19 35 49 32 1 33 43 3 38 42 39 24 7 ||6 |31 |48 |41 |11 |10 |50 ||23 |17 |47 |34 |28 4 |9 
17646.3 187390

Time:1
Last Iter:10
Last Update:10
Tabu:0
Last Time1
4
33 35 14 49 32 1 3 43 38 42 39 24 7 |45 5 36 25 29 40 46 18 2 27 16 30 47 26 21 |20 8 19 37 22 44 13 12 15 ||10 28 |31 |48 9 |4 |17 |50 11 |6 |23 34 41 
15549.7 197551
19 22 44 20 35 32 49 14 12 13 15 |37 36 45 42 38 3 43 1 33 39 24 7 |8 5 25 26 30 16 27 46 2 18 29 40 21 ||23 |6 |17 |10 |9 48 |4 28 |31 |41 34 |11 50 ||47 
16742.9 193800
45 35 14 49 32 1 33 43 38 42 39 24 7 |3 5 36 25 29 40 46 18 2 27 16 30 47 26 21 |20 8 19 37 22 44 13 12 15 ||23 34 |31 |41 |28 11 |10 50 ||48 |9 6 |17 |4 
17678.2 187956
20 25 5 45 36 24 |19 14 12 13 44 22 37 8 30 16 27 18 2 46 29 40 21 |35 26 15 49 32 1 33 43 3 38 42 39 7 ||4 |28 |47 |50 ||48 |17 |31 |9 |34 |23 41 |11 10 |6 
17999.1 186162

Time:2
Last Iter:10
Last Update:10
Tabu:0
Last Time2
7
28 45 5 36 25 29 46 2 18 27 16 30 40 21 |35 49 14 32 42 38 3 43 1 33 17 7 39 24 |20 15 12 13 8 19 37 22 44 26 9 ||47 |23 |41 34 |50 ||4 6 |31 |11 |48 |10 
15782.5 218134
23 20 35 14 32 49 13 12 15 26 |36 44 22 37 19 30 16 27 18 2 46 29 40 21 |8 25 5 45 24 39 42 38 3 43 33 1 7 ||31 |17 |48 9 |50 47 |41 |4 |10 |6 |28 |34 |11 
15985 197143
36 20 14 35 32 49 12 15 |19 37 13 44 22 26 30 16 27 18 2 46 29 40 21 |8 25 5 45 42 38 3 43 1 33 7 39 24 ||50 4 9 |28 |47 48 |23 |34 |41 |31 17 |6 10 |11 
16450.8 194210
19 37 13 44 22 26 30 16 27 18 2 46 29 40 21 |8 25 5 45 42 38 3 43 1 33 31 7 39 24 |36 20 14 35 32 49 12 15 ||10 |6 |4 |41 |9 |28 50 ||23 |48 47 |11 |17 |34 
16508.5 193608
25 38 3 43 33 1 32 35 14 49 12 13 15 |20 42 5 45 36 24 39 7 |19 26 44 22 37 8 30 16 27 18 2 46 29 40 21 ||50 11 9 |28 |47 48 |23 |6 |17 |41 34 |4 |10 |31 
16517.5 188189
25 44 22 37 19 8 30 16 27 18 2 46 29 40 21 |36 20 35 1 33 43 3 38 42 39 24 |5 45 26 7 32 49 14 12 13 15 ||17 |34 |31 |9 6 11 |28 |10 |48 |47 |50 ||41 |4 |23 
16983.4 185106
19 26 44 22 37 8 30 16 27 18 2 46 29 40 21 |25 20 35 32 49 12 13 15 |14 5 45 36 24 39 42 38 3 43 33 1 7 ||50 ||9 |6 |47 48 |23 |34 |41 |31 17 |4 11 |28 10 
17344.8 180010

Time:1
Last Iter:10
Last Update:10
Tabu:0
Last Time1
8
20 7 39 24 5 45 36 25 26 |35 44 22 19 37 8 30 16 27 18 2 46 29 40 21 |14 42 38 3 43 1 33 32 49 12 13 15 ||23 34 |17 |6 48 |31 |9 50 ||47 |41 |10 4 11 |28 
15825.4 198920
19 30 22 44 20 35 14 12 13 15 |37 26 49 32 1 42 38 3 43 33 17 39 7 |8 24 45 5 36 25 16 27 18 2 46 29 40 21 ||41 34 |50 4 |11 10 |23 |6 |31 |47 |28 |9 |48 
16652.8 196318
19 22 44 20 35 14 49 13 12 15 6 |8 45 5 25 36 41 40 29 46 2 18 27 16 30 26 21 |37 32 1 33 43 3 38 42 39 24 7 ||17 |48 |50 4 |11 10 |23 34 |31 |47 9 |28 
16812 194502
35 25 5 45 36 24 39 7 |14 15 13 12 49 32 1 33 43 3 38 42 |20 26 44 22 19 37 8 30 16 27 18 2 46 29 40 21 ||48 |50 4 |11 10 |23 34 |31 |47 9 |28 |6 |41 |17 
16883.2 194294
35 46 30 16 27 2 18 25 5 45 36 29 40 21 |19 14 32 1 33 43 3 38 42 24 39 7 |20 26 8 37 22 44 13 12 49 15 ||28 |34 |41 |31 |9 50 ||4 11 6 |48 |17 10 |23 |47 
16888.7 193975
20 26 48 44 22 19 37 8 30 16 27 18 2 46 29 40 21 |14 42 38 3 43 1 33 32 49 12 13 15 |35 25 36 5 45 24 39 7 ||28 |34 |41 |31 |10 50 ||47 |9 |17 |23 |11 6 |4 |
17053.5 193151
35 29 5 45 36 25 46 2 18 27 16 30 40 21 |19 14 32 1 33 43 3 38 42 24 39 7 |20 26 8 37 22 44 13 12 49 15 ||28 |34 |41 |31 |9 50 ||4 11 6 |48 |10 |17 |23 |47 
17178.1 189418
5 26 20 14 32 49 13 15 |35 36 45 42 38 3 43 1 33 7 39 24 |25 12 44 22 19 37 8 30 16 27 18 2 46 29 40 21 ||17 |9 |31 |28 50 ||47 6 |23 |4 |41 |11 10 |34 |48 
17598.3 187249

Time:1
Last Iter:10
Last Update:6
Tabu:0
Last Time1
3
49 5 45 36 25 29 40 6 13 12 15 |32 44 22 37 19 8 30 16 27 18 2 46 26 21 |20 14 35 1 33 43 3 38 42 39 24 7 ||28 |31 17 |9 48 |11 50 10 |4 |47 |34 23 |41 
15784.3 198763
20 26 44 22 37 8 30 16 27 18 2 46 29 40 21 |19 35 14 32 49 12 13 15 50 10 |45 25 5 36 7 17 1 33 43 3 38 42 39 24 ||23 |41 |31 |11 4 |6 48 9 |47 |34 |28 |
15954.2 193334
25 36 1 33 43 3 38 42 39 24 7 |5 26 20 14 35 28 32 49 12 13 15 |45 48 44 22 19 37 8 30 16 27 18 2 46 29 40 21 ||47 |10 |9 |11 |31 |17 4 50 ||6 |34 23 |41 
16490.1 189229

Time:1
Last Iter:10
Last Update:10
Tabu:0
Last Time1
3
20 48 32 35 14 49 11 12 13 15 |5 25 36 45 42 38 3 43 1 33 7 39 24 |19 26 44 22 37 8 30 16 27 18 2 46 29 40 21 ||17 |31 |34 |6 10 50 ||23 9 |4 |41 |28 |47 |
15486.3 194886
19 8 5 45 36 29 40 46 2 18 27 16 30 26 21 |25 37 22 13 20 35 14 49 12 15 |44 32 42 38 3 43 1 33 39 24 7 ||48 |11 4 10 |41 |50 9 |23 |47 |31 |34 |28 |17 |6 
16343.8 190762
25 37 22 13 20 35 14 49 12 15 |44 32 42 38 3 43 1 33 39 24 7 |19 5 45 36 26 8 30 16 27 18 2 46 29 40 21 ||4 |48 |10 |41 |6 |23 |9 |17 |47 |34 |28 |31 |50 ||11 
18248.4 186337

Time:1
Last Iter:10
Last Update:10
Tabu:0
Last Time1
3
44 20 14 35 32 49 12 13 6 15 50 7 |19 26 22 37 8 30 16 27 18 2 46 29 40 21 |5 25 36 45 1 33 43 3 38 42 39 24 ||48 |47 |41 23 |31 |10 28 |34 |4 17 |9 11 
15476.6 201155
5 15 13 12 20 14 35 49 32 4 |19 26 44 22 37 8 30 16 27 18 2 46 29 40 21 |25 36 45 1 33 43 3 38 42 39 24 7 ||48 |34 |17 |23 |28 |31 |47 |11 50 ||6 9 |10 |41 
15644 190399
19 20 14 32 49 13 12 15 |35 26 44 22 37 8 30 16 27 18 2 46 29 40 21 |5 25 36 45 1 33 43 3 38 42 39 24 7 ||48 |11 |41 |47 |23 |17 |28 50 ||9 10 |34 |31 |4 6 
16093.5 184344

Time:1
Last Iter:10
Last Update:9
Tabu:0
Last Time1
3
25 30 16 8 19 37 22 44 13 12 15 |3 5 45 36 40 29 2 18 27 46 26 21 |20 49 14 35 32 1 33 43 38 42 39 24 7 ||47 |17 50 ||31 |23 |28 |34 |6 9 |41 |48 |11 |4 10 
15045.1 196820
45 44 22 19 37 8 30 16 27 18 2 46 29 40 21 |36 20 35 14 32 28 49 15 12 13 26 |25 5 1 33 43 3 38 42 39 24 7 ||50 48 |47 |23 |41 |11 4 |34 |9 |10 6 |31 17 |
16693.4 188157
22 25 5 36 42 38 3 43 33 7 39 24 |20 1 32 35 14 49 12 13 15 |45 26 44 19 37 8 30 16 27 18 2 46 29 40 21 ||28 |41 |48 50 ||11 4 |34 47 |23 9 |10 6 |31 17 
17142.1 186032

Time:1
Last Iter:10
Last Update:10
Tabu:0
Last Time1
5
27 20 14 35 32 49 13 12 15 26 |25 44 22 37 19 8 30 16 2 46 29 40 21 |18 5 45 36 1 33 3 43 38 42 39 24 7 ||47 |41 |31 |50 ||11 6 |23 34 |28 10 |17 4 |48 9 
15595.7 199347
27 20 35 14 32 49 13 12 15 26 |25 44 22 37 19 8 30 16 2 46 29 40 21 |18 5 45 36 1 33 3 43 38 42 39 24 7 ||10 |31 |17 |41 34 |28 |23 |47 |11 50 ||9 |6 48 |4 
15786.5 198981
22 28 24 39 42 38 3 43 33 1 7 |8 5 45 36 25 40 29 46 2 18 27 16 30 26 21 |19 37 44 20 14 35 32 49 13 12 15 ||9 48 |10 6 |50 ||23 |41 |4 |47 |11 |17 |31 |34 |
15942.3 197516
22 45 24 39 42 38 3 43 33 1 7 |8 5 36 25 40 29 46 2 18 27 16 30 26 21 |19 37 44 20 14 35 32 49 13 12 15 ||23 |48 |4 10 |47 |28 |6 |34 41 |50 ||31 |9 |17 |11 
16229.6 187647
20 45 36 7 1 33 31 43 3 38 42 39 24 |5 35 14 32 49 13 12 15 26 |25 44 22 37 19 8 30 16 27 18 2 46 29 40 21 ||6 |50 ||9 48 |10 |34 |23 |47 |41 |11 4 |28 |17 
18325.1 183698

Time:1
Last Iter:10
Last Update:8
Tabu:0
Last Time1
5
19 22 37 44 20 14 35 32 49 12 13 15 |1 5 45 36 29 40 21 30 16 27 18 2 46 26 |8 25 24 33 43 3 38 42 39 7 ||31 |23 34 |28 |41 |48 9 |50 10 |4 17 |47 |11 |6 
16255.8 198084
19 22 37 44 20 14 35 32 49 12 13 15 |5 45 1 26 30 16 27 18 2 46 29 40 21 |8 25 36 24 33 43 3 38 42 39 7 ||48 |28 |41 23 |9 |4 |47 50 ||31 |10 |34 |6 11 |17 
16379.8 197626
8 15 13 12 35 14 49 32 7 |19 25 5 36 45 42 38 3 43 1 33 39 24 |20 37 22 44 26 30 16 27 18 2 46 29 40 21 ||47 |34 |23 41 |48 |50 10 6 |4 28 |31 17 |9 11 
17835 196135
20 32 35 14 49 12 13 15 |4 25 8 37 22 44 26 30 16 27 18 2 46 29 40 21 |19 5 36 45 24 39 42 38 3 43 1 33 7 ||6 |31 |48 |47 |9 41 |28 11 |17 |34 |23 |50 10 
17877.7 193669
14 19 44 22 37 8 16 30 27 18 2 46 29 40 21 |5 36 25 26 13 12 15 7 |45 20 35 49 32 1 33 38 3 43 42 39 24 ||28 50 ||23 34 41 |31 |48 |6 |11 |47 |4 |10 17 |9 
18029.9 192464

Time:0
Last Iter:10
Last Update:10
Tabu:0
Last Time0
5
19 22 37 44 20 14 35 32 49 12 13 15 |1 5 45 36 29 40 21 30 16 27 18 2 46 26 |8 25 24 33 43 3 38 42 39 7 ||31 |23 34 |28 |41 |48 9 |50 10 |4 17 |47 |11 |6 
16255.8 198084
19 22 37 44 20 14 35 32 49 12 13 15 |5 45 1 26 30 16 27 18 2 46 29 40 21 |8 25 36 24 33 43 3 38 42 39 7 ||48 |28 |41 23 |9 |4 |47 50 ||31 |10 |34 |6 11 |17 
16379.8 197626
8 15 13 12 35 14 49 32 7 |19 25 5 36 45 42 38 3 43 1 33 39 24 |20 37 22 44 26 30 16 27 18 2 46 29 40 21 ||47 |34 |23 41 |48 |50 10 6 |4 28 |31 17 |9 11 
17835 196135
20 32 35 14 49 12 13 15 |4 25 8 37 22 44 26 30 16 27 18 2 46 29 40 21 |19 5 36 45 24 39 42 38 3 43 1 33 7 ||6 |31 |48 |47 |9 41 |28 11 |17 |34 |23 |50 10 
17877.7 193669
14 19 44 22 37 8 16 30 27 18 2 46 29 40 21 |5 36 25 26 13 12 15 7 |45 20 35 49 32 1 33 38 3 43 42 39 24 ||28 50 ||23 34 41 |31 |48 |6 |11 |47 |4 |10 17 |9 
18029.9 192464

