Time:1
Last Iter:10
Last Update:10
Tabu:0
Last Time1
6
37 47 24 27 18 17 6 43 12 22 14 38 |29 48 41 46 20 16 30 28 31 34 39 49 35 |19 13 26 10 3 7 9 4 42 21 ||36 |45 |44 |8 |23 40 2 |15 |32 |33 |25 |50 1 11 |5 
14828.7 195888
41 8 20 16 30 28 31 34 39 9 7 4 35 21 |48 17 29 6 43 18 24 47 19 33 27 14 38 |49 37 13 26 10 3 42 22 ||23 |25 |36 |40 |15 |12 |5 |45 |50 44 |1 |2 |32 |11 |46 
15431.5 192355
41 20 16 30 28 31 34 39 9 4 49 35 21 |48 17 47 19 24 40 44 18 27 14 22 |29 6 43 37 13 10 26 36 7 3 42 38 ||23 |46 |5 |11 |2 |25 |12 8 |15 |33 |45 50 ||32 |1 
15471.3 185943
48 17 29 6 43 47 24 27 18 14 38 22 |3 41 16 20 30 28 31 34 39 49 35 |19 37 42 10 26 13 7 9 4 21 ||33 |32 |8 |46 15 |2 |25 |36 |11 50 ||23 |44 |12 |40 |5 |45 |1 
15884.6 180717
37 20 16 30 28 39 34 31 49 35 21 |47 24 17 41 48 29 6 43 18 27 14 38 22 |19 9 4 26 13 10 7 3 42 ||45 |23 |12 |36 |40 |11 |25 |32 |5 |1 |33 |46 50 ||15 8 |44 2 
16118.2 173174
19 41 16 30 28 31 34 39 9 4 35 21 |47 20 49 7 26 13 10 3 42 38 |37 48 29 6 43 17 24 27 18 14 22 ||32 |45 |5 |15 |8 |36 |40 44 |12 50 ||25 |2 |1 11 |46 |23 |33 
17062.9 170100

Time:1
Last Iter:10
Last Update:8
Tabu:0
Last Time1
3
41 48 29 6 43 17 47 18 27 14 38 |24 19 3 13 10 26 7 9 4 42 22 |37 20 16 30 28 31 34 39 49 35 21 ||46 |32 |12 8 |45 |23 40 |25 |1 11 |2 |15 |5 |44 |36 |33 |50 
14597.9 182934
47 27 24 18 17 29 48 41 6 43 21 |19 4 39 34 31 28 30 16 20 49 35 |37 9 7 26 13 10 3 42 14 38 22 ||45 50 ||11 |32 |15 |1 |33 |44 23 40 |2 |46 8 |5 |12 |36 |25 
15463.8 178149
24 19 3 13 10 26 7 9 4 42 38 22 |37 20 16 30 28 31 34 39 49 35 21 |47 41 48 29 6 43 17 18 27 14 ||46 |32 |5 |1 |40 |15 8 |50 ||45 |25 |23 44 2 |11 |33 |12 |36 
15468.9 170060

Time:1
Last Iter:10
Last Update:10
Tabu:0
Last Time1
4
29 17 27 47 24 19 37 3 42 |18 13 26 10 7 9 4 35 38 14 22 |41 48 6 43 8 20 16 30 28 31 34 39 49 21 ||25 |32 |2 |40 |15 46 |50 1 11 |12 |23 |45 |5 |33 |44 |36 |
14714 196963
6 16 9 4 7 26 13 10 3 11 42 |43 48 41 20 30 28 34 39 31 49 35 21 |29 17 18 27 47 24 19 37 1 14 38 22 ||2 44 |33 |5 |36 |50 12 |23 40 |8 15 |46 |25 |32 |45 
14987.3 192681
41 20 30 16 28 39 34 31 45 49 35 21 |6 37 3 26 13 10 7 9 4 42 |48 29 43 17 18 24 47 19 27 14 38 22 ||25 |40 |15 46 |23 50 ||8 |36 |33 |11 |2 |1 |32 |12 |44 |5 
15217.1 179705
47 49 20 16 30 28 31 34 39 9 4 35 21 |24 7 13 26 10 3 37 42 38 |19 41 48 29 6 43 17 18 27 14 22 ||45 |1 |5 |12 |36 |44 |23 |15 |46 8 |2 |25 |32 |11 50 ||33 |40 
15657.9 166265

Time:2
Last Iter:10
Last Update:10
Tabu:0
Last Time2
4
19 20 16 30 28 31 34 39 9 4 |24 18 17 43 6 29 48 41 15 49 35 21 |47 27 37 7 26 13 10 3 42 14 38 22 ||44 |1 |32 |25 |11 |40 23 2 |45 |36 |33 |5 |50 46 |12 8 
14891 187912
10 27 47 24 18 17 29 6 43 22 |19 37 13 26 3 4 49 35 21 |48 41 20 16 30 28 31 34 39 9 7 42 14 38 ||50 ||33 |44 2 |25 |5 |15 |12 |11 1 |8 |32 |36 |45 |46 |40 23 
15504.1 186706
17 7 13 26 10 3 11 42 14 38 |48 37 19 47 24 27 23 18 22 |29 43 6 41 20 16 30 28 31 34 39 9 4 49 35 21 ||44 2 |15 |1 |33 |5 |25 |46 |12 |36 |40 |45 |32 |8 50 |
15638 179062
16 48 29 6 43 17 47 24 27 18 22 |20 13 26 4 9 39 34 30 28 31 49 35 21 |41 19 37 3 10 7 42 14 38 ||11 |46 |50 ||25 |40 |44 2 |5 |32 |12 |1 |23 |33 |8 |15 |45 |36 
16531.5 174266

Time:1
Last Iter:10
Last Update:10
Tabu:0
Last Time1
4
47 27 37 26 13 10 36 3 42 14 38 22 |19 24 17 43 6 29 48 41 15 21 |18 20 16 30 28 31 34 39 4 7 9 49 35 ||2 |23 |11 |45 |33 |46 |50 ||5 |8 |12 |25 |44 |32 |1 |40 
14676.2 196832
29 49 20 16 30 28 31 34 39 9 4 35 21 |24 48 41 12 6 43 17 18 27 14 22 |47 19 37 13 10 26 7 3 42 38 ||8 |44 |50 2 |11 |5 |1 23 |45 |32 |25 |46 15 |40 |36 |33 
15296.8 176484
24 48 41 12 6 43 17 18 27 14 22 |47 19 37 13 10 26 7 3 42 38 |29 20 16 30 28 31 34 39 9 4 49 35 21 ||45 |11 50 ||8 |32 |33 |36 |25 |44 |2 |5 |23 40 |1 |46 15 
15564.8 176118
19 41 48 29 6 43 17 18 27 14 22 21 |24 37 4 39 20 16 30 28 31 49 35 |47 34 9 7 26 13 10 3 42 38 ||12 |45 |44 |32 |1 |25 |50 2 |11 |5 |36 |46 15 |23 40 |8 |33 
16534.2 174787

Time:1
Last Iter:10
Last Update:9
Tabu:0
Last Time1
4
20 26 13 10 37 3 42 |48 16 30 28 31 34 39 9 7 4 49 35 21 |41 29 6 43 17 47 24 19 27 18 14 38 22 ||50 ||45 |46 |36 |8 |44 |5 |11 |32 |25 |2 23 40 |33 |15 |1 |12 
15281.5 186759
47 41 48 29 6 43 17 18 27 |13 39 34 20 16 30 28 31 45 49 35 21 |19 24 37 3 10 26 7 9 4 42 14 38 22 ||11 |15 |8 |23 44 |33 |36 |5 |46 |1 |40 50 ||32 |12 |25 |2 
15455.3 179369
48 42 20 16 30 28 31 34 39 49 35 |24 41 29 6 43 17 18 40 27 14 38 22 |47 19 37 3 13 26 10 36 7 9 4 21 ||12 |32 |45 |11 |46 |25 |5 |8 50 ||2 44 23 |15 |33 |1 
15846.5 178061
37 48 29 6 43 17 18 23 27 14 38 22 |47 24 9 4 7 26 13 10 3 11 42 |19 41 20 16 30 28 31 34 39 49 35 21 ||15 8 |40 |36 |46 |45 |1 50 ||12 |32 |25 |44 |5 |33 |2 
15907.1 168338

Time:1
Last Iter:10
Last Update:10
Tabu:0
Last Time1
3
48 20 16 30 28 31 34 39 9 4 49 35 21 |41 29 6 43 17 47 24 27 18 22 |19 37 13 26 10 7 3 42 14 38 ||46 |50 ||32 |8 15 |5 |40 23 2 |33 |12 |25 |36 |11 |1 |45 |44 
14035.6 172362
48 20 16 30 28 31 34 39 9 4 49 35 21 |41 29 6 43 17 47 24 27 18 22 |19 37 13 26 10 7 3 42 14 38 ||2 |36 |50 ||32 |8 |45 |25 |40 |33 |23 44 |46 |5 |11 |15 |1 |12 
15178.1 171403
30 24 49 20 16 28 31 34 39 9 4 35 21 |19 37 7 13 26 10 3 42 38 |47 41 48 29 17 6 43 18 27 14 22 ||45 |25 |5 |33 |32 |36 |8 46 |40 |44 23 |15 |11 |50 12 2 |1 
19120.6 169876

Time:1
Last Iter:10
Last Update:10
Tabu:0
Last Time1
4
41 48 29 6 43 47 24 18 27 14 22 |17 39 34 31 28 30 16 20 49 35 21 |19 37 3 10 13 26 7 9 4 42 38 ||33 |2 |32 |12 |11 |40 |25 |45 |23 50 ||1 |15 8 |46 |44 |36 |5 
13804.2 180413
19 37 7 13 26 10 36 3 42 38 |41 48 29 6 43 47 24 18 27 14 22 |17 4 9 39 34 31 28 30 16 20 49 35 21 ||50 ||1 |25 |33 |11 |40 2 |32 |46 15 |23 |8 |12 |5 |45 |44 
14574.6 179045
24 19 37 7 13 26 10 3 42 38 |47 41 48 29 6 43 18 27 14 22 |17 4 9 39 34 31 28 30 16 20 49 35 21 ||32 |1 40 |23 44 |33 |45 |25 |5 |2 50 ||46 8 12 |11 |36 |15 
14819.6 172924
47 41 48 29 6 43 17 18 27 14 22 |19 16 20 30 28 31 34 39 49 9 4 35 21 |24 37 13 26 10 7 3 42 38 ||46 |2 |11 |40 |23 |32 |15 8 |44 50 ||33 |1 |12 |45 |25 |5 |36 
16402.8 168700

Time:1
Last Iter:10
Last Update:10
Tabu:0
Last Time1
3
20 41 48 29 6 43 17 18 27 14 38 22 |19 16 30 28 31 34 39 9 49 21 |47 24 37 42 3 13 10 26 7 4 35 ||36 |25 |45 |5 |50 ||15 |11 |1 2 |8 |32 |23 44 40 |46 |33 |12 
14864 176110
19 49 20 16 30 28 31 34 39 9 4 35 21 |24 37 3 13 10 26 7 42 38 |47 17 41 48 29 6 43 18 27 14 22 ||46 15 |45 |8 |5 |25 |1 2 |36 |40 |50 ||32 |33 |11 |23 44 |12 
14974.7 167534
24 37 3 13 10 26 7 42 38 |47 17 41 48 29 6 43 18 27 14 22 |19 4 9 20 16 30 28 31 34 39 49 35 21 ||32 |50 ||36 |25 |5 |11 |1 |8 |33 |2 |23 |12 |40 |45 |46 |15 |44 
15331.1 166101

Time:1
Last Iter:10
Last Update:9
Tabu:0
Last Time1
6
17 43 18 24 47 19 32 37 3 42 14 38 22 |29 48 41 20 16 30 28 31 34 39 9 49 21 |6 27 13 10 26 7 4 35 ||12 8 |23 |45 |25 |5 |11 |36 50 ||1 2 |46 15 |33 |40 44 |
14538.7 193636
34 4 9 39 31 28 30 16 20 49 35 21 |41 29 48 6 43 17 47 24 44 18 27 14 22 |19 7 26 13 10 3 37 42 38 ||45 |25 |32 |46 50 ||12 2 |40 |15 |1 |5 |36 |23 |33 |8 |11 
14743.4 184972
30 9 16 20 28 31 34 39 49 35 21 |41 29 48 6 43 17 47 24 44 18 27 14 22 |19 4 7 26 13 10 3 37 42 38 ||40 |45 |25 |32 |36 |5 |2 12 50 ||8 15 |46 |23 1 |33 |11 
14890.4 182158
24 37 3 13 10 26 7 9 4 35 21 |47 29 6 43 17 2 18 44 27 14 42 38 22 |19 48 41 20 16 30 28 31 34 39 49 ||5 |11 |36 50 ||12 |40 |15 46 |45 |1 23 |32 |8 |33 |25 
15872.9 182016
41 7 26 10 3 37 42 14 38 |13 27 19 47 24 18 17 6 43 22 |29 48 20 16 30 28 31 34 39 9 4 49 35 21 ||33 |25 |5 |45 |36 50 ||12 |40 |15 46 |11 1 |23 44 |8 |32 |2 
15924.9 178662
26 19 37 3 13 10 7 42 21 |24 41 48 29 6 43 18 27 14 38 22 |47 17 49 20 16 30 28 31 34 39 9 4 35 ||40 2 |12 |36 |15 |46 50 ||45 |25 |5 |11 1 |32 |23 44 |8 |33 
16161.4 172103

Time:0
Last Iter:10
Last Update:10
Tabu:0
Last Time0
6
17 43 18 24 47 19 32 37 3 42 14 38 22 |29 48 41 20 16 30 28 31 34 39 9 49 21 |6 27 13 10 26 7 4 35 ||12 8 |23 |45 |25 |5 |11 |36 50 ||1 2 |46 15 |33 |40 44 |
14538.7 193636
34 4 9 39 31 28 30 16 20 49 35 21 |41 29 48 6 43 17 47 24 44 18 27 14 22 |19 7 26 13 10 3 37 42 38 ||45 |25 |32 |46 50 ||12 2 |40 |15 |1 |5 |36 |23 |33 |8 |11 
14743.4 184972
30 9 16 20 28 31 34 39 49 35 21 |41 29 48 6 43 17 47 24 44 18 27 14 22 |19 4 7 26 13 10 3 37 42 38 ||40 |45 |25 |32 |36 |5 |2 12 50 ||8 15 |46 |23 1 |33 |11 
14890.4 182158
24 37 3 13 10 26 7 9 4 35 21 |47 29 6 43 17 2 18 44 27 14 42 38 22 |19 48 41 20 16 30 28 31 34 39 49 ||5 |11 |36 50 ||12 |40 |15 46 |45 |1 23 |32 |8 |33 |25 
15872.9 182016
41 7 26 10 3 37 42 14 38 |13 27 19 47 24 18 17 6 43 22 |29 48 20 16 30 28 31 34 39 9 4 49 35 21 ||33 |25 |5 |45 |36 50 ||12 |40 |15 46 |11 1 |23 44 |8 |32 |2 
15924.9 178662
26 19 37 3 13 10 7 42 21 |24 41 48 29 6 43 18 27 14 38 22 |47 17 49 20 16 30 28 31 34 39 9 4 35 ||40 2 |12 |36 |15 |46 50 ||45 |25 |5 |11 1 |32 |23 44 |8 |33 
16161.4 172103

