Time:0
Last Iter:10
Last Update:10
Tabu:0
Last Time0
10
9 12 28 20 6 35 30 38 15 11 31 7 |13 16 37 47 3 49 1 10 14 |21 36 32 42 46 17 39 33 2 22 19 24 41 ||29 |40 |44 |8 |18 |25 4 |34 |45 |48 |43 |27 |50 26 |5 23 
14894.6 237392
38 11 15 31 35 49 16 37 47 3 6 10 |30 36 14 39 13 22 33 2 7 |21 32 42 46 17 9 12 28 24 ||26 |27 |8 |25 |45 |23 19 |18 |44 |5 34 |43 |20 1 |4 |29 |41 |48 50 ||40 
15585.1 233500
42 14 17 39 9 12 28 13 24 22 33 2 |46 35 44 30 38 21 15 31 11 7 |32 36 49 16 37 47 3 6 10 ||23 34 |1 |18 |26 41 |48 |5 |27 |8 |20 |45 |19 |50 ||4 |29 43 |40 |25 
15657.1 213148
38 49 6 10 3 37 47 35 11 31 7 |21 30 15 32 42 46 27 36 14 |16 13 24 28 9 12 22 17 39 8 33 2 ||48 |45 |44 |1 20 |41 |40 |5 23 |29 |50 ||4 25 |18 |43 26 |19 34 
15853.6 210535
16 22 13 24 28 9 12 39 33 2 |17 14 38 30 35 47 37 3 25 6 10 |49 32 42 46 36 21 15 31 11 7 ||19 |18 |44 |23 5 34 |8 |43 |4 1 |20 |29 |41 |48 50 ||40 |45 |27 |26 
16404.1 206443
9 13 24 28 12 17 39 33 22 2 |16 14 38 30 35 47 37 3 25 6 10 |49 32 42 46 36 21 15 31 11 7 ||19 |18 |44 |5 34 |8 23 |43 |20 1 |4 |29 |41 |48 50 ||40 |45 |26 |27 
16991.7 205389
16 22 13 24 28 9 12 39 33 2 |17 14 38 30 35 47 37 3 25 6 10 |49 32 42 46 36 21 15 31 11 7 ||19 |18 |44 |5 34 |8 23 |4 |48 50 ||40 |41 |1 26 |29 43 |45 |27 |20 
18129.1 204941
16 10 6 3 37 47 35 30 38 21 15 31 11 7 |49 9 12 28 13 24 22 33 2 |32 39 17 42 46 27 36 14 ||26 |19 |18 |44 |5 34 |8 23 |43 |20 1 |4 25 |29 |41 |48 50 ||40 |45 
18696 201201
16 17 14 38 30 35 47 37 3 25 6 10 |49 32 42 46 36 15 31 11 7 |21 39 9 12 28 13 24 22 33 2 ||19 |18 |44 |5 34 |8 23 |26 |43 |20 |1 4 |48 50 ||40 |45 |29 |41 |27 |
19515.4 201128
16 17 14 38 30 35 47 37 3 1 6 10 |49 32 42 46 36 15 31 11 7 |21 39 9 12 28 13 24 22 33 2 ||19 |18 |44 |5 34 |8 23 |26 |20 |4 25 |29 43 |41 |48 50 ||40 |45 |27 |
19740.7 201072

Time:0
Last Iter:10
Last Update:10
Tabu:0
Last Time0
10
9 12 28 20 6 35 30 38 15 11 31 7 |13 16 37 47 3 49 1 10 14 |21 36 32 42 46 17 39 33 2 22 19 24 41 ||29 |40 |44 |8 |18 |25 4 |34 |45 |48 |43 |27 |50 26 |5 23 
14894.6 237392
38 11 15 31 35 49 16 37 47 3 6 10 |30 36 14 39 13 22 33 2 7 |21 32 42 46 17 9 12 28 24 ||26 |27 |8 |25 |45 |23 19 |18 |44 |5 34 |43 |20 1 |4 |29 |41 |48 50 ||40 
15585.1 233500
42 14 17 39 9 12 28 13 24 22 33 2 |46 35 44 30 38 21 15 31 11 7 |32 36 49 16 37 47 3 6 10 ||23 34 |1 |18 |26 41 |48 |5 |27 |8 |20 |45 |19 |50 ||4 |29 43 |40 |25 
15657.1 213148
38 49 6 10 3 37 47 35 11 31 7 |21 30 15 32 42 46 27 36 14 |16 13 24 28 9 12 22 17 39 8 33 2 ||48 |45 |44 |1 20 |41 |40 |5 23 |29 |50 ||4 25 |18 |43 26 |19 34 
15853.6 210535
16 22 13 24 28 9 12 39 33 2 |17 14 38 30 35 47 37 3 25 6 10 |49 32 42 46 36 21 15 31 11 7 ||19 |18 |44 |23 5 34 |8 |43 |4 1 |20 |29 |41 |48 50 ||40 |45 |27 |26 
16404.1 206443
9 13 24 28 12 17 39 33 22 2 |16 14 38 30 35 47 37 3 25 6 10 |49 32 42 46 36 21 15 31 11 7 ||19 |18 |44 |5 34 |8 23 |43 |20 1 |4 |29 |41 |48 50 ||40 |45 |26 |27 
16991.7 205389
16 22 13 24 28 9 12 39 33 2 |17 14 38 30 35 47 37 3 25 6 10 |49 32 42 46 36 21 15 31 11 7 ||19 |18 |44 |5 34 |8 23 |4 |48 50 ||40 |41 |1 26 |29 43 |45 |27 |20 
18129.1 204941
16 10 6 3 37 47 35 30 38 21 15 31 11 7 |49 9 12 28 13 24 22 33 2 |32 39 17 42 46 27 36 14 ||26 |19 |18 |44 |5 34 |8 23 |43 |20 1 |4 25 |29 |41 |48 50 ||40 |45 
18696 201201
16 17 14 38 30 35 47 37 3 25 6 10 |49 32 42 46 36 15 31 11 7 |21 39 9 12 28 13 24 22 33 2 ||19 |18 |44 |5 34 |8 23 |26 |43 |20 |1 4 |48 50 ||40 |45 |29 |41 |27 |
19515.4 201128
16 17 14 38 30 35 47 37 3 1 6 10 |49 32 42 46 36 15 31 11 7 |21 39 9 12 28 13 24 22 33 2 ||19 |18 |44 |5 34 |8 23 |26 |20 |4 25 |29 43 |41 |48 50 ||40 |45 |27 |
19740.7 201072

Time:0
Last Iter:10
Last Update:10
Tabu:0
Last Time0
10
9 12 28 20 6 35 30 38 15 11 31 7 |13 16 37 47 3 49 1 10 14 |21 36 32 42 46 17 39 33 2 22 19 24 41 ||29 |40 |44 |8 |18 |25 4 |34 |45 |48 |43 |27 |50 26 |5 23 
14894.6 237392
38 11 15 31 35 49 16 37 47 3 6 10 |30 36 14 39 13 22 33 2 7 |21 32 42 46 17 9 12 28 24 ||26 |27 |8 |25 |45 |23 19 |18 |44 |5 34 |43 |20 1 |4 |29 |41 |48 50 ||40 
15585.1 233500
42 14 17 39 9 12 28 13 24 22 33 2 |46 35 44 30 38 21 15 31 11 7 |32 36 49 16 37 47 3 6 10 ||23 34 |1 |18 |26 41 |48 |5 |27 |8 |20 |45 |19 |50 ||4 |29 43 |40 |25 
15657.1 213148
38 49 6 10 3 37 47 35 11 31 7 |21 30 15 32 42 46 27 36 14 |16 13 24 28 9 12 22 17 39 8 33 2 ||48 |45 |44 |1 20 |41 |40 |5 23 |29 |50 ||4 25 |18 |43 26 |19 34 
15853.6 210535
16 22 13 24 28 9 12 39 33 2 |17 14 38 30 35 47 37 3 25 6 10 |49 32 42 46 36 21 15 31 11 7 ||19 |18 |44 |23 5 34 |8 |43 |4 1 |20 |29 |41 |48 50 ||40 |45 |27 |26 
16404.1 206443
9 13 24 28 12 17 39 33 22 2 |16 14 38 30 35 47 37 3 25 6 10 |49 32 42 46 36 21 15 31 11 7 ||19 |18 |44 |5 34 |8 23 |43 |20 1 |4 |29 |41 |48 50 ||40 |45 |26 |27 
16991.7 205389
16 22 13 24 28 9 12 39 33 2 |17 14 38 30 35 47 37 3 25 6 10 |49 32 42 46 36 21 15 31 11 7 ||19 |18 |44 |5 34 |8 23 |4 |48 50 ||40 |41 |1 26 |29 43 |45 |27 |20 
18129.1 204941
16 10 6 3 37 47 35 30 38 21 15 31 11 7 |49 9 12 28 13 24 22 33 2 |32 39 17 42 46 27 36 14 ||26 |19 |18 |44 |5 34 |8 23 |43 |20 1 |4 25 |29 |41 |48 50 ||40 |45 
18696 201201
16 17 14 38 30 35 47 37 3 25 6 10 |49 32 42 46 36 15 31 11 7 |21 39 9 12 28 13 24 22 33 2 ||19 |18 |44 |5 34 |8 23 |26 |43 |20 |1 4 |48 50 ||40 |45 |29 |41 |27 |
19515.4 201128
16 17 14 38 30 35 47 37 3 1 6 10 |49 32 42 46 36 15 31 11 7 |21 39 9 12 28 13 24 22 33 2 ||19 |18 |44 |5 34 |8 23 |26 |20 |4 25 |29 43 |41 |48 50 ||40 |45 |27 |
19740.7 201072

Time:1
Last Iter:10
Last Update:10
Tabu:0
Last Time1
10
9 12 28 20 6 35 30 38 15 11 31 7 |13 16 37 47 3 49 1 10 14 |21 36 32 42 46 17 39 33 2 22 19 24 41 ||29 |40 |44 |8 |18 |25 4 |34 |45 |48 |43 |27 |50 26 |5 23 
14894.6 237392
38 11 15 31 35 49 16 37 47 3 6 10 |30 36 14 39 13 22 33 2 7 |21 32 42 46 17 9 12 28 24 ||26 |27 |8 |25 |45 |23 19 |18 |44 |5 34 |43 |20 1 |4 |29 |41 |48 50 ||40 
15585.1 233500
42 14 17 39 9 12 28 13 24 22 33 2 |46 35 44 30 38 21 15 31 11 7 |32 36 49 16 37 47 3 6 10 ||23 34 |1 |18 |26 41 |48 |5 |27 |8 |20 |45 |19 |50 ||4 |29 43 |40 |25 
15657.1 213148
38 49 6 10 3 37 47 35 11 31 7 |21 30 15 32 42 46 27 36 14 |16 13 24 28 9 12 22 17 39 8 33 2 ||48 |45 |44 |1 20 |41 |40 |5 23 |29 |50 ||4 25 |18 |43 26 |19 34 
15853.6 210535
16 22 13 24 28 9 12 39 33 2 |17 14 38 30 35 47 37 3 25 6 10 |49 32 42 46 36 21 15 31 11 7 ||19 |18 |44 |23 5 34 |8 |43 |4 1 |20 |29 |41 |48 50 ||40 |45 |27 |26 
16404.1 206443
9 13 24 28 12 17 39 33 22 2 |16 14 38 30 35 47 37 3 25 6 10 |49 32 42 46 36 21 15 31 11 7 ||19 |18 |44 |5 34 |8 23 |43 |20 1 |4 |29 |41 |48 50 ||40 |45 |26 |27 
16991.7 205389
16 22 13 24 28 9 12 39 33 2 |17 14 38 30 35 47 37 3 25 6 10 |49 32 42 46 36 21 15 31 11 7 ||19 |18 |44 |5 34 |8 23 |4 |48 50 ||40 |41 |1 26 |29 43 |45 |27 |20 
18129.1 204941
16 10 6 3 37 47 35 30 38 21 15 31 11 7 |49 9 12 28 13 24 22 33 2 |32 39 17 42 46 27 36 14 ||26 |19 |18 |44 |5 34 |8 23 |43 |20 1 |4 25 |29 |41 |48 50 ||40 |45 
18696 201201
16 17 14 38 30 35 47 37 3 25 6 10 |49 32 42 46 36 15 31 11 7 |21 39 9 12 28 13 24 22 33 2 ||19 |18 |44 |5 34 |8 23 |26 |43 |20 |1 4 |48 50 ||40 |45 |29 |41 |27 |
19515.4 201128
16 17 14 38 30 35 47 37 3 1 6 10 |49 32 42 46 36 15 31 11 7 |21 39 9 12 28 13 24 22 33 2 ||19 |18 |44 |5 34 |8 23 |26 |20 |4 25 |29 43 |41 |48 50 ||40 |45 |27 |
19740.7 201072

Time:0
Last Iter:10
Last Update:10
Tabu:0
Last Time0
4
32 9 12 28 24 13 6 4 10 |21 15 27 14 36 42 46 17 39 33 22 2 |38 30 16 49 37 3 47 35 50 11 31 7 ||45 |26 |43 29 |44 |1 |23 |48 |34 5 |20 |25 |40 |41 19 |8 |18 |
15109.8 222044
32 17 42 46 36 14 15 30 31 11 7 |21 39 9 12 28 13 24 22 33 2 |38 49 16 37 47 3 35 6 10 ||29 43 |50 48 |23 |1 |18 |25 |4 40 |34 8 |19 |45 |20 41 26 |5 |44 |27 |
15245 205458
9 32 42 46 17 39 33 12 28 24 22 2 |36 16 49 6 10 3 37 47 35 48 |13 21 15 38 45 30 11 31 14 7 ||5 8 |44 |50 ||26 20 |18 |4 25 |41 |27 |43 29 |34 |19 23 |40 1 |
16768.4 203569
16 14 36 21 38 30 15 31 11 7 |46 35 47 37 3 49 40 6 10 |13 32 42 17 39 9 12 28 24 22 33 2 ||48 |45 |5 8 |44 |50 ||26 20 |18 |4 25 |41 |23 34 |27 |43 29 |19 |1 
16863.2 201894

Time:0
Last Iter:10
Last Update:10
Tabu:0
Last Time0
4
32 9 12 28 24 13 6 4 10 |21 15 27 14 36 42 46 17 39 33 22 2 |38 30 16 49 37 3 47 35 50 11 31 7 ||45 |26 |43 29 |44 |1 |23 |48 |34 5 |20 |25 |40 |41 19 |8 |18 |
15109.8 222044
32 17 42 46 36 14 15 30 31 11 7 |21 39 9 12 28 13 24 22 33 2 |38 49 16 37 47 3 35 6 10 ||29 43 |50 48 |23 |1 |18 |25 |4 40 |34 8 |19 |45 |20 41 26 |5 |44 |27 |
15245 205458
9 32 42 46 17 39 33 12 28 24 22 2 |36 16 49 6 10 3 37 47 35 48 |13 21 15 38 45 30 11 31 14 7 ||5 8 |44 |50 ||26 20 |18 |4 25 |41 |27 |43 29 |34 |19 23 |40 1 |
16768.4 203569
16 14 36 21 38 30 15 31 11 7 |46 35 47 37 3 49 40 6 10 |13 32 42 17 39 9 12 28 24 22 33 2 ||48 |45 |5 8 |44 |50 ||26 20 |18 |4 25 |41 |23 34 |27 |43 29 |19 |1 
16863.2 201894

Time:0
Last Iter:10
Last Update:10
Tabu:0
Last Time0
4
32 9 12 28 24 13 6 4 10 |21 15 27 14 36 42 46 17 39 33 22 2 |38 30 16 49 37 3 47 35 50 11 31 7 ||45 |26 |43 29 |44 |1 |23 |48 |34 5 |20 |25 |40 |41 19 |8 |18 |
15109.8 222044
32 17 42 46 36 14 15 30 31 11 7 |21 39 9 12 28 13 24 22 33 2 |38 49 16 37 47 3 35 6 10 ||29 43 |50 48 |23 |1 |18 |25 |4 40 |34 8 |19 |45 |20 41 26 |5 |44 |27 |
15245 205458
9 32 42 46 17 39 33 12 28 24 22 2 |36 16 49 6 10 3 37 47 35 48 |13 21 15 38 45 30 11 31 14 7 ||5 8 |44 |50 ||26 20 |18 |4 25 |41 |27 |43 29 |34 |19 23 |40 1 |
16768.4 203569
16 14 36 21 38 30 15 31 11 7 |46 35 47 37 3 49 40 6 10 |13 32 42 17 39 9 12 28 24 22 33 2 ||48 |45 |5 8 |44 |50 ||26 20 |18 |4 25 |41 |23 34 |27 |43 29 |19 |1 
16863.2 201894

Time:0
Last Iter:10
Last Update:10
Tabu:0
Last Time0
4
32 9 12 28 24 13 6 4 10 |21 15 27 14 36 42 46 17 39 33 22 2 |38 30 16 49 37 3 47 35 50 11 31 7 ||45 |26 |43 29 |44 |1 |23 |48 |34 5 |20 |25 |40 |41 19 |8 |18 |
15109.8 222044
32 17 42 46 36 14 15 30 31 11 7 |21 39 9 12 28 13 24 22 33 2 |38 49 16 37 47 3 35 6 10 ||29 43 |50 48 |23 |1 |18 |25 |4 40 |34 8 |19 |45 |20 41 26 |5 |44 |27 |
15245 205458
9 32 42 46 17 39 33 12 28 24 22 2 |36 16 49 6 10 3 37 47 35 48 |13 21 15 38 45 30 11 31 14 7 ||5 8 |44 |50 ||26 20 |18 |4 25 |41 |27 |43 29 |34 |19 23 |40 1 |
16768.4 203569
16 14 36 21 38 30 15 31 11 7 |46 35 47 37 3 49 40 6 10 |13 32 42 17 39 9 12 28 24 22 33 2 ||48 |45 |5 8 |44 |50 ||26 20 |18 |4 25 |41 |23 34 |27 |43 29 |19 |1 
16863.2 201894

Time:0
Last Iter:10
Last Update:10
Tabu:0
Last Time0
3
21 30 16 49 37 47 3 35 11 31 7 |38 15 36 14 32 42 46 17 39 33 2 |44 22 9 12 28 24 13 6 10 ||45 |18 |50 48 |1 |40 |5 8 |23 26 41 |19 34 |29 |27 |4 25 |43 |20 
14871.6 213929
42 36 14 21 15 38 30 31 11 7 |16 13 49 6 10 3 37 47 35 |32 46 17 39 9 12 28 24 22 33 2 ||45 |44 |40 |19 |5 8 23 |26 |43 |50 48 |29 |34 |27 |4 25 |41 |20 1 |18 
15257.8 203952
16 35 37 3 47 38 30 45 15 31 11 7 |21 10 33 39 17 46 42 32 36 14 |9 49 6 13 24 28 12 22 2 ||5 |41 |44 |40 1 |19 23 26 |27 |18 |50 48 |29 43 |4 25 |20 |8 |34 
16018.8 203615

Time:0
Last Iter:10
Last Update:10
Tabu:0
Last Time0
3
21 30 16 49 37 47 3 35 11 31 7 |38 15 36 14 32 42 46 17 39 33 2 |44 22 9 12 28 24 13 6 10 ||45 |18 |50 48 |1 |40 |5 8 |23 26 41 |19 34 |29 |27 |4 25 |43 |20 
14871.6 213929
42 36 14 21 15 38 30 31 11 7 |16 13 49 6 10 3 37 47 35 |32 46 17 39 9 12 28 24 22 33 2 ||45 |44 |40 |19 |5 8 23 |26 |43 |50 48 |29 |34 |27 |4 25 |41 |20 1 |18 
15257.8 203952
16 35 37 3 47 38 30 45 15 31 11 7 |21 10 33 39 17 46 42 32 36 14 |9 49 6 13 24 28 12 22 2 ||5 |41 |44 |40 1 |19 23 26 |27 |18 |50 48 |29 43 |4 25 |20 |8 |34 
16018.8 203615

Execution time: 2.634 seconds
