Time:1
Last Iter:10
Last Update:10
Tabu:0
Last Time1
3
12 19 36 10 32 38 23 45 26 16 29 |17 30 5 9 48 22 15 11 4 27 |24 44 14 46 18 2 33 39 31 ||50 ||20 |7 |8 |28 |21 1 |43 |6 3 |47 13 |35 34 |41 25 |40 42 |49 |37 
13489.1 190779
12 19 10 32 38 23 45 26 16 29 |17 30 5 9 48 22 43 2 33 39 31 |36 44 14 46 24 18 15 11 4 27 ||50 ||20 |47 |13 1 |7 |8 |3 21 |6 28 |34 |49 |35 41 25 |40 42 |37 
13534.9 182509
12 44 26 45 23 32 10 38 17 16 29 |14 19 30 5 9 48 22 39 31 |36 46 24 18 2 33 15 11 4 27 ||49 |20 43 50 ||7 35 |28 6 |8 |1 41 25 |21 3 |37 13 |40 42 |47 |34 
14380.1 180054

Time:0
Last Iter:10
Last Update:10
Tabu:0
Last Time0
5
32 14 46 24 18 15 11 4 27 |12 17 36 10 38 23 45 44 26 16 29 |19 30 5 9 48 22 2 33 39 31 ||13 |6 35 |37 |40 20 |1 7 |28 3 21 |8 47 |43 50 ||34 41 |25 |49 |42 
13308.9 183938
32 14 46 24 18 15 11 4 27 |12 17 36 10 38 23 45 44 26 16 29 |19 30 5 9 48 22 2 33 39 31 ||13 |49 42 |43 20 |40 |1 35 7 |28 3 21 |8 47 |50 ||37 |25 |34 41 |6 |
13793.1 182799
32 14 46 24 18 15 11 4 27 |12 17 36 10 38 23 45 44 26 16 29 |19 30 5 9 48 22 2 33 39 31 ||13 |49 42 |43 20 |40 |1 41 |7 3 21 |8 47 |34 50 ||35 28 6 |37 |25 |
16034.3 182559
32 14 46 24 18 15 11 4 27 |12 17 36 10 38 23 45 44 26 16 29 |19 30 5 9 48 22 2 33 39 31 ||25 |50 ||35 |40 |37 13 |49 42 |21 28 |34 41 1 |43 20 |3 7 |8 47 |6 
18057.1 182364
32 14 46 24 18 15 11 4 27 |12 17 36 10 38 23 45 44 26 16 29 |19 30 5 9 48 22 2 33 39 31 ||25 |50 ||35 |40 |37 13 |49 42 |7 28 |8 47 |21 3 34 |43 20 |1 41 |6 
18382.8 181953

Time:0
Last Iter:10
Last Update:10
Tabu:0
Last Time0
5
32 14 46 24 18 15 11 4 27 |12 17 36 10 38 23 45 44 26 16 29 |19 30 5 9 48 22 2 33 39 31 ||13 |6 35 |37 |40 20 |1 7 |28 3 21 |8 47 |43 50 ||34 41 |25 |49 |42 
13308.9 183938
32 14 46 24 18 15 11 4 27 |12 17 36 10 38 23 45 44 26 16 29 |19 30 5 9 48 22 2 33 39 31 ||13 |49 42 |43 20 |40 |1 35 7 |28 3 21 |8 47 |50 ||37 |25 |34 41 |6 |
13793.1 182799
32 14 46 24 18 15 11 4 27 |12 17 36 10 38 23 45 44 26 16 29 |19 30 5 9 48 22 2 33 39 31 ||13 |49 42 |43 20 |40 |1 41 |7 3 21 |8 47 |34 50 ||35 28 6 |37 |25 |
16034.3 182559
32 14 46 24 18 15 11 4 27 |12 17 36 10 38 23 45 44 26 16 29 |19 30 5 9 48 22 2 33 39 31 ||25 |50 ||35 |40 |37 13 |49 42 |21 28 |34 41 1 |43 20 |3 7 |8 47 |6 
18057.1 182364
32 14 46 24 18 15 11 4 27 |12 17 36 10 38 23 45 44 26 16 29 |19 30 5 9 48 22 2 33 39 31 ||25 |50 ||35 |40 |37 13 |49 42 |7 28 |8 47 |21 3 34 |43 20 |1 41 |6 
18382.8 181953

Time:0
Last Iter:10
Last Update:10
Tabu:0
Last Time0
5
32 14 46 24 18 15 11 4 27 |12 17 36 10 38 23 45 44 26 16 29 |19 30 5 9 48 22 2 33 39 31 ||13 |6 35 |37 |40 20 |1 7 |28 3 21 |8 47 |43 50 ||34 41 |25 |49 |42 
13308.9 183938
32 14 46 24 18 15 11 4 27 |12 17 36 10 38 23 45 44 26 16 29 |19 30 5 9 48 22 2 33 39 31 ||13 |49 42 |43 20 |40 |1 35 7 |28 3 21 |8 47 |50 ||37 |25 |34 41 |6 |
13793.1 182799
32 14 46 24 18 15 11 4 27 |12 17 36 10 38 23 45 44 26 16 29 |19 30 5 9 48 22 2 33 39 31 ||13 |49 42 |43 20 |40 |1 41 |7 3 21 |8 47 |34 50 ||35 28 6 |37 |25 |
16034.3 182559
32 14 46 24 18 15 11 4 27 |12 17 36 10 38 23 45 44 26 16 29 |19 30 5 9 48 22 2 33 39 31 ||25 |50 ||35 |40 |37 13 |49 42 |21 28 |34 41 1 |43 20 |3 7 |8 47 |6 
18057.1 182364
32 14 46 24 18 15 11 4 27 |12 17 36 10 38 23 45 44 26 16 29 |19 30 5 9 48 22 2 33 39 31 ||25 |50 ||35 |40 |37 13 |49 42 |7 28 |8 47 |21 3 34 |43 20 |1 41 |6 
18382.8 181953

Time:1
Last Iter:10
Last Update:10
Tabu:0
Last Time1
5
32 14 46 24 18 15 11 4 27 |12 17 36 10 38 23 45 44 26 16 29 |19 30 5 9 48 22 2 33 39 31 ||13 |6 35 |37 |40 20 |1 7 |28 3 21 |8 47 |43 50 ||34 41 |25 |49 |42 
13308.9 183938
32 14 46 24 18 15 11 4 27 |12 17 36 10 38 23 45 44 26 16 29 |19 30 5 9 48 22 2 33 39 31 ||13 |49 42 |43 20 |40 |1 35 7 |28 3 21 |8 47 |50 ||37 |25 |34 41 |6 |
13793.1 182799
32 14 46 24 18 15 11 4 27 |12 17 36 10 38 23 45 44 26 16 29 |19 30 5 9 48 22 2 33 39 31 ||13 |49 42 |43 20 |40 |1 41 |7 3 21 |8 47 |34 50 ||35 28 6 |37 |25 |
16034.3 182559
32 14 46 24 18 15 11 4 27 |12 17 36 10 38 23 45 44 26 16 29 |19 30 5 9 48 22 2 33 39 31 ||25 |50 ||35 |40 |37 13 |49 42 |21 28 |34 41 1 |43 20 |3 7 |8 47 |6 
18057.1 182364
32 14 46 24 18 15 11 4 27 |12 17 36 10 38 23 45 44 26 16 29 |19 30 5 9 48 22 2 33 39 31 ||25 |50 ||35 |40 |37 13 |49 42 |7 28 |8 47 |21 3 34 |43 20 |1 41 |6 
18382.8 181953

Time:0
Last Iter:10
Last Update:10
Tabu:0
Last Time0
4
45 14 46 24 18 15 11 4 27 |12 19 30 5 9 48 22 2 33 39 31 |44 10 23 32 38 36 17 26 16 29 ||42 |28 |20 |40 |49 |8 |43 |21 |34 35 |7 13 |6 3 |37 25 |50 ||1 47 |41 |
13294.3 186474
45 14 46 24 18 15 11 4 27 |12 19 30 5 9 48 22 2 33 39 31 |44 10 36 38 32 23 26 16 17 29 ||42 |7 13 1 |50 20 |8 47 |40 |49 |34 35 3 |37 |43 |6 28 21 |25 41 |
13450.7 184490
44 12 10 38 32 45 23 17 26 16 29 |30 36 24 14 46 11 4 27 |18 19 5 9 48 22 2 15 33 39 31 ||42 |40 |43 |28 3 |34 35 21 6 |37 25 |47 8 |13 1 |20 |41 7 |50 ||49 
15853.6 183480
44 12 10 38 32 45 23 17 26 16 29 |36 24 14 46 11 4 27 |18 19 30 5 9 48 22 2 15 33 39 31 ||42 |40 |21 7 |28 |8 47 |13 35 |43 20 |1 41 34 |37 25 |50 ||3 6 |49 
15902.1 178534

Time:0
Last Iter:10
Last Update:10
Tabu:0
Last Time0
4
45 14 46 24 18 15 11 4 27 |12 19 30 5 9 48 22 2 33 39 31 |44 10 23 32 38 36 17 26 16 29 ||42 |28 |20 |40 |49 |8 |43 |21 |34 35 |7 13 |6 3 |37 25 |50 ||1 47 |41 |
13294.3 186474
45 14 46 24 18 15 11 4 27 |12 19 30 5 9 48 22 2 33 39 31 |44 10 36 38 32 23 26 16 17 29 ||42 |7 13 1 |50 20 |8 47 |40 |49 |34 35 3 |37 |43 |6 28 21 |25 41 |
13450.7 184490
44 12 10 38 32 45 23 17 26 16 29 |30 36 24 14 46 11 4 27 |18 19 5 9 48 22 2 15 33 39 31 ||42 |40 |43 |28 3 |34 35 21 6 |37 25 |47 8 |13 1 |20 |41 7 |50 ||49 
15853.6 183480
44 12 10 38 32 45 23 17 26 16 29 |36 24 14 46 11 4 27 |18 19 30 5 9 48 22 2 15 33 39 31 ||42 |40 |21 7 |28 |8 47 |13 35 |43 20 |1 41 34 |37 25 |50 ||3 6 |49 
15902.1 178534

Time:0
Last Iter:10
Last Update:10
Tabu:0
Last Time0
4
45 14 46 24 18 15 11 4 27 |12 19 30 5 9 48 22 2 33 39 31 |44 10 23 32 38 36 17 26 16 29 ||42 |28 |20 |40 |49 |8 |43 |21 |34 35 |7 13 |6 3 |37 25 |50 ||1 47 |41 |
13294.3 186474
45 14 46 24 18 15 11 4 27 |12 19 30 5 9 48 22 2 33 39 31 |44 10 36 38 32 23 26 16 17 29 ||42 |7 13 1 |50 20 |8 47 |40 |49 |34 35 3 |37 |43 |6 28 21 |25 41 |
13450.7 184490
44 12 10 38 32 45 23 17 26 16 29 |30 36 24 14 46 11 4 27 |18 19 5 9 48 22 2 15 33 39 31 ||42 |40 |43 |28 3 |34 35 21 6 |37 25 |47 8 |13 1 |20 |41 7 |50 ||49 
15853.6 183480
44 12 10 38 32 45 23 17 26 16 29 |36 24 14 46 11 4 27 |18 19 30 5 9 48 22 2 15 33 39 31 ||42 |40 |21 7 |28 |8 47 |13 35 |43 20 |1 41 34 |37 25 |50 ||3 6 |49 
15902.1 178534

Time:1
Last Iter:10
Last Update:10
Tabu:0
Last Time1
4
45 14 46 24 18 15 11 4 27 |12 19 30 5 9 48 22 2 33 39 31 |44 10 23 32 38 36 17 26 16 29 ||42 |28 |20 |40 |49 |8 |43 |21 |34 35 |7 13 |6 3 |37 25 |50 ||1 47 |41 |
13294.3 186474
45 14 46 24 18 15 11 4 27 |12 19 30 5 9 48 22 2 33 39 31 |44 10 36 38 32 23 26 16 17 29 ||42 |7 13 1 |50 20 |8 47 |40 |49 |34 35 3 |37 |43 |6 28 21 |25 41 |
13450.7 184490
44 12 10 38 32 45 23 17 26 16 29 |30 36 24 14 46 11 4 27 |18 19 5 9 48 22 2 15 33 39 31 ||42 |40 |43 |28 3 |34 35 21 6 |37 25 |47 8 |13 1 |20 |41 7 |50 ||49 
15853.6 183480
44 12 10 38 32 45 23 17 26 16 29 |36 24 14 46 11 4 27 |18 19 30 5 9 48 22 2 15 33 39 31 ||42 |40 |21 7 |28 |8 47 |13 35 |43 20 |1 41 34 |37 25 |50 ||3 6 |49 
15902.1 178534

Time:0
Last Iter:10
Last Update:10
Tabu:0
Last Time0
5
24 4 11 14 46 44 26 16 19 30 |10 12 36 38 32 45 23 17 29 27 |18 5 22 48 9 2 33 15 39 31 ||40 |1 41 |21 |49 |20 |47 8 |13 7 35 34 |50 43 |37 |3 |6 28 |25 42 
13662.6 199846
26 30 5 9 48 22 43 33 39 31 |44 17 16 45 23 10 38 36 37 12 19 |32 14 46 24 18 2 15 11 4 27 29 ||20 50 ||40 |35 7 |3 34 13 |42 |49 |6 |21 25 |28 |47 8 |1 41 
14377.1 188931
6 24 14 44 26 16 29 11 4 27 |18 45 23 32 10 38 36 37 12 19 17 |46 30 5 9 48 22 2 15 33 39 31 ||25 41 |28 |20 50 ||13 42 |1 7 35 34 |8 47 |3 21 |43 |49 |40 |
14815.3 188377
38 24 14 44 26 16 29 11 4 27 |18 45 23 32 10 36 37 12 19 17 |46 30 5 9 48 22 2 15 33 39 31 ||25 41 |28 |20 50 ||40 |1 42 |21 13 |6 35 34 |8 47 |49 |43 |7 3 |
14995.3 185854
10 44 14 24 18 15 11 4 27 |46 12 36 32 23 45 26 16 17 19 41 29 |38 30 5 9 22 48 2 33 39 31 ||28 |50 ||49 |6 25 |3 21 34 35 |43 20 |7 13 1 |8 47 |37 |40 |42 |
16141.4 184275

Execution time: 2.597 seconds
