Time:1
Last Iter:10
Last Update:10
Tabu:0
Last Time1
4
35 2 6 30 3 7 39 43 31 42 12 27 14 40 26 47 |8 20 28 19 24 44 15 41 48 34 38 9 |18 23 11 5 10 37 13 4 36 50 21 33 ||1 29 |49 25 |16 |22 |17 |46 |45 32 |
18158.5 254184
3 23 10 5 11 20 28 19 24 44 15 41 48 38 14 40 9 |2 18 27 31 42 12 43 7 39 |8 30 35 6 36 4 13 37 50 21 33 ||1 29 |49 25 |16 |22 |47 |45 32 |17 |46 |26 34 |
19990.1 244333
44 43 39 3 30 35 6 2 4 36 13 37 50 21 33 |19 10 5 11 23 20 28 15 41 48 38 9 |7 24 18 8 31 42 12 27 17 14 40 ||49 25 16 |46 |34 |47 |29 22 |45 |1 |26 |32 
20082.8 242481
18 23 11 5 10 37 13 4 36 50 21 |35 33 2 6 30 3 7 39 43 31 42 12 27 14 40 |8 20 28 19 24 44 15 41 48 38 9 ||1 29 |49 25 |16 |22 |47 |45 32 |17 |46 |26 34 
20442.3 239174

Time:0
Last Iter:10
Last Update:10
Tabu:0
Last Time0
7
7 14 34 28 23 20 49 50 21 33 |3 43 39 30 35 6 2 4 36 13 37 10 11 5 |8 31 42 12 27 18 19 24 44 15 41 48 38 40 9 ||25 |32 |17 |46 |26 1 |22 29 |47 |45 16 
18670.5 278516
7 42 12 43 14 17 27 8 18 15 32 |31 33 3 30 35 6 2 4 36 13 37 50 21 25 16 |39 10 5 11 23 20 28 19 24 44 38 48 41 40 9 ||22 |47 26 |49 |34 |29 |46 |1 |45 |
18936.4 273278
18 44 28 20 23 11 5 37 13 36 50 21 |19 38 15 41 48 8 27 31 42 12 43 29 1 14 40 9 |24 10 4 2 6 35 30 3 7 39 33 ||25 |26 |22 |47 |49 |45 32 |34 |17 |16 |46 
19107.6 270498
5 19 24 44 15 41 48 38 18 8 27 1 14 40 9 |7 28 20 23 11 10 13 37 50 25 21 |35 31 42 12 43 39 3 30 6 2 4 36 33 ||17 26 |34 |32 |46 |49 |16 |22 29 |45 |47 
19520.5 257530
8 42 2 4 6 36 13 37 50 21 33 |31 35 30 3 7 39 43 12 27 14 40 |18 10 23 5 11 20 28 19 24 44 15 41 48 38 9 ||45 |47 |49 |17 1 |46 29 |34 26 |22 |32 |16 |25 
19770 246859
27 28 20 23 5 11 10 33 |35 31 42 12 43 39 7 3 6 2 4 36 13 37 50 21 |30 8 18 19 24 44 15 41 48 38 14 40 9 ||49 |17 1 |46 29 |22 |32 26 |47 |34 |16 45 |25 
20404.6 241099
27 28 20 23 5 11 10 33 |35 8 42 12 43 39 7 3 6 2 4 36 13 37 50 21 |30 31 18 19 24 44 15 41 48 38 14 40 9 ||25 |1 |17 26 |46 29 |34 |32 |47 |16 49 |45 |22 
23623.2 241091

Time:0
Last Iter:10
Last Update:10
Tabu:0
Last Time0
7
7 14 34 28 23 20 49 50 21 33 |3 43 39 30 35 6 2 4 36 13 37 10 11 5 |8 31 42 12 27 18 19 24 44 15 41 48 38 40 9 ||25 |32 |17 |46 |26 1 |22 29 |47 |45 16 
18670.5 278516
7 42 12 43 14 17 27 8 18 15 32 |31 33 3 30 35 6 2 4 36 13 37 50 21 25 16 |39 10 5 11 23 20 28 19 24 44 38 48 41 40 9 ||22 |47 26 |49 |34 |29 |46 |1 |45 |
18936.4 273278
18 44 28 20 23 11 5 37 13 36 50 21 |19 38 15 41 48 8 27 31 42 12 43 29 1 14 40 9 |24 10 4 2 6 35 30 3 7 39 33 ||25 |26 |22 |47 |49 |45 32 |34 |17 |16 |46 
19107.6 270498
5 19 24 44 15 41 48 38 18 8 27 1 14 40 9 |7 28 20 23 11 10 13 37 50 25 21 |35 31 42 12 43 39 3 30 6 2 4 36 33 ||17 26 |34 |32 |46 |49 |16 |22 29 |45 |47 
19520.5 257530
8 42 2 4 6 36 13 37 50 21 33 |31 35 30 3 7 39 43 12 27 14 40 |18 10 23 5 11 20 28 19 24 44 15 41 48 38 9 ||45 |47 |49 |17 1 |46 29 |34 26 |22 |32 |16 |25 
19770 246859
27 28 20 23 5 11 10 33 |35 31 42 12 43 39 7 3 6 2 4 36 13 37 50 21 |30 8 18 19 24 44 15 41 48 38 14 40 9 ||49 |17 1 |46 29 |22 |32 26 |47 |34 |16 45 |25 
20404.6 241099
27 28 20 23 5 11 10 33 |35 8 42 12 43 39 7 3 6 2 4 36 13 37 50 21 |30 31 18 19 24 44 15 41 48 38 14 40 9 ||25 |1 |17 26 |46 29 |34 |32 |47 |16 49 |45 |22 
23623.2 241091

Time:1
Last Iter:10
Last Update:10
Tabu:0
Last Time1
7
7 14 34 28 23 20 49 50 21 33 |3 43 39 30 35 6 2 4 36 13 37 10 11 5 |8 31 42 12 27 18 19 24 44 15 41 48 38 40 9 ||25 |32 |17 |46 |26 1 |22 29 |47 |45 16 
18670.5 278516
7 42 12 43 14 17 27 8 18 15 32 |31 33 3 30 35 6 2 4 36 13 37 50 21 25 16 |39 10 5 11 23 20 28 19 24 44 38 48 41 40 9 ||22 |47 26 |49 |34 |29 |46 |1 |45 |
18936.4 273278
18 44 28 20 23 11 5 37 13 36 50 21 |19 38 15 41 48 8 27 31 42 12 43 29 1 14 40 9 |24 10 4 2 6 35 30 3 7 39 33 ||25 |26 |22 |47 |49 |45 32 |34 |17 |16 |46 
19107.6 270498
5 19 24 44 15 41 48 38 18 8 27 1 14 40 9 |7 28 20 23 11 10 13 37 50 25 21 |35 31 42 12 43 39 3 30 6 2 4 36 33 ||17 26 |34 |32 |46 |49 |16 |22 29 |45 |47 
19520.5 257530
8 42 2 4 6 36 13 37 50 21 33 |31 35 30 3 7 39 43 12 27 14 40 |18 10 23 5 11 20 28 19 24 44 15 41 48 38 9 ||45 |47 |49 |17 1 |46 29 |34 26 |22 |32 |16 |25 
19770 246859
27 28 20 23 5 11 10 33 |35 31 42 12 43 39 7 3 6 2 4 36 13 37 50 21 |30 8 18 19 24 44 15 41 48 38 14 40 9 ||49 |17 1 |46 29 |22 |32 26 |47 |34 |16 45 |25 
20404.6 241099
27 28 20 23 5 11 10 33 |35 8 42 12 43 39 7 3 6 2 4 36 13 37 50 21 |30 31 18 19 24 44 15 41 48 38 14 40 9 ||25 |1 |17 26 |46 29 |34 |32 |47 |16 49 |45 |22 
23623.2 241091

Time:0
Last Iter:10
Last Update:8
Tabu:0
Last Time0
5
19 24 44 20 23 11 5 10 37 13 36 50 21 33 |4 28 15 41 48 38 18 8 27 14 40 9 |35 30 2 6 3 7 39 31 42 12 43 ||32 |16 |26 |1 |46 |17 |45 |22 |47 29 |25 49 |34 
17659.5 267211
31 14 43 42 12 27 8 18 15 38 48 41 40 9 |35 37 50 36 4 2 6 30 3 7 39 33 |13 19 24 44 28 20 23 11 10 5 21 ||25 |32 |22 |46 |45 |49 |17 1 |47 |29 26 |34 |16 
18727.2 259328
42 30 3 33 10 5 11 23 20 |31 27 18 28 19 24 44 15 41 48 38 14 40 9 |8 12 43 39 7 35 6 2 37 13 4 36 50 21 ||34 26 |16 |45 32 |25 49 |17 1 |47 |46 |22 29 
19045.3 255227
8 10 5 11 23 20 28 19 24 44 15 41 48 38 |18 31 42 12 43 3 7 39 29 14 40 9 |27 30 35 6 2 37 13 4 36 50 21 33 ||25 |22 |45 |17 1 |46 |26 |16 49 |34 32 |47 |
19379.2 248317
8 18 11 5 37 13 4 36 50 21 33 |30 10 20 28 19 24 44 15 41 48 38 9 |23 35 2 6 3 7 39 43 12 42 31 27 17 1 14 40 ||26 |16 49 |45 32 |25 |34 |47 |46 |22 29 
19829.3 238058

Time:0
Last Iter:10
Last Update:8
Tabu:0
Last Time0
5
19 24 44 20 23 11 5 10 37 13 36 50 21 33 |4 28 15 41 48 38 18 8 27 14 40 9 |35 30 2 6 3 7 39 31 42 12 43 ||32 |16 |26 |1 |46 |17 |45 |22 |47 29 |25 49 |34 
17659.5 267211
31 14 43 42 12 27 8 18 15 38 48 41 40 9 |35 37 50 36 4 2 6 30 3 7 39 33 |13 19 24 44 28 20 23 11 10 5 21 ||25 |32 |22 |46 |45 |49 |17 1 |47 |29 26 |34 |16 
18727.2 259328
42 30 3 33 10 5 11 23 20 |31 27 18 28 19 24 44 15 41 48 38 14 40 9 |8 12 43 39 7 35 6 2 37 13 4 36 50 21 ||34 26 |16 |45 32 |25 49 |17 1 |47 |46 |22 29 
19045.3 255227
8 10 5 11 23 20 28 19 24 44 15 41 48 38 |18 31 42 12 43 3 7 39 29 14 40 9 |27 30 35 6 2 37 13 4 36 50 21 33 ||25 |22 |45 |17 1 |46 |26 |16 49 |34 32 |47 |
19379.2 248317
8 18 11 5 37 13 4 36 50 21 33 |30 10 20 28 19 24 44 15 41 48 38 9 |23 35 2 6 3 7 39 43 12 42 31 27 17 1 14 40 ||26 |16 49 |45 32 |25 |34 |47 |46 |22 29 
19829.3 238058

Time:1
Last Iter:10
Last Update:8
Tabu:0
Last Time1
5
19 24 44 20 23 11 5 10 37 13 36 50 21 33 |4 28 15 41 48 38 18 8 27 14 40 9 |35 30 2 6 3 7 39 31 42 12 43 ||32 |16 |26 |1 |46 |17 |45 |22 |47 29 |25 49 |34 
17659.5 267211
31 14 43 42 12 27 8 18 15 38 48 41 40 9 |35 37 50 36 4 2 6 30 3 7 39 33 |13 19 24 44 28 20 23 11 10 5 21 ||25 |32 |22 |46 |45 |49 |17 1 |47 |29 26 |34 |16 
18727.2 259328
42 30 3 33 10 5 11 23 20 |31 27 18 28 19 24 44 15 41 48 38 14 40 9 |8 12 43 39 7 35 6 2 37 13 4 36 50 21 ||34 26 |16 |45 32 |25 49 |17 1 |47 |46 |22 29 
19045.3 255227
8 10 5 11 23 20 28 19 24 44 15 41 48 38 |18 31 42 12 43 3 7 39 29 14 40 9 |27 30 35 6 2 37 13 4 36 50 21 33 ||25 |22 |45 |17 1 |46 |26 |16 49 |34 32 |47 |
19379.2 248317
8 18 11 5 37 13 4 36 50 21 33 |30 10 20 28 19 24 44 15 41 48 38 9 |23 35 2 6 3 7 39 43 12 42 31 27 17 1 14 40 ||26 |16 49 |45 32 |25 |34 |47 |46 |22 29 
19829.3 238058

Time:0
Last Iter:10
Last Update:10
Tabu:0
Last Time0
5
7 10 5 11 23 20 28 19 24 44 32 15 41 9 |35 37 13 3 6 2 4 36 50 21 33 |30 39 43 12 42 31 27 8 18 48 38 14 40 ||49 16 |1 |17 |26 |45 |25 |46 29 |22 |34 |47 
17753.2 253346
24 18 8 27 17 31 42 12 43 14 40 |44 10 37 13 36 4 2 6 35 30 3 7 39 33 |19 50 21 5 11 23 20 28 15 41 48 38 9 ||22 |47 |46 29 |32 26 |1 |45 16 |34 |49 25 |
18948.2 253030
30 11 5 23 20 28 19 44 15 41 48 38 40 9 |35 7 10 37 13 2 6 4 36 50 21 |24 14 18 8 27 31 42 12 43 39 3 33 ||32 45 |26 1 |17 |25 |46 29 |22 |34 |49 16 |47 
19734.1 252169
13 23 10 5 11 20 28 44 24 18 38 48 41 15 |8 37 7 39 43 12 42 31 27 1 14 40 9 |19 33 3 30 35 6 2 4 36 50 21 ||22 |17 |25 16 |45 |46 29 |49 |32 26 |34 |47 
20231.3 245310
8 30 39 43 31 42 12 27 14 40 9 |18 7 10 5 11 23 20 28 19 24 44 32 15 41 48 38 |35 37 13 3 6 2 4 36 50 21 33 ||47 1 |17 |16 49 |26 |45 |25 |46 29 |22 |34 
21754.4 242286

Time:1
Last Iter:10
Last Update:10
Tabu:0
Last Time1
5
7 10 5 11 23 20 28 19 24 44 32 15 41 9 |35 37 13 3 6 2 4 36 50 21 33 |30 39 43 12 42 31 27 8 18 48 38 14 40 ||49 16 |1 |17 |26 |45 |25 |46 29 |22 |34 |47 
17753.2 253346
24 18 8 27 17 31 42 12 43 14 40 |44 10 37 13 36 4 2 6 35 30 3 7 39 33 |19 50 21 5 11 23 20 28 15 41 48 38 9 ||22 |47 |46 29 |32 26 |1 |45 16 |34 |49 25 |
18948.2 253030
30 11 5 23 20 28 19 44 15 41 48 38 40 9 |35 7 10 37 13 2 6 4 36 50 21 |24 14 18 8 27 31 42 12 43 39 3 33 ||32 45 |26 1 |17 |25 |46 29 |22 |34 |49 16 |47 
19734.1 252169
13 23 10 5 11 20 28 44 24 18 38 48 41 15 |8 37 7 39 43 12 42 31 27 1 14 40 9 |19 33 3 30 35 6 2 4 36 50 21 ||22 |17 |25 16 |45 |46 29 |49 |32 26 |34 |47 
20231.3 245310
8 30 39 43 31 42 12 27 14 40 9 |18 7 10 5 11 23 20 28 19 24 44 32 15 41 48 38 |35 37 13 3 6 2 4 36 50 21 33 ||47 1 |17 |16 49 |26 |45 |25 |46 29 |22 |34 
21754.4 242286

Time:0
Last Iter:10
Last Update:10
Tabu:0
Last Time0
3
18 17 39 7 3 30 35 6 2 4 36 33 |8 19 24 44 28 20 23 11 5 10 37 50 21 |13 43 31 42 12 27 14 40 38 48 41 15 9 ||45 |46 |22 |26 47 1 |32 |34 |29 |49 16 25 
17787.7 247819
42 27 8 18 19 24 44 32 15 41 48 38 14 40 9 |31 12 13 37 10 20 23 11 5 50 21 |28 43 39 7 3 30 35 6 2 4 36 33 ||17 |29 46 |1 47 |25 49 |34 26 |45 |22 |16 |
17990.3 247155
35 50 2 36 4 13 37 10 5 11 23 20 |30 8 18 31 42 12 43 39 7 3 46 33 21 |6 27 28 19 24 44 15 41 48 38 14 40 26 9 ||16 |1 |45 |17 |34 |47 29 |22 |25 49 |32 
22026.5 245145

Execution time: 3.523 seconds
