Time:2
Last Iter:10
Last Update:9
Tabu:0
Last Time2
4
48 1 16 17 13 23 18 44 19 39 11 14 7 45 |4 34 25 35 46 10 8 12 28 30 3 29 21 22 47 |37 49 27 33 2 40 26 36 31 24 20 15 32 5 41 ||38 |43 42 |50 ||9 |6 
20412.2 278065
37 48 27 4 49 44 17 23 18 39 11 16 29 14 7 45 41 |33 13 19 22 30 3 28 12 1 10 46 15 5 |40 8 35 25 34 20 24 31 36 26 2 32 47 ||21 |43 |9 |38 |42 |6 |50 
20616.3 261330
49 25 26 31 36 40 2 33 27 48 4 47 38 |37 32 29 18 23 13 17 44 19 39 11 43 14 7 45 41 |16 24 20 34 35 22 30 3 28 12 8 1 10 46 15 5 ||6 |42 |9 |50 ||21 |
23022.6 257158
37 32 49 17 13 44 23 18 19 39 11 43 14 7 45 41 |16 24 35 22 29 30 3 28 12 8 1 10 46 15 5 |33 34 25 20 31 26 36 40 2 27 48 4 47 ||9 |21 |38 |50 ||6 |42 
23435.7 249518

Time:1
Last Iter:10
Last Update:6
Tabu:0
Last Time1
2
34 30 8 12 3 29 16 11 39 18 23 13 17 44 19 7 14 42 45 41 |37 49 48 4 47 22 1 46 15 5 |28 35 10 25 20 24 31 36 26 40 27 33 9 2 32 ||21 |6 |43 |38 |50 
20593.2 276851
20 29 22 1 30 3 28 12 8 35 25 10 46 15 5 |34 16 13 19 44 17 23 18 39 11 14 42 7 45 41 |37 49 24 31 36 26 40 2 33 27 48 4 47 38 32 ||21 |6 |50 ||9 |43 |
21244.9 260563

Time:2
Last Iter:10
Last Update:7
Tabu:0
Last Time1
5
12 35 25 34 24 31 36 26 40 2 33 27 48 4 49 6 47 |37 17 13 23 18 44 19 7 22 1 10 46 15 5 32 |20 30 8 28 3 29 16 11 39 43 14 45 41 ||50 ||38 |21 42 |9 
20510.9 278829
17 22 19 44 13 23 18 39 11 16 1 10 46 15 5 |34 30 25 35 8 12 28 3 29 14 7 45 41 |37 49 4 48 27 33 2 40 26 36 31 24 20 50 32 47 ||42 |9 |21 |43 |38 |6 
20741.1 272387
27 35 46 8 12 28 30 3 29 16 11 39 14 7 45 41 |33 1 22 15 25 34 20 24 31 36 26 40 2 38 32 5 |37 48 10 18 23 13 17 44 19 49 4 47 ||42 |50 ||9 |43 |21 |6 
21347.9 263190
37 35 25 15 46 1 8 12 28 30 3 29 22 41 |34 10 47 49 19 44 17 13 23 18 39 11 43 14 7 45 |16 27 48 4 33 2 40 26 36 31 24 20 32 5 ||21 |9 |42 |38 |50 ||6 
21392.1 256235
17 22 49 44 19 18 39 11 16 29 14 7 45 41 |13 31 32 36 26 40 2 37 27 33 48 4 47 |23 24 20 34 25 35 8 30 3 28 12 1 10 46 15 5 ||43 |50 ||21 42 |38 |6 |9 
22736.9 247130

Time:2
Last Iter:10
Last Update:10
Tabu:0
Last Time2
5
34 5 20 24 31 36 26 40 2 33 37 27 48 4 47 |35 22 15 46 1 30 8 3 28 12 29 14 7 45 41 |25 10 32 16 11 39 17 13 23 18 44 19 49 6 ||21 |38 |50 ||9 |43 |42 
19796 287465
37 49 48 27 33 36 31 40 26 2 47 22 41 |4 30 12 28 3 29 16 18 23 13 17 44 19 39 11 43 14 7 45 |24 1 8 10 46 35 25 34 20 50 15 5 32 ||9 |21 |38 |42 |6 
20423.5 281563
31 48 2 40 26 36 24 20 34 25 35 10 46 15 5 32 |27 12 16 11 44 17 13 23 18 19 39 43 14 7 45 |37 33 4 49 47 1 8 28 30 3 29 22 41 ||21 |38 |6 |9 |42 |50 
20698.2 275420
35 20 25 49 18 23 13 17 44 19 39 11 14 7 45 41 |34 31 37 27 33 48 4 47 2 40 26 36 50 32 |24 22 16 29 30 3 28 12 8 1 10 46 15 5 ||43 |9 |21 |38 |42 |6 
20766.2 257759
27 22 16 29 30 3 28 12 8 1 10 46 15 5 |34 33 48 4 49 44 17 13 23 18 19 39 11 14 42 7 45 41 |37 35 25 20 24 31 36 26 40 2 9 47 32 ||21 |38 |6 |50 ||43 |
20775.5 241416

Time:1
Last Iter:10
Last Update:8
Tabu:0
Last Time1
5
35 47 50 25 22 11 39 19 14 42 7 45 41 |34 4 48 37 27 33 2 40 26 36 31 24 20 32 |17 49 44 13 23 18 16 29 30 3 28 12 8 1 10 46 15 5 ||38 |9 |6 |21 |43 
20625.7 275771
31 35 25 36 26 40 2 37 27 33 48 4 47 38 32 |34 20 49 23 13 17 44 18 19 39 11 43 14 7 45 41 |24 16 29 30 3 28 12 8 1 10 46 22 15 5 ||9 |6 |42 |50 ||21 
21000.5 268333
34 37 27 2 40 26 36 31 24 20 15 46 5 32 |33 35 10 1 30 8 12 28 3 16 29 22 41 |25 48 47 4 49 19 44 17 13 23 18 39 11 14 7 45 ||6 |43 |42 |50 ||21 |38 |9 
21306.6 264991
33 3 16 29 28 12 8 1 10 22 46 15 5 32 41 |37 49 35 25 34 20 24 31 36 26 40 2 4 47 |30 27 48 44 17 13 23 18 19 39 11 43 14 7 45 ||21 |9 |38 |42 |6 |50 
22542.2 254041
35 16 30 28 12 8 1 22 10 46 15 5 32 |25 3 49 18 23 13 17 44 19 39 11 43 14 7 45 41 |37 29 34 20 24 31 36 26 40 2 33 27 48 4 47 ||21 42 |6 |9 |50 ||38 
24054.1 241571

Time:2
Last Iter:10
Last Update:7
Tabu:0
Last Time2
5
35 29 16 19 44 17 13 23 18 39 11 14 7 45 5 32 |37 20 25 15 46 10 8 30 3 28 12 1 22 41 |31 34 24 36 26 40 2 33 27 48 4 49 6 47 ||43 |21 |38 |9 |42 |50 
19518.3 262257
37 49 23 18 44 39 11 7 14 22 45 41 |19 34 35 25 24 31 36 26 40 2 9 33 27 48 4 47 |20 13 17 16 29 30 3 28 12 8 1 10 46 15 5 32 ||38 |6 |21 |43 42 |50 |
21010 254122
34 49 17 13 23 18 16 29 11 39 19 43 14 7 45 41 |44 25 24 31 36 26 40 2 33 27 48 4 47 32 5 |37 20 35 22 30 3 28 12 8 1 10 46 15 ||6 |50 ||9 |21 42 |38 
21444.3 249686
34 49 44 23 18 19 39 11 7 14 21 22 45 41 |37 35 25 24 31 36 26 40 2 33 27 48 4 47 |20 13 17 16 29 30 3 28 12 8 1 10 46 15 5 32 ||38 |50 ||42 |9 |43 |6 
21508.2 249171
19 35 25 32 24 31 26 40 2 9 33 27 48 4 47 |37 36 20 22 16 44 17 13 23 18 39 11 14 7 45 41 |34 49 29 8 30 3 28 12 1 10 46 15 5 ||38 |6 |21 |43 42 |50 ||
22100.8 248524

Time:2
Last Iter:10
Last Update:10
Tabu:0
Last Time2
5
37 40 27 33 2 26 36 31 20 34 25 15 5 32 |49 35 46 10 1 8 30 3 28 12 29 16 14 42 22 41 |24 48 4 47 13 23 17 44 19 18 39 11 7 45 ||43 |50 ||9 |6 |38 |21 
20161.7 280801
34 4 22 30 3 28 12 8 1 10 46 15 5 32 |37 38 25 20 24 31 36 26 40 2 33 27 48 47 |35 16 29 17 13 23 18 44 19 39 11 14 7 49 6 45 41 ||43 |21 |9 |50 ||42 
20619.3 263755
35 18 11 39 23 13 17 44 19 49 6 7 14 22 45 41 |24 16 29 30 3 28 12 8 1 10 46 15 32 5 |37 34 25 20 31 36 26 40 2 33 27 48 4 47 ||42 43 |21 |38 |50 ||9 |
21124.8 258251
34 25 20 31 36 26 40 2 33 27 48 4 47 |35 49 16 29 17 13 23 18 44 19 39 11 14 7 45 |37 24 32 5 15 46 10 8 30 3 28 12 1 22 41 ||21 42 |43 |38 |50 ||6 |9 
21464.1 243547
24 22 30 3 28 12 8 1 10 46 15 32 5 |37 34 25 20 31 36 26 40 2 33 27 48 4 47 |35 49 16 29 17 13 23 18 44 19 39 11 14 7 45 41 ||21 42 |38 |43 |50 ||6 |9 
21637.2 235314

Time:1
Last Iter:10
Last Update:10
Tabu:0
Last Time1
6
33 17 13 23 18 16 11 39 43 14 42 7 49 4 47 32 |37 48 27 2 31 40 26 36 24 20 34 25 15 5 |35 44 19 29 30 3 28 12 8 1 10 46 22 45 41 ||38 |6 |21 |50 ||9 
20407.6 285886
33 44 47 8 30 3 28 12 1 22 |37 31 2 40 26 36 20 34 25 35 10 46 15 5 32 |24 27 48 4 49 19 17 13 23 18 39 11 16 29 14 7 45 41 ||6 |9 |38 |21 42 |43 |50 |
20590.4 267371
16 47 22 30 3 28 12 8 35 25 10 46 15 5 |27 29 1 34 20 24 31 40 26 36 32 |37 2 4 48 33 49 44 17 13 23 18 19 39 11 14 7 45 41 ||38 |9 |43 |6 |21 |50 ||42 
21371.1 266030
24 25 2 40 26 36 20 15 46 10 8 28 30 3 12 1 22 41 |34 31 37 33 27 48 4 49 47 32 5 |35 16 29 17 13 23 18 44 19 11 39 43 14 7 45 ||9 |21 |50 ||6 |42 |38 
21496 262205
33 36 49 47 46 10 8 30 3 28 12 1 22 |37 29 16 23 13 17 44 19 18 11 39 7 14 42 45 41 |35 27 48 4 2 40 26 31 24 20 34 25 15 32 5 ||6 |38 |21 |43 |50 ||9 
21607.3 260786
34 32 35 8 22 20 24 31 36 26 40 2 33 27 48 4 47 |37 17 16 23 18 11 39 14 7 45 41 |13 25 49 44 19 29 30 3 28 12 1 10 46 15 5 ||50 ||6 |21 |9 |38 |42 43 
24854.6 257492

Time:1
Last Iter:10
Last Update:9
Tabu:0
Last Time1
3
31 5 47 4 49 19 44 17 13 23 18 39 11 43 14 7 45 41 |37 48 33 2 40 26 36 24 20 34 25 35 10 46 15 32 |27 16 29 30 3 28 12 8 1 22 ||6 |38 |21 |50 ||42 |9 |
20000.8 267327
37 40 27 33 2 26 36 24 20 35 25 15 5 32 |34 48 16 23 13 17 44 18 39 11 14 7 45 |31 47 4 49 19 29 30 3 28 12 8 1 10 46 22 41 ||43 |6 |38 |21 |50 ||42 |9 
21131.7 266085
27 29 22 34 24 31 36 26 40 2 38 4 47 |16 37 33 48 49 17 13 23 18 44 19 39 11 14 7 45 41 |30 20 25 35 8 28 3 12 1 10 46 15 5 32 ||6 |42 |50 ||9 |21 |43 
22102 250499

Time:2
Last Iter:10
Last Update:3
Tabu:0
Last Time1
1
33 22 34 25 20 24 31 36 26 40 2 4 47 |37 48 35 30 3 28 12 8 1 10 46 15 5 32 |27 49 17 19 44 13 23 18 39 11 16 29 14 7 45 41 ||42 |9 |6 |50 ||43 |21 |38 
20798.6 250848

Time:0
Last Iter:10
Last Update:10
Tabu:0
Last Time0
1
33 22 34 25 20 24 31 36 26 40 2 4 47 |37 48 35 30 3 28 12 8 1 10 46 15 5 32 |27 49 17 19 44 13 23 18 39 11 16 29 14 7 45 41 ||42 |9 |6 |50 ||43 |21 |38 
20798.6 250848

