Time:2
Last Iter:10
Last Update:6
Tabu:0
Last Time1
1
25 29 22 45 3 18 19 48 49 15 44 34 10 33 |37 9 16 2 6 28 35 20 27 7 39 36 5 17 |11 43 41 42 40 21 13 47 31 26 1 8 38 ||23 50 ||30 |46 |4 |32 14 |12 |24 
19519.6 235478

Time:1
Last Iter:10
Last Update:10
Tabu:0
Last Time1
5
27 7 35 6 2 16 9 38 11 1 26 8 31 |41 47 13 21 42 25 40 37 43 49 48 15 44 34 |28 36 20 39 45 18 3 19 22 29 5 10 33 17 ||24 12 46 |4 |14 32 |23 |30 |50 
19247 265192
11 36 5 29 22 45 18 3 19 44 34 10 33 17 |39 15 49 43 37 40 25 42 21 13 47 31 26 1 8 4 38 |41 48 7 27 20 35 28 6 2 16 9 ||50 ||23 |30 |12 |32 |46 24 14 
19903 249687
11 42 37 43 40 25 13 47 31 8 26 1 38 9 |41 21 48 3 18 45 22 29 19 15 44 34 10 33 |49 28 16 2 6 35 20 27 7 39 36 5 17 ||12 32 |14 |4 24 |50 ||23 |30 |46 
20285 242926
8 18 49 43 37 41 42 40 25 21 13 47 31 |11 2 7 45 22 29 19 48 15 44 34 10 33 |3 26 1 38 9 16 6 28 35 20 27 39 36 5 17 ||14 46 |50 12 |4 |23 |30 |24 32 
21506.1 238398
36 18 19 48 15 44 34 33 10 17 |41 11 9 16 2 6 28 35 20 27 39 7 45 22 29 5 |3 42 49 43 37 40 25 21 13 47 31 26 1 8 38 ||4 |23 12 |32 |50 ||14 |46 24 |30 
22410.9 232184

Time:2
Last Iter:10
Last Update:10
Tabu:0
Last Time2
8
3 36 7 39 20 27 35 28 6 2 16 5 17 |40 49 34 44 15 48 19 18 45 22 29 10 33 |41 43 37 42 25 21 13 47 31 8 26 1 11 38 9 ||46 |12 |23 50 ||30 |32 14 |4 24 
18757.2 248680
28 29 45 22 7 36 39 20 27 35 6 2 16 50 5 17 |3 42 25 40 37 43 49 19 48 15 44 34 10 33 |18 41 21 13 47 31 8 26 1 11 38 9 ||23 24 |32 14 46 |4 12 |30 
20260.6 248203
40 9 16 2 6 28 35 20 27 36 39 7 22 29 5 17 |45 43 37 42 25 21 13 47 31 26 1 8 38 |11 41 49 44 15 48 3 18 19 34 10 33 ||23 |32 14 46 |4 24 |12 50 ||30 
20593.7 247317
42 11 36 39 20 27 35 28 6 2 16 5 17 |3 7 29 22 45 18 19 48 15 44 34 33 10 |41 49 37 43 40 25 21 13 47 31 26 1 8 38 9 ||30 |14 |50 ||46 32 |4 12 |23 24 |
20769.4 240897
3 48 7 45 22 29 19 10 33 |41 11 1 26 31 47 13 21 42 25 40 37 43 49 15 44 34 |18 8 38 9 16 2 6 28 35 20 27 39 36 5 17 ||12 |4 24 |32 14 46 |23 |30 |50 
20975.3 239995
41 49 37 43 40 25 21 13 47 31 8 26 1 11 38 |3 9 16 2 6 28 35 20 27 39 36 5 17 |42 7 18 45 22 29 19 48 15 44 34 10 33 ||46 32 |23 24 |30 |4 14 12 |50 
21214.2 228994
16 41 49 37 43 40 25 21 13 47 31 8 26 1 11 38 |3 9 2 6 28 35 20 27 39 36 5 17 |42 7 18 45 22 29 19 48 15 44 34 10 33 ||14 |23 |32 24 |30 |4 |46 12 |50 
23282.2 228082
41 16 49 43 37 40 25 21 13 47 31 8 26 1 11 38 |3 9 2 6 28 35 20 27 39 36 5 17 |42 7 18 45 22 29 19 48 15 44 34 10 33 ||46 32 |23 |14 |4 12 |30 |24 50 |
25351.7 227065

Time:1
Last Iter:10
Last Update:10
Tabu:0
Last Time1
5
3 18 22 29 19 48 15 49 43 44 34 33 10 5 17 |6 45 7 39 36 20 27 35 28 2 16 9 |11 37 41 42 40 25 21 13 47 31 26 1 8 4 38 ||50 ||23 |30 |24 46 |32 |12 14 
18830.7 249752
28 5 36 16 2 6 35 27 20 39 7 45 22 29 10 33 17 |18 41 37 40 25 21 13 47 31 8 26 1 11 38 9 |42 3 19 48 49 43 15 44 34 ||4 |23 |30 |24 46 |32 |14 12 |50 
20345.8 244451
36 42 43 49 48 15 44 34 10 33 17 |18 41 37 40 25 21 13 47 31 11 1 26 8 38 4 |3 5 45 19 29 22 7 39 27 20 35 28 6 2 16 9 ||23 |30 |24 46 |32 |50 ||12 |14 
22019.5 241913
45 48 19 13 47 31 11 1 26 8 4 38 9 |3 16 42 40 25 21 37 43 49 15 44 34 10 33 |41 18 29 22 7 39 2 6 28 35 27 20 36 5 17 ||46 50 ||24 |14 32 12 |23 |30 |
22705.8 237923
41 9 37 40 25 42 13 47 31 11 1 26 8 38 |20 18 29 19 48 49 43 15 44 34 33 10 |16 21 3 45 22 7 39 27 35 28 6 2 36 5 17 ||23 |14 |30 |46 24 |50 12 |4 |32 
23248.1 237682

Time:2
Last Iter:10
Last Update:10
Tabu:0
Last Time2
4
25 34 15 48 19 3 18 45 22 29 5 10 33 17 |40 44 49 43 37 41 42 21 13 47 31 26 1 8 38 |11 7 36 39 27 20 35 28 6 2 16 9 ||32 14 |30 |4 |23 50 ||46 |24 12 
19329 250072
11 41 37 43 49 48 3 19 15 44 34 10 33 |27 45 29 22 7 39 16 2 6 28 35 20 36 5 |18 42 40 25 21 13 47 31 1 26 8 38 9 17 ||14 12 24 |32 |4 |50 ||23 |46 |30 
19589.6 246765
11 35 6 28 27 20 2 16 9 1 26 8 38 |47 18 48 19 29 22 45 7 39 36 5 17 |3 31 13 41 42 40 25 21 37 43 49 15 44 34 33 10 ||12 14 |4 |24 |32 46 |50 23 |30 
21420.9 243286
11 35 6 28 27 20 2 16 9 1 26 8 38 |47 18 48 19 29 22 45 7 39 36 5 17 |3 31 13 41 42 40 25 21 37 43 49 15 44 34 10 33 ||12 |4 |23 |24 46 |14 |50 ||32 |30 
21426.8 241855

Time:1
Last Iter:10
Last Update:8
Tabu:0
Last Time1
5
3 40 21 37 43 49 44 15 48 19 34 33 10 |18 22 29 45 7 39 16 2 6 28 35 27 20 36 5 17 |30 41 25 42 13 47 31 26 11 1 8 38 9 ||12 23 50 ||32 14 24 46 |4 
19116.5 258633
41 49 43 44 15 48 19 3 18 45 29 34 10 33 |28 16 7 39 2 6 35 27 20 36 5 17 |22 37 40 25 42 21 13 47 31 11 1 26 8 38 9 ||32 24 |14 |12 30 |4 |23 50 46 
19193.2 258208
37 11 38 1 26 8 31 47 13 42 25 40 21 43 |41 45 22 29 18 3 19 48 15 44 34 33 10 |49 9 36 16 2 6 28 35 20 27 39 7 5 17 ||14 |12 30 |4 |32 46 |50 23 |24 
20189.4 248001
41 45 22 29 18 19 48 15 44 34 33 10 |49 9 36 16 2 6 28 35 20 27 39 7 5 17 |3 37 43 40 42 25 21 13 47 31 11 1 26 8 38 14 ||12 30 |4 |23 50 46 |32 24 
20282.6 237043
3 11 9 16 2 6 28 35 27 20 36 5 17 |48 7 39 45 22 29 19 15 44 34 10 33 |18 41 40 49 43 37 42 25 21 13 47 31 26 1 8 38 ||14 |23 50 12 |46 |4 |24 |30 |32 
22180.8 231324

Time:2
Last Iter:10
Last Update:10
Tabu:0
Last Time2
4
18 6 28 35 27 20 36 39 7 45 22 29 5 10 33 17 |19 2 16 9 38 11 1 26 8 47 31 |3 34 48 15 44 49 43 37 41 42 40 25 21 13 32 14 24 ||23 50 ||4 |12 46 |30 
19804.8 267685
3 37 43 41 42 40 25 21 13 47 31 26 1 8 38 |30 49 5 36 20 27 35 28 6 2 16 9 |11 39 7 29 22 45 18 19 48 15 44 34 10 33 17 ||12 24 |14 |46 |23 |50 ||32 |4 
20151.4 243391
43 36 9 16 2 28 35 20 27 39 7 45 22 29 5 17 |11 18 3 49 48 19 15 44 34 10 33 |6 41 37 40 25 42 21 13 47 31 26 1 8 38 14 ||50 ||30 |32 |23 12 |4 |46 |24 |
21924 238517
49 16 2 6 28 35 27 7 39 36 5 17 |41 11 43 37 42 40 25 21 13 47 31 26 1 8 38 9 |20 3 18 45 22 29 19 48 15 44 34 10 33 ||4 |30 |32 24 46 |23 50 ||12 14 
23964.9 233490

Time:1
Last Iter:10
Last Update:10
Tabu:0
Last Time1
2
41 49 43 37 42 40 25 21 13 47 31 26 1 8 38 |7 9 36 39 27 20 35 28 6 2 16 5 17 |11 3 18 45 22 29 19 48 15 44 34 10 33 ||32 |50 ||12 46 24 |30 |4 14 |23 
19187.4 233706
16 48 41 42 25 40 37 43 49 15 44 34 33 10 |6 19 3 18 45 22 29 7 39 28 35 27 20 36 5 |2 21 13 47 31 11 1 26 8 38 9 17 ||32 12 |50 ||46 |14 |23 |30 |24 |4 
21161.1 232471

Time:2
Last Iter:10
Last Update:10
Tabu:0
Last Time2
2
43 7 39 36 6 28 35 27 20 2 16 9 12 17 |37 45 22 29 19 18 3 48 15 44 34 46 5 10 33 |41 49 42 40 25 21 13 47 31 11 1 26 8 38 4 ||50 ||14 |23 24 |32 |30 
19686.8 254756
19 48 13 47 31 11 1 26 8 38 9 |3 41 42 21 25 40 37 43 49 15 44 34 10 33 17 |18 16 2 6 28 35 27 20 36 39 7 45 22 29 5 ||14 24 |12 23 |30 |46 50 ||4 |32 
19999.3 238036

Time:1
Last Iter:10
Last Update:9
Tabu:0
Last Time1
5
30 37 43 49 19 18 3 48 15 44 34 10 33 |2 38 11 1 26 8 42 41 40 25 21 13 47 31 32 |6 9 16 36 28 35 20 27 39 7 45 22 29 5 17 ||4 12 |50 ||14 24 46 |23 |
19851.8 262860
18 37 42 25 13 47 31 11 1 26 8 38 9 |2 41 40 21 43 49 48 19 15 44 34 17 |3 36 16 6 28 35 20 27 39 7 45 22 29 5 10 33 ||23 |46 50 ||30 |32 24 12 |4 14 
20562.4 245685
6 9 36 16 2 20 28 35 27 39 7 45 22 29 5 17 |13 48 3 18 19 15 44 34 10 33 |11 42 49 43 37 41 40 25 21 47 31 26 1 8 38 ||14 |4 12 |50 ||46 24 |30 |23 |32 
21014.4 243564
25 7 39 36 20 27 35 28 6 2 16 5 17 |11 48 49 43 37 41 40 42 21 13 47 31 26 1 8 4 38 24 |3 9 18 45 22 29 19 15 44 34 10 33 ||30 |32 |50 ||23 |12 46 |14 
21937.4 241177
3 48 19 18 45 22 29 10 33 |40 7 39 16 2 6 28 35 27 20 36 5 17 |41 9 38 11 1 26 8 31 47 13 21 42 25 37 43 49 15 44 34 ||24 |30 |23 50 ||32 |4 12 |46 |14 
22990.8 238555

Time:0
Last Iter:10
Last Update:10
Tabu:0
Last Time0
5
30 37 43 49 19 18 3 48 15 44 34 10 33 |2 38 11 1 26 8 42 41 40 25 21 13 47 31 32 |6 9 16 36 28 35 20 27 39 7 45 22 29 5 17 ||4 12 |50 ||14 24 46 |23 |
19851.8 262860
18 37 42 25 13 47 31 11 1 26 8 38 9 |2 41 40 21 43 49 48 19 15 44 34 17 |3 36 16 6 28 35 20 27 39 7 45 22 29 5 10 33 ||23 |46 50 ||30 |32 24 12 |4 14 
20562.4 245685
6 9 36 16 2 20 28 35 27 39 7 45 22 29 5 17 |13 48 3 18 19 15 44 34 10 33 |11 42 49 43 37 41 40 25 21 47 31 26 1 8 38 ||14 |4 12 |50 ||46 24 |30 |23 |32 
21014.4 243564
25 7 39 36 20 27 35 28 6 2 16 5 17 |11 48 49 43 37 41 40 42 21 13 47 31 26 1 8 4 38 24 |3 9 18 45 22 29 19 15 44 34 10 33 ||30 |32 |50 ||23 |12 46 |14 
21937.4 241177
3 48 19 18 45 22 29 10 33 |40 7 39 16 2 6 28 35 27 20 36 5 17 |41 9 38 11 1 26 8 31 47 13 21 42 25 37 43 49 15 44 34 ||24 |30 |23 50 ||32 |4 12 |46 |14 
22990.8 238555

