Time:1
Last Iter:10
Last Update:10
Tabu:0
Last Time1
7
31 23 32 17 50 21 37 29 22 36 24 4 45 18 46 19 |7 25 13 26 34 2 3 10 43 15 16 48 28 8 41 20 30 40 |6 9 27 39 5 44 35 14 11 38 12 ||42 |33 |1 |49 |47 |
19993.7 304486
23 24 4 50 21 37 29 36 22 16 48 28 8 41 30 40 |14 6 25 26 34 2 3 10 43 15 13 19 46 |42 39 9 27 5 35 7 44 38 12 11 31 17 18 ||45 |47 33 |20 |49 1 |32 
20226.4 267353
25 43 22 36 50 21 37 29 4 24 41 8 28 48 16 15 30 40 33 |23 7 35 44 38 12 11 14 31 17 18 46 |10 39 5 27 9 6 3 2 34 26 13 1 19 ||32 |42 |20 47 |45 |49 
20280.8 261998
23 46 31 17 50 21 28 8 24 4 45 41 30 40 |25 37 29 22 36 48 16 15 43 10 3 2 34 26 13 1 19 |6 27 9 39 5 7 35 44 38 11 14 12 18 ||32 |49 |42 |33 47 |20 
20324.8 257132
23 34 2 6 3 10 43 16 15 26 13 19 46 33 |39 38 9 27 5 7 35 44 12 11 14 32 31 17 18 |25 37 28 48 22 36 29 21 50 4 24 8 41 30 40 ||42 |20 |1 |49 |47 |45 
20440.3 254414
39 9 27 5 35 7 44 38 12 11 31 17 18 |14 16 29 37 21 50 4 24 36 22 48 28 8 41 30 40 |23 45 15 43 10 6 25 3 2 34 26 13 19 46 ||47 33 |20 |49 1 |32 |42 
20557.5 254047
39 38 9 27 5 7 35 44 12 11 14 32 31 17 18 |25 37 22 36 29 21 50 4 24 8 41 30 40 |23 46 28 48 16 6 3 10 43 15 2 34 26 13 19 ||42 |45 |33 |20 |47 |49 1 
20715.8 245169

Time:2
Last Iter:10
Last Update:10
Tabu:0
Last Time2
3
39 9 27 44 7 35 38 12 11 14 23 17 31 18 |5 6 25 13 26 34 2 10 43 15 19 46 |3 48 16 22 36 29 37 50 21 4 24 28 8 41 30 40 ||1 |47 |49 |33 20 |32 |42 |45 
19938.2 262495
5 36 29 37 50 21 4 24 17 31 18 |22 23 14 11 12 38 44 35 7 27 9 46 19 |39 13 26 34 2 25 6 3 10 43 15 16 48 28 8 41 30 40 ||49 1 |33 20 |32 |42 |47 |45 
19972.2 251679
23 37 29 22 48 16 28 21 4 24 8 41 20 30 40 |50 6 25 3 10 43 15 2 26 34 13 1 19 46 |36 9 27 39 5 7 35 44 38 12 11 14 17 31 18 ||42 |47 33 |49 |45 |32 
20686 247772

Time:2
Last Iter:10
Last Update:10
Tabu:0
Last Time2
5
4 23 11 38 44 35 39 5 7 27 9 46 19 |14 31 13 34 26 2 25 6 3 10 48 16 43 15 |12 18 17 50 21 37 29 22 36 24 28 8 41 30 40 ||47 |45 |20 |1 33 |42 |49 |32 
20005.4 274369
39 9 27 25 6 3 10 2 34 26 13 1 49 19 46 |50 23 7 35 44 38 12 11 14 32 31 17 18 |5 8 41 24 4 21 37 29 36 22 28 48 16 43 15 30 40 ||42 |45 |20 |47 33 
20277.4 257717
22 39 27 5 7 35 44 38 12 11 14 18 |23 17 50 21 37 29 36 41 4 24 8 28 48 16 43 15 30 40 |31 9 25 10 6 3 2 34 26 13 19 46 ||45 |32 |20 |42 |33 |1 49 |47 
21422.7 252292
5 50 21 37 29 36 22 48 16 43 10 2 26 34 13 1 |39 18 31 23 14 11 12 38 44 35 7 27 9 46 19 |17 25 6 3 15 28 24 4 41 8 30 40 ||42 |45 |32 |49 |20 33 |47 
21654.8 250067
39 17 22 50 21 37 29 36 28 4 24 41 8 20 30 40 |25 23 31 18 48 16 15 43 10 6 3 2 26 34 13 49 19 |5 14 11 12 38 44 35 7 27 9 46 ||33 |42 |45 |32 |1 |47 
24179.4 248239

Time:2
Last Iter:10
Last Update:8
Tabu:0
Last Time2
3
14 11 27 16 15 43 10 6 3 2 34 26 13 1 19 46 |23 48 28 22 36 29 37 50 21 4 24 8 41 20 30 40 |25 9 39 5 7 35 44 38 12 31 17 18 ||42 |47 |32 |33 |49 |45 |
19516.7 249479
25 39 7 5 35 44 38 12 11 14 23 17 31 18 |27 50 37 29 22 36 28 24 4 8 41 30 40 |9 21 48 16 15 43 10 6 3 2 34 26 13 1 19 46 ||20 |42 |47 |32 |33 |49 |45 
20490 246036
25 9 18 31 14 11 12 38 44 35 7 27 |5 17 16 15 43 10 6 3 2 34 26 13 1 19 46 |39 23 48 28 22 36 29 37 50 21 4 24 8 41 20 30 40 ||45 |47 |33 |42 |32 |49 
23471.8 244645

Time:1
Last Iter:10
Last Update:10
Tabu:0
Last Time1
7
23 8 4 24 28 22 36 29 37 21 50 17 |10 33 47 18 31 14 11 12 38 44 35 39 5 7 27 9 46 |48 25 40 30 41 16 15 43 6 3 2 26 34 13 19 ||45 |49 |42 |20 |32 |1 |
20342 300091
2 9 50 21 37 29 36 22 48 16 43 15 13 1 19 |39 27 7 35 44 38 12 11 14 23 32 31 17 18 46 |5 25 10 6 3 34 26 28 8 24 4 41 30 40 ||33 |42 |47 |45 |20 |49 
20669.8 283950
23 11 50 21 37 29 36 16 48 28 8 24 4 41 47 |25 27 39 5 7 35 44 38 12 14 32 31 17 18 46 19 |9 22 13 26 34 2 3 6 10 43 15 30 40 ||20 33 |1 49 |42 |45 |
20762.8 271546
10 31 14 11 12 38 44 35 39 5 7 27 9 46 19 |23 16 4 50 21 37 29 22 36 28 24 8 41 47 18 |17 48 25 6 3 43 15 13 34 2 26 30 40 ||42 |33 |45 |20 |32 |49 1 
20953.2 263853
5 26 13 34 2 6 3 10 48 16 43 15 30 40 19 |39 31 23 14 11 12 38 44 35 7 27 9 46 |25 17 18 28 22 36 29 37 21 50 4 24 8 41 ||45 |32 |42 |49 1 |47 20 |33 
20979.8 255299
25 39 5 7 35 44 38 12 11 14 31 18 |23 27 9 34 15 43 10 6 3 2 26 13 19 46 |37 17 16 48 4 50 21 29 22 36 28 24 8 41 30 40 ||32 |1 49 |47 |42 |20 |33 |45 
21573.5 244599
21 25 6 15 43 10 3 2 34 26 13 19 46 |39 37 29 36 22 48 16 28 4 24 8 41 20 30 40 |50 5 9 27 7 35 44 38 12 11 14 23 31 17 18 ||1 |42 |32 |49 |45 |47 33 
22789.2 242721

Time:1
Last Iter:10
Last Update:10
Tabu:0
Last Time1
6
23 38 11 14 12 44 35 39 5 7 27 9 46 |10 18 17 50 4 21 37 29 36 22 28 48 16 30 40 |24 31 8 41 15 43 6 25 3 2 34 26 13 1 19 ||33 |42 |49 |47 20 |45 |32 
19452.3 265480
25 39 5 35 44 38 12 11 14 23 17 31 18 |7 8 16 15 43 10 6 3 2 34 26 13 1 9 46 |27 50 21 37 29 22 36 48 28 24 4 41 30 40 19 ||49 |20 33 |47 |45 |32 |42 
19771.5 264348
39 19 46 9 27 5 7 35 44 38 12 11 14 31 |23 25 6 3 2 34 13 26 15 43 16 48 28 30 40 |10 17 18 22 36 29 37 50 21 4 24 8 41 ||45 |42 |33 47 |32 |20 |1 49 |
21176.3 259480
29 17 41 15 43 10 6 3 2 34 26 13 19 33 |25 31 18 50 21 4 24 36 22 16 48 28 8 30 40 |37 32 23 14 11 12 38 44 35 39 5 7 27 9 46 ||49 1 |45 |20 47 |42 
21483.8 255743
23 9 25 6 3 2 34 13 26 15 43 16 48 28 30 40 |10 18 22 36 29 37 50 21 4 24 8 41 |39 17 31 14 11 12 38 44 35 5 7 27 46 19 ||45 |42 |33 |49 |47 20 |32 |1 
21645.6 250206
25 21 48 16 15 43 10 6 3 2 34 26 13 19 |37 9 14 11 12 38 44 35 39 5 7 27 46 |23 50 18 31 17 4 24 29 22 36 28 8 41 20 30 40 ||45 |1 |47 |33 |42 |32 |49 |
22136.9 240418

Time:2
Last Iter:10
Last Update:9
Tabu:0
Last Time2
4
39 18 31 17 50 21 37 29 36 22 48 28 8 41 |24 23 14 11 12 38 44 35 7 5 27 9 46 19 |4 25 16 10 6 3 2 34 13 26 43 15 40 30 ||45 |49 |20 |1 |33 |47 |42 |32 
20283.3 253279
23 9 25 15 43 10 6 3 2 34 13 19 46 |4 26 50 37 29 36 22 16 48 28 24 8 41 30 40 |21 39 5 27 7 35 44 38 12 11 14 32 31 17 18 ||20 |1 |47 |45 |49 33 |42 
21564.5 247621
29 16 25 6 3 10 43 15 2 34 26 13 19 |37 23 31 18 50 21 4 24 36 22 48 28 8 41 30 40 |17 39 9 27 5 7 35 44 38 14 11 12 46 ||49 1 |42 |20 33 |47 |32 |45 
22449.7 243877
39 50 21 37 29 4 24 28 8 41 30 40 |23 25 9 27 7 35 44 38 12 11 14 32 31 17 18 |5 6 22 36 48 16 15 43 10 3 2 26 34 13 19 46 ||20 |1 |42 |45 |47 |33 |49 
23158.9 236232

Time:2
Last Iter:10
Last Update:7
Tabu:0
Last Time1
4
23 17 18 31 11 14 12 38 44 39 5 7 27 46 |25 29 37 50 21 4 24 36 22 48 28 8 41 30 40 |35 9 16 15 43 10 6 3 2 34 26 13 1 19 ||32 |47 |42 |20 |45 |49 |33 
19590.7 247568
23 18 17 31 11 14 12 38 44 39 5 7 27 46 |25 29 37 50 21 4 24 36 22 48 28 8 41 30 40 |35 9 16 15 43 10 6 3 2 34 26 13 1 19 ||32 |47 |42 |20 |45 |49 33 
19764.9 246813
23 50 31 14 11 12 38 44 39 5 7 27 46 |25 17 37 29 21 4 24 36 22 48 28 8 41 30 40 |35 9 18 16 15 43 10 6 3 2 34 26 13 1 19 ||32 |33 |45 |20 |49 |47 |42 
21844.4 245613
39 17 27 5 7 35 44 38 14 11 12 31 18 |23 16 48 36 29 37 50 21 4 24 28 8 41 30 40 |22 9 25 6 3 10 43 15 2 34 26 13 19 46 ||33 |1 49 |42 |20 47 |32 |45 
22617.7 238415

Time:1
Last Iter:10
Last Update:10
Tabu:0
Last Time1
3
37 40 30 48 22 36 29 21 4 8 41 17 31 18 |11 47 24 28 16 15 43 10 25 6 3 2 26 34 13 19 |50 23 14 12 38 44 35 39 5 7 27 9 46 ||42 |45 |1 |20 33 |49 |32 
19714.9 272864
6 39 5 7 44 38 12 11 14 23 17 31 18 |35 9 25 3 10 43 15 2 26 34 13 1 19 46 |27 28 16 48 22 36 29 37 50 21 4 24 8 41 30 40 ||20 |49 |32 |42 |45 |33 47 
20130.8 249179
37 9 25 6 3 10 43 15 2 34 26 13 19 46 |23 50 29 36 22 16 48 28 8 24 4 45 41 30 40 |21 27 39 5 7 35 44 38 11 14 12 31 17 18 ||33 |32 |47 20 |1 49 |42 
21254.4 247839

Time:2
Last Iter:10
Last Update:9
Tabu:0
Last Time2
3
25 13 9 27 39 5 7 35 44 38 14 12 42 46 19 |11 22 48 16 26 34 2 6 3 10 43 15 30 40 |32 23 31 17 28 36 29 37 50 21 4 24 8 41 18 ||33 |49 |1 |45 |20 |47 |
19841.8 280194
25 39 14 11 12 38 44 35 7 27 9 |5 31 17 22 36 29 37 21 50 4 24 8 41 30 40 |23 18 28 48 16 15 43 10 6 3 2 26 34 13 19 46 ||33 |32 |45 |42 |49 1 |47 |20 
20317.4 243962
39 18 31 14 11 12 38 44 35 5 7 27 9 |25 17 16 22 36 29 37 21 50 4 24 8 41 30 40 |23 28 48 15 43 10 6 3 2 26 34 13 19 46 ||42 |49 1 |47 20 33 |32 |45 
21848.2 242736

Time:0
Last Iter:10
Last Update:10
Tabu:0
Last Time0
3
25 13 9 27 39 5 7 35 44 38 14 12 42 46 19 |11 22 48 16 26 34 2 6 3 10 43 15 30 40 |32 23 31 17 28 36 29 37 50 21 4 24 8 41 18 ||33 |49 |1 |45 |20 |47 |
19841.8 280194
25 39 14 11 12 38 44 35 7 27 9 |5 31 17 22 36 29 37 21 50 4 24 8 41 30 40 |23 18 28 48 16 15 43 10 6 3 2 26 34 13 19 46 ||33 |32 |45 |42 |49 1 |47 |20 
20317.4 243962
39 18 31 14 11 12 38 44 35 5 7 27 9 |25 17 16 22 36 29 37 21 50 4 24 8 41 30 40 |23 28 48 15 43 10 6 3 2 26 34 13 19 46 ||42 |49 1 |47 20 33 |32 |45 
21848.2 242736

