Time:0
Last Iter:5
Last Update:5
Tabu:0
Last Time0
5
85 68 56 70 43 33 47 32 48 62 100 83 67 86 65 |17 45 57 26 9 55 58 24 80 90 12 37 59 54 53 97 |69 49 76 38 89 19 93 77 42 61 95 7 91 75 |88 5 16 51 82 84 79 21 14 13 46 63 18 15 98 ||1 31 66 39 4 50 |87 28 64 52 94 27 ||96 35 92 3 8 |40 2 ||23 6 41 36 |81 74 ||10 78 25 |30 72 20 29 34 99 |71 44 22 60 11 73 |
7916.86 238948.97
68 56 70 43 33 47 48 62 100 83 67 65 86 85 |17 45 57 26 9 55 58 24 80 90 12 37 59 54 53 97 |69 49 76 38 32 89 19 93 77 42 61 95 7 91 75 |88 5 16 51 82 84 79 21 14 13 46 63 18 15 98 ||1 31 66 39 4 50 |87 28 64 52 94 27 ||96 35 92 3 8 |40 2 ||23 6 41 36 |81 74 ||10 78 25 |30 72 20 29 34 99 |71 44 22 60 11 73 |
7958.62 237635.04
97 68 56 70 75 43 33 47 48 62 83 67 85 86 65 |17 45 57 26 9 55 58 24 80 90 12 37 59 54 53 |69 49 76 38 32 89 19 93 77 42 61 95 7 91 |88 5 16 51 82 84 79 21 14 13 46 63 18 15 98 ||100 1 31 66 39 4 50 |87 28 64 52 94 27 ||96 92 3 8 |2 40 35 ||23 6 36 |41 81 74 ||99 10 78 |34 29 20 72 71 30 |73 11 60 22 44 25 |
7858.68 250499.40
82 80 49 68 97 53 61 57 19 55 5 32 65 86 |26 95 4 7 59 69 37 12 90 38 51 16 58 89 48 73 |47 43 88 62 76 40 21 14 13 46 63 66 39 72 91 75 74 |67 83 24 84 56 70 54 98 15 45 42 33 9 93 17 ||78 30 27 85 |77 41 10 |44 79 34 ||2 29 20 18 71 |1 92 100 ||50 31 96 25 11 99 8 |36 87 ||52 22 35 3 |28 23 81 94 |64 6 60 |
7617.73 252434.06
69 56 85 65 43 47 48 62 83 67 68 86 |33 45 57 26 9 55 58 24 80 90 12 37 59 54 53 97 |49 76 38 32 89 19 93 77 42 61 95 70 7 91 75 17 |88 5 16 51 82 84 79 21 14 13 46 63 18 15 98 ||1 31 66 39 4 50 |87 28 64 52 94 27 |100 |2 ||96 35 92 3 8 40 ||23 6 41 36 |81 74 ||10 78 25 |30 72 20 29 34 99 |71 44 22 60 11 73 |
8383.60 234853.11
