Time:0
Last Iter:6
Last Update:6
Tabu:0
Last Time0
6
2 61 55 84 59 9 58 27 37 41 15 57 47 71 17 8 26 53 44 80 38 83 33 |81 5 89 100 73 4 88 21 25 18 31 20 92 12 79 29 63 93 96 85 40 82 |66 78 76 14 22 19 75 64 72 87 99 56 86 6 45 3 46 30 7 69 39 60 |74 51 52 32 42 23 50 65 34 36 70 49 67 10 28 95 43 77 16 1 13 94 24 ||62 |98 ||97 68 |48 |54 ||11 90 |35 ||91 |
20928.92 773512.55
2 61 55 84 59 9 91 58 27 37 41 15 57 47 71 17 8 26 53 44 80 38 83 33 |81 5 89 100 73 4 88 21 25 18 31 20 92 12 79 29 63 93 96 85 40 82 |66 78 76 14 22 19 75 64 72 87 99 56 86 6 45 3 46 30 7 69 39 60 |74 51 32 42 23 50 65 34 36 70 49 67 10 28 95 43 77 16 1 13 94 24 ||52 |62 |98 ||97 68 |48 |54 ||11 90 |35 ||
21007.79 769982.87
61 55 84 59 58 27 37 41 90 15 57 47 71 17 8 26 53 44 80 38 25 97 83 33 |81 82 5 100 73 4 88 21 18 31 20 92 12 79 98 29 63 93 96 85 40 9 |66 78 76 14 22 19 75 64 72 62 87 99 56 86 6 45 3 46 30 7 69 39 2 60 |74 51 52 32 42 23 50 65 34 36 70 49 10 89 95 28 43 77 16 1 13 94 24 |||67 54 |48 35 68 ||11 ||91 |
21190.01 765891.10
73 50 64 22 47 85 27 77 58 78 40 9 12 92 55 52 25 97 83 39 68 24 |93 16 76 15 89 36 75 34 80 56 6 42 33 18 31 84 7 30 61 60 94 35 |51 20 98 29 66 48 14 41 90 28 54 10 67 49 70 19 71 72 8 87 53 88 21 86 45 32 |13 69 79 59 63 1 96 37 57 100 43 5 65 17 4 23 99 44 38 46 2 74 ||11 81 |62 26 |||91 |3 ||82 95 |
21425.95 731521.82
59 9 58 27 41 37 57 71 17 8 26 53 44 80 38 25 83 33 61 55 84 2 60 |81 5 89 15 100 73 4 88 21 18 31 20 92 12 79 98 29 63 93 96 40 82 |66 78 76 14 47 22 19 64 72 87 99 56 86 6 45 3 46 30 7 69 39 24 |94 13 1 16 77 85 43 95 28 10 67 49 70 36 75 34 65 50 23 42 32 51 74 ||52 |62 ||54 |48 35 |97 ||90 |11 ||91 |68 |
20914.01 841082.52
73 50 64 22 47 85 27 77 58 78 40 9 48 12 92 55 52 25 97 83 39 68 24 |93 16 76 90 15 89 36 75 34 80 56 6 42 33 18 31 84 7 30 61 60 94 35 |51 20 98 29 66 14 41 28 10 67 49 70 19 71 72 62 8 87 53 88 21 86 45 32 |13 69 79 59 63 1 96 37 57 100 43 5 65 17 4 23 99 44 38 46 2 74 ||11 26 81 |54 |||91 |3 ||82 95 |
21479.81 729824.43
