Time:0
Last Iter:4
Last Update:4
Tabu:0
Last Time0
4
52 76 34 48 7 12 79 85 40 73 93 45 28 83 99 |63 91 81 27 97 3 55 53 46 20 84 17 87 61 72 86 6 41 |88 16 95 39 50 65 24 14 2 92 23 9 60 13 31 35 78 67 |59 26 22 1 57 43 21 54 100 51 77 71 58 33 82 32 70 47 ||62 42 |49 64 |18 80 8 ||66 98 |29 5 |68 30 |37 15 |74 90 ||19 94 |75 44 4 ||25 10 89 |69 36 |96 11 |38 56 |
14242.21 425425.70
76 34 48 7 12 79 85 40 73 93 45 28 83 99 |91 63 81 27 3 53 55 20 84 17 87 61 72 86 6 41 67 |88 16 95 39 50 65 24 14 2 98 13 60 92 23 9 46 31 35 78 |22 26 52 59 47 70 32 82 33 58 71 77 51 100 54 21 43 57 1 97 ||62 42 |49 64 |18 80 8 ||29 30 5 |68 66 |37 15 |74 90 ||19 94 |4 89 44 75 ||56 10 25 |69 36 |96 11 |38 |
14612.77 424081.35
32 7 12 73 58 85 61 17 62 60 9 54 34 78 97 56 |6 11 87 16 63 52 26 19 68 1 76 55 46 20 41 91 |88 82 47 75 81 57 53 48 77 79 2 72 14 24 65 86 39 95 28 |23 51 71 50 45 83 70 59 22 94 27 35 3 84 67 15 99 ||33 64 |49 89 |92 93 ||90 66 |38 100 5 |37 42 ||31 80 |21 4 |44 29 36 ||74 30 |43 8 |69 18 |10 25 |40 13 |98 96 |
15603.59 399541.69
63 52 66 76 34 48 7 12 79 85 73 93 45 28 83 99 |38 91 81 27 97 3 55 53 46 20 84 17 87 61 72 86 6 41 |88 16 95 39 50 65 24 14 2 92 23 9 60 13 31 35 67 |47 70 32 82 33 58 71 77 51 100 54 21 43 57 1 22 26 59 ||62 42 |49 64 |18 80 8 ||98 29 |5 68 30 |37 15 |74 90 ||78 19 |94 89 4 |44 75 ||69 56 |25 10 |40 36 |96 11 |
14198.33 446129.65
