Time:0
Last Iter:4
Last Update:4
Tabu:0
Last Time0
4
16 74 14 100 91 93 41 23 42 2 58 43 89 92 81 37 69 21 86 50 80 |28 39 29 47 46 77 90 13 68 87 26 11 70 72 19 83 33 8 38 85 1 18 49 |36 64 66 31 65 88 12 98 60 25 3 76 75 53 97 24 94 40 32 27 73 44 62 |55 95 7 35 51 52 54 34 5 57 67 6 78 20 9 56 61 84 10 63 96 79 17 ||45 ||30 |99 |15 ||82 |4 |71 ||59 |22 48 |
24226.17 942316.74
16 74 14 100 91 93 41 23 42 2 43 58 92 89 81 37 69 21 86 50 80 |82 26 49 1 85 38 8 33 83 19 11 72 70 87 68 13 90 77 46 47 29 28 |36 66 31 65 88 12 98 60 25 3 76 75 97 24 94 40 32 27 73 44 53 62 |55 95 7 35 51 52 54 34 5 57 67 6 78 20 9 56 61 84 10 63 96 79 17 ||45 |64 ||30 |99 |39 |15 ||18 |4 |71 ||59 |22 48 |
24341.67 937192.78
40 7 75 5 54 27 42 2 33 92 20 66 31 69 61 11 86 12 60 25 80 |73 53 32 52 24 51 76 39 29 79 98 63 50 21 37 9 78 6 58 38 49 48 |43 8 83 19 84 72 88 65 68 13 96 77 14 100 91 99 3 28 35 57 55 |90 74 46 93 47 41 94 34 23 44 67 85 89 64 56 81 26 70 87 10 36 ||59 16 |82 30 |17 ||4 15 |62 ||97 95 |45 |1 18 ||71 22 |
24676.33 782679.69
16 74 14 100 91 93 41 23 42 2 58 43 89 92 81 37 69 21 86 50 80 |18 1 85 38 8 33 49 82 26 11 19 72 70 87 68 13 90 77 46 47 29 39 28 |36 64 83 66 31 65 88 12 98 60 25 3 76 75 97 24 94 40 32 27 73 44 62 55 |7 35 51 52 54 34 5 57 53 95 67 6 78 20 9 56 61 84 10 63 96 79 17 ||45 ||30 |99 |15 ||4 |71 ||59 |22 48 |
24202.21 957992.08
