Time:0
Last Iter:3
Last Update:3
Tabu:0
Last Time0
3
39 71 55 61 45 31 60 27 11 81 69 76 8 73 |88 47 96 33 44 92 40 37 22 83 43 9 75 89 7 41 |56 36 2 13 48 4 67 72 97 78 58 3 82 86 |42 30 16 52 1 25 24 29 14 34 70 38 93 46 10 95 66 ||80 98 63 23 32 94 21 49 |85 84 19 12 91 |28 20 65 79 |90 100 50 26 51 ||53 35 5 15 74 54 ||17 99 |77 87 18 ||59 68 62 64 57 6 |
7450.56 233987.30
81 11 27 60 31 45 61 55 71 73 8 76 69 |88 96 33 44 47 92 40 37 22 83 43 9 75 89 7 41 39 |56 36 2 13 48 4 67 72 3 97 78 58 82 86 |29 24 25 1 52 16 30 42 95 10 38 70 34 14 93 46 66 ||80 98 63 23 32 94 21 |85 84 19 12 91 |28 20 65 79 |90 100 50 26 51 |49 ||53 35 5 15 74 54 ||17 77 99 |87 18 ||59 68 62 64 57 6 |
7574.99 220606.67
76 8 66 73 71 55 61 45 31 60 27 33 11 81 69 |88 96 47 44 92 40 37 22 83 43 9 75 89 7 41 39 |56 36 2 13 48 4 67 72 97 78 58 3 82 86 |42 30 16 52 1 25 24 29 14 34 70 38 93 46 10 95 ||80 84 85 21 94 32 23 63 98 |91 19 28 20 12 65 |79 90 100 50 26 51 49 ||53 35 5 15 74 54 ||17 77 99 |87 18 ||6 57 64 62 68 59 |
7427.82 243757.73
