Time:0
Last Iter:6
Last Update:6
Tabu:0
Last Time0
6
80 44 74 64 91 34 11 81 16 77 92 84 12 88 50 95 76 36 9 |48 55 70 85 60 90 31 17 6 89 93 8 87 21 26 51 97 10 5 71 |99 19 13 1 78 79 69 67 24 38 29 56 52 58 62 46 37 33 30 |73 14 83 68 28 100 4 53 57 63 61 39 7 2 96 54 35 66 41 25 ||47 20 |22 72 86 |59 23 45 |75 ||40 42 |3 ||15 98 |65 94 |82 18 |43 ||32 27 49 |
14024.27 442424.86
80 44 74 64 34 11 81 16 77 92 84 88 50 29 95 76 36 9 |91 48 55 70 85 60 31 17 6 89 93 8 87 21 26 51 97 10 5 71 |99 19 13 1 78 79 69 67 24 38 56 52 58 62 46 37 33 30 |73 14 83 68 28 100 98 53 4 57 63 61 39 7 2 96 54 35 66 41 25 ||23 75 |90 22 |86 72 47 20 |59 45 ||40 42 ||3 82 |18 65 94 |43 15 ||32 27 12 49 |
13867.90 443673.16
44 74 64 70 15 34 11 81 16 77 92 84 88 95 76 9 |55 48 91 85 60 90 31 17 6 89 93 8 87 21 26 51 97 10 5 71 80 |19 99 33 37 46 62 58 52 56 29 38 24 67 69 50 78 1 13 79 |73 14 83 68 28 100 98 53 4 57 63 61 39 7 2 96 54 35 66 41 25 30 ||42 40 |86 72 47 20 |22 59 |23 45 ||75 36 ||94 3 |43 82 |18 65 ||12 49 |27 32 |
13783.55 449829.73
30 44 74 64 34 11 81 16 77 92 84 88 50 95 76 9 |55 48 91 70 85 60 90 31 17 6 89 93 8 87 21 26 51 97 10 5 71 80 |19 99 33 37 46 62 58 52 56 29 38 24 67 69 78 1 13 79 |73 14 65 83 68 28 100 98 53 4 57 63 61 39 7 2 96 54 35 66 41 25 ||42 40 |86 72 47 20 |22 59 |23 45 ||75 36 ||94 3 |82 18 |43 15 ||12 49 |27 32 |
13634.84 458682.28
55 62 40 44 74 70 34 81 16 77 92 84 83 88 50 95 76 36 9 |19 26 11 48 90 17 6 89 93 87 42 51 97 5 71 |64 85 99 37 46 33 30 58 52 80 56 29 38 24 67 69 78 1 13 79 |60 73 14 68 28 100 4 53 57 91 63 61 39 7 2 96 54 35 66 41 25 ||86 |72 47 20 |22 59 |23 45 |31 |8 |21 |10 ||3 ||75 65 |94 82 |18 |98 15 |43 ||32 27 |12 49 |
16489.34 424686.59
80 44 74 64 16 77 92 84 81 88 50 95 76 36 9 |11 75 49 48 55 70 91 34 85 60 90 31 17 6 89 93 8 87 21 26 51 97 10 5 71 |99 19 13 1 79 69 67 24 38 29 56 52 58 62 46 37 33 30 |73 14 83 68 28 100 98 53 4 57 63 61 39 7 2 96 54 35 66 41 25 ||40 42 |86 72 47 20 |22 59 |23 45 |||3 82 |18 65 94 |43 15 ||32 27 78 12 |
13565.83 471326.42
