Time:0
Last Iter:3
Last Update:3
Tabu:0
Last Time0
3
68 45 95 63 21 71 11 49 15 55 83 88 66 51 58 25 39 60 59 50 57 |80 41 96 32 17 93 23 70 85 4 73 13 29 26 67 43 33 98 100 2 16 |56 91 28 20 62 36 94 72 97 52 27 42 82 5 35 90 61 31 47 69 86 8 77 |65 75 3 84 81 53 46 44 22 24 48 7 38 64 40 18 89 6 37 19 79 34 |||12 92 87 ||9 78 76 |1 99 |14 54 74 ||30 10 |
20194.08 659359.14
68 45 95 63 21 71 11 49 15 55 83 53 88 66 51 58 25 39 60 59 57 |77 93 80 41 96 32 17 23 70 85 4 73 13 29 26 67 43 33 98 100 2 16 |56 91 28 20 62 36 94 72 97 52 27 42 82 5 35 90 61 31 47 69 86 8 |65 75 3 81 84 46 44 22 24 48 7 38 50 64 40 18 89 6 37 19 79 34 |||87 92 12 ||1 99 |54 76 14 |74 9 78 ||30 10 |
20092.44 676420.78
63 45 68 95 21 71 11 49 15 55 83 88 66 51 58 25 39 60 59 50 57 |80 41 96 32 17 93 23 70 85 4 73 13 29 26 67 43 33 98 100 2 16 |56 91 28 20 62 36 94 72 97 52 27 42 82 5 90 61 31 47 69 86 8 77 |35 65 75 3 84 81 53 46 44 22 24 48 7 38 64 40 18 89 6 37 19 79 34 |||12 92 87 ||78 14 |9 74 54 |76 1 99 ||30 10 |
22431.32 641334.42
