Time:0
Last Iter:7
Last Update:7
Tabu:0
Last Time0
7
71 10 60 13 83 66 43 99 38 7 47 4 77 19 26 85 50 |95 6 69 2 75 63 94 37 41 54 52 96 53 49 34 27 51 29 39 59 78 |23 24 14 42 93 16 81 3 15 1 89 11 32 56 68 92 8 |98 12 25 73 65 82 46 48 67 62 36 70 58 84 79 55 76 86 100 61 ||80 28 |17 72 |88 |57 |45 91 ||33 9 |97 |64 20 31 |74 ||44 |22 5 |35 |21 87 ||30 40 90 |18 |
18457.99 599261.94
26 85 80 50 13 83 48 66 43 99 38 7 47 4 77 19 10 60 |95 6 69 2 75 63 94 37 41 54 96 53 34 27 51 29 39 59 78 71 |23 24 14 42 93 16 25 81 3 15 1 89 11 32 56 68 44 92 8 |98 12 73 65 82 46 67 62 36 70 58 84 79 55 76 86 100 61 ||18 |45 |28 |17 72 |91 88 |57 ||52 |33 9 |97 |64 20 31 |74 ||87 21 |22 5 |35 ||30 90 |40 |49 |
18674.30 582319.56
13 83 48 66 60 10 43 99 38 7 47 4 77 19 26 28 50 80 85 |95 6 69 75 63 94 37 41 54 96 53 34 27 51 29 39 59 78 71 |92 8 44 68 56 32 11 89 1 15 3 81 25 17 16 93 42 14 24 23 |98 12 73 65 82 46 67 62 36 70 58 84 79 55 76 86 100 61 ||45 |72 91 |88 |57 |18 ||97 |20 31 |74 |9 2 |33 |52 |64 ||22 87 |21 |35 |5 ||30 |49 |90 |40 |
18419.64 626158.87
10 60 83 66 43 38 7 47 4 77 19 78 26 85 50 |95 6 69 2 75 63 94 37 41 54 52 96 53 34 27 51 29 59 39 1 |13 24 23 14 42 93 16 81 3 15 71 89 11 32 56 68 92 8 |98 12 25 73 65 82 46 48 67 62 36 70 58 84 79 55 76 86 100 61 ||80 28 |17 72 |88 |57 |18 |45 |99 ||91 |33 9 |97 |64 20 31 |74 ||44 |22 5 |35 |21 87 ||30 40 90 |49 |
18983.07 581580.73
66 83 13 50 80 85 28 26 19 77 4 47 7 38 99 43 10 60 |95 6 69 2 75 63 94 37 41 54 52 96 53 34 27 51 29 39 59 78 71 |23 24 14 42 93 48 16 17 25 81 3 15 1 89 11 32 56 68 44 92 8 |98 12 73 65 82 46 67 62 36 70 58 84 79 55 76 86 100 61 ||72 91 |88 |57 |18 |45 ||33 9 |97 |64 20 31 |74 ||87 5 22 |21 |35 ||90 30 |49 |40 |
19005.26 578666.80
85 80 50 13 83 48 66 43 99 38 7 47 4 77 19 71 10 60 |95 6 69 16 75 63 94 37 41 54 96 53 49 34 27 51 29 39 59 78 |23 24 14 42 93 25 81 3 15 1 89 11 32 56 68 44 92 8 26 |98 12 73 65 82 46 67 62 36 70 58 84 79 55 76 86 100 61 ||28 |17 |91 88 |57 |18 |45 |72 ||74 |52 |2 |97 |33 9 |64 20 31 ||21 22 |87 |35 |5 ||90 30 |40 |
19055.67 564941.29
60 10 19 77 4 47 7 38 99 43 66 48 83 33 13 50 80 85 26 |95 6 69 2 75 63 94 37 41 54 96 44 53 34 27 51 29 39 59 78 |23 24 14 62 42 93 16 25 81 3 15 1 89 11 32 56 68 92 8 |71 98 12 45 73 65 82 46 67 36 70 58 84 79 55 76 86 100 61 ||28 88 |57 |18 |17 72 |91 ||97 31 |74 |9 |52 |64 20 ||87 22 |35 |5 21 ||30 |49 |90 40 |
18322.48 639821.19
