Time:0
Last Iter:2
Last Update:2
Tabu:0
Last Time0
2
6 32 89 15 50 88 30 67 41 62 90 44 28 82 8 11 84 49 43 |45 59 72 10 54 52 76 39 56 61 92 70 24 35 13 33 51 47 42 34 21 100 |53 22 17 14 29 3 93 64 55 16 78 18 94 87 79 97 75 95 2 20 69 71 |99 91 37 26 80 38 58 9 77 60 36 46 4 73 1 63 83 86 81 48 96 68 40 ||27 19 |74 25 |66 |65 |7 |98 |31 ||12 85 57 ||23 ||5 |
24897.33 752742.06
43 65 50 15 88 30 67 41 84 11 8 40 62 90 44 28 82 6 32 89 49 |45 59 72 10 54 52 76 39 31 56 61 92 70 24 35 13 33 51 47 42 34 21 100 |22 53 17 14 29 3 93 64 55 16 78 18 94 87 79 97 75 95 2 20 69 71 |99 66 91 37 26 80 38 58 9 77 60 36 46 4 73 1 63 83 86 81 48 96 68 ||27 19 |74 25 |7 ||57 85 12 |98 ||23 ||5 |
24877.04 931277.18
