Time:0
Last Iter:6
Last Update:6
Tabu:0
Last Time0
6
29 13 74 45 99 19 84 31 5 76 15 81 50 27 |8 43 20 2 21 28 26 22 87 42 7 85 88 62 |98 32 92 18 93 24 82 53 51 58 36 75 54 |34 91 94 89 10 60 56 40 90 96 70 67 86 59 55 ||77 64 |16 35 |1 100 |39 9 41 |63 37 71 |79 97 61 ||17 49 |95 11 |69 65 |78 52 ||38 72 |23 30 12 |68 80 4 |73 14 ||25 44 46 |47 6 |33 3 |66 48 |83 57 |
14105.37 344272.50
13 29 74 45 99 19 84 31 5 76 15 81 50 27 |10 8 20 2 28 26 22 87 42 7 85 88 62 |98 32 92 18 93 24 82 53 51 58 36 43 75 54 |70 67 86 59 55 34 91 94 89 60 56 40 90 96 ||9 39 77 |64 16 |35 1 100 |41 63 |37 71 |79 97 61 |21 ||17 49 |95 11 |69 65 |78 52 ||38 72 |23 30 12 |68 80 4 |73 14 ||25 44 46 |47 6 |33 3 |66 57 |48 83 |
14376.26 318404.49
27 81 15 76 5 31 84 19 99 73 45 74 29 13 |8 43 20 10 2 21 28 26 22 87 42 7 85 88 62 |98 32 92 18 38 93 25 24 82 53 51 58 36 75 54 50 |34 91 94 89 60 56 40 90 96 70 67 86 59 55 ||77 64 |72 61 16 |35 1 100 |39 9 41 |63 37 71 |79 97 ||17 49 |95 11 |69 65 |78 52 ||23 30 14 12 |80 68 ||44 46 |47 6 |33 3 |66 48 |83 57 4 |
14066.27 412996.01
27 36 100 45 59 44 84 87 18 92 90 97 81 62 12 6 |8 75 34 51 53 24 63 99 46 31 88 77 22 67 70 15 96 98 50 |26 28 2 56 10 20 30 69 29 58 80 74 55 95 83 39 9 |13 41 11 37 19 86 7 42 85 5 76 72 32 60 89 94 23 64 66 ||43 54 |79 |1 |93 38 |33 14 ||68 65 |40 52 |73 57 16 ||78 |17 21 |35 82 4 |48 ||25 71 |49 61 |91 3 |47 |
14053.93 427649.45
27 36 100 45 59 25 44 84 87 18 92 90 97 81 62 12 6 |8 75 34 1 51 53 24 63 99 46 31 88 77 22 67 70 15 96 98 50 |26 28 2 56 10 78 20 30 69 29 58 74 55 95 83 39 9 |13 80 41 11 37 19 86 7 42 85 5 76 72 32 60 89 94 23 64 66 ||43 54 |79 |93 38 |33 14 ||16 68 65 |40 52 |73 57 ||17 21 |35 4 |48 82 ||47 61 |91 3 |71 49 |
13776.65 457251.84
13 29 45 99 19 84 31 5 76 15 81 50 27 |74 20 10 2 28 26 22 87 42 7 85 88 62 |8 98 92 18 93 24 82 53 51 58 36 75 54 |70 67 86 59 55 34 91 94 89 60 56 32 40 90 96 ||77 64 |16 35 |1 100 |39 41 63 |37 71 |79 97 |9 61 |43 |21 ||17 49 |95 11 |69 65 |78 52 ||38 72 |23 30 12 |68 80 4 |73 14 ||25 44 46 |47 66 |33 48 3 |57 83 6 |
14632.19 310708.94
