Time:0
Last Iter:6
Last Update:6
Tabu:0
Last Time0
6
29 83 12 53 14 18 28 2 32 95 31 94 91 90 57 43 79 |4 55 21 54 56 66 87 80 92 59 64 30 81 33 52 69 |84 100 45 76 46 48 36 34 44 35 10 19 15 73 5 47 1 |98 89 82 62 37 72 26 38 70 13 8 23 85 86 88 6 ||58 40 |75 51 |63 97 |17 78 ||99 41 |22 24 |67 93 42 74 |16 68 ||27 39 |7 49 |25 3 |60 61 ||20 11 |9 77 |65 96 |71 50 |
13426.36 416782.56
29 83 12 53 14 18 28 2 32 95 31 94 91 90 57 43 79 |4 55 21 54 56 66 87 80 92 59 64 30 81 33 52 69 |84 100 45 76 46 36 34 19 10 35 44 15 73 5 47 1 |98 89 82 62 37 72 26 38 70 13 8 23 27 85 86 88 6 ||58 40 |75 51 |63 97 |17 78 ||99 41 |22 24 |67 93 42 74 |16 68 ||39 7 49 |25 3 |60 61 |48 ||20 11 |9 77 |65 96 |71 50 |
13439.36 416537.83
29 83 12 53 14 18 28 2 32 99 95 31 94 91 90 57 43 |6 4 55 21 54 56 66 87 80 92 59 64 30 81 79 69 |84 100 45 76 71 46 36 34 44 35 10 19 15 73 5 47 1 |98 89 68 82 62 37 72 26 38 70 13 8 23 33 85 86 88 ||58 40 |75 51 |97 17 |63 78 ||52 16 41 42 74 |22 24 |67 93 ||39 60 |3 25 48 |7 61 |27 49 ||50 11 |9 96 20 |65 77 |
13424.88 441428.61
29 83 12 53 14 18 39 28 2 32 95 31 94 91 90 57 43 79 |54 21 55 4 11 33 81 30 64 59 92 80 87 66 56 52 69 |84 100 45 76 46 48 36 34 44 35 10 19 15 73 5 47 1 |98 89 82 62 37 72 26 38 70 13 8 23 85 86 88 6 ||58 40 |75 51 |63 97 |17 78 ||99 41 |22 24 |67 93 42 74 |16 68 ||7 49 |25 3 |60 27 61 ||9 71 50 96 |77 65 20 |
13416.07 445210.26
43 91 90 57 71 46 29 25 83 12 53 14 18 28 2 32 99 95 31 |21 86 55 7 49 54 56 66 87 80 92 59 64 30 33 52 69 |1 47 5 73 15 19 10 35 44 34 36 48 84 100 76 45 79 |98 89 82 62 37 72 26 38 70 13 8 81 23 85 88 6 ||58 40 |75 51 |63 |11 78 |97 17 ||22 24 |67 4 |74 93 16 |68 |41 ||60 42 |94 9 |3 39 |27 61 ||50 20 77 |65 96 |
13369.09 477554.44
29 83 12 53 14 18 28 32 99 95 4 2 31 94 91 90 57 43 |21 55 54 56 66 87 80 92 59 64 30 81 33 79 52 69 |84 100 76 46 9 36 34 44 35 10 19 15 73 5 47 1 |98 89 82 62 37 72 26 38 70 13 8 45 23 85 86 88 6 ||58 40 |75 51 |63 97 |17 78 ||41 |22 24 |67 93 42 74 |16 68 ||7 49 |25 3 |60 61 |48 |27 39 ||11 50 |71 96 |77 65 20 |
13528.20 414309.55
