Time:0
Last Iter:7
Last Update:7
Tabu:0
Last Time0
7
41 40 1 66 83 36 89 86 64 16 43 18 52 2 |54 28 58 12 27 72 75 49 82 44 84 25 26 91 87 93 |71 99 11 37 15 77 98 47 61 74 35 76 97 33 78 |73 96 24 13 6 55 51 29 63 39 7 62 48 88 20 ||95 3 90 80 |53 70 81 |94 38 57 30 |46 100 67 32 ||22 50 92 5 68 59 |65 10 9 79 ||60 69 23 4 45 ||31 21 14 19 |56 42 8 85 17 34 |
7966.85 239043.15
33 78 1 66 83 89 86 64 16 43 18 2 |28 58 12 27 75 49 82 44 84 25 26 91 87 93 52 |40 97 76 35 74 61 47 31 98 77 15 37 11 99 71 36 54 |73 96 24 13 22 6 55 51 29 63 39 7 62 48 88 20 ||3 81 70 38 94 53 |57 30 100 46 |32 67 72 95 |90 80 |41 ||50 92 5 68 59 |65 10 9 79 ||60 69 23 4 45 ||21 14 19 42 56 |8 85 17 34 |
7965.16 243011.20
41 40 1 66 83 36 89 86 64 16 43 18 52 2 |54 28 58 12 27 75 49 82 44 84 25 26 91 87 93 |71 99 11 37 15 77 98 47 61 74 35 76 97 78 33 |73 96 24 13 22 6 55 51 29 63 39 7 62 48 88 20 ||3 81 70 38 94 53 |57 30 100 46 |32 67 72 95 |90 80 ||50 92 5 68 59 |65 10 9 79 ||60 69 23 4 45 ||31 21 14 56 |19 42 8 85 17 34 |
7970.56 236721.44
82 73 47 76 26 24 78 6 51 71 29 66 94 89 20 2 52 |93 13 74 84 43 62 48 27 99 7 70 63 36 54 5 |91 25 97 35 44 15 11 64 81 39 12 58 38 83 28 |18 16 49 77 37 75 46 86 1 33 57 40 61 98 67 69 87 ||31 41 92 56 |95 100 42 50 80 |14 60 90 10 17 34 96 ||68 55 8 45 9 ||65 3 4 22 85 53 |88 21 32 ||30 23 59 72 |19 79 |
7957.70 270823.43
20 89 94 66 29 71 51 6 78 24 26 76 47 73 82 52 2 |93 74 84 43 62 86 48 27 99 7 70 63 36 54 5 |13 97 35 25 91 44 15 11 64 81 39 12 58 38 83 28 |18 16 49 77 37 75 46 1 85 33 57 40 61 98 67 69 87 ||31 41 92 56 |95 100 42 50 80 |14 60 90 10 17 34 96 ||68 55 8 45 9 ||65 3 32 4 |53 22 88 21 ||79 19 72 59 |30 23 |
7913.04 290255.34
82 73 47 76 26 24 78 6 51 71 29 66 94 89 20 2 |52 93 13 74 84 43 68 62 48 27 99 7 70 63 36 54 5 |91 25 97 35 23 44 15 11 64 81 39 12 58 38 83 28 |18 16 49 77 37 75 72 46 86 1 33 57 40 61 98 69 87 ||92 41 67 |31 100 95 |80 50 42 14 60 |96 90 10 17 34 56 ||55 8 45 9 ||65 3 4 22 85 53 |88 21 32 ||59 30 79 19 |
7906.25 290452.35
40 1 66 83 36 89 86 64 16 43 18 52 2 |54 28 58 12 27 75 49 82 44 84 25 26 91 87 93 |71 99 11 37 15 77 98 47 61 74 35 76 97 33 78 41 |73 96 24 13 22 6 55 51 29 63 39 7 62 48 88 20 ||3 81 70 38 94 53 |57 30 100 46 |32 67 72 95 |90 80 ||50 92 5 68 59 |65 10 9 79 ||60 69 23 4 45 ||31 21 14 19 |56 42 8 85 17 34 |
8038.33 232917.62
