Time:0
Last Iter:5
Last Update:5
Tabu:0
Last Time0
5
43 17 94 55 85 57 36 15 73 65 59 91 81 12 33 99 70 38 52 77 |56 80 21 6 100 97 39 75 37 46 79 1 82 45 25 19 24 11 83 95 50 66 20 |53 14 32 26 60 9 74 7 40 93 23 5 90 89 18 63 3 86 62 84 27 51 29 |88 64 4 61 31 13 35 48 71 96 47 54 69 34 2 30 49 76 44 42 28 41 ||10 8 |58 |92 67 |87 |68 ||72 22 |||98 16 78 |
24531.44 851539.72
43 86 17 94 55 85 57 36 15 73 65 59 91 81 12 33 99 70 38 77 |56 80 21 6 100 97 39 75 37 46 79 1 68 82 45 25 19 24 11 83 95 66 20 |53 14 32 26 60 9 74 7 52 40 93 23 5 90 89 62 84 27 51 29 3 63 |41 28 42 44 76 49 30 2 34 69 54 47 96 71 48 35 13 31 61 4 64 88 ||58 72 |92 |10 22 8 |50 |67 |87 ||||18 98 |16 78 |
24413.21 858871.11
43 17 94 55 57 85 36 15 73 65 59 91 81 12 33 99 70 38 52 77 |56 80 21 6 100 97 39 75 37 46 79 82 45 25 19 24 11 83 95 50 66 20 |86 53 32 26 60 9 74 7 40 93 23 5 90 89 63 3 62 84 27 51 29 |88 64 4 61 35 13 31 48 71 96 47 54 69 34 2 30 49 76 44 42 28 41 ||58 72 |22 |92 |68 |67 |87 |1 |10 |8 |14 ||||18 98 |16 78 |
24735.89 826593.91
85 94 55 57 36 15 73 65 80 91 81 12 33 99 70 38 52 77 |22 95 83 11 24 19 25 45 63 82 79 46 37 75 39 97 100 6 21 59 56 20 43 |17 53 32 26 60 9 74 7 40 93 23 5 90 89 3 86 62 84 27 51 29 |88 64 4 61 31 13 48 71 96 47 54 69 34 2 30 49 76 44 42 28 41 ||68 |58 72 |67 |87 |10 8 |14 |66 |50 |1 |92 |35 ||||18 98 |16 78 |
24983.96 819229.89
17 94 55 85 57 36 15 73 65 59 91 81 12 33 99 70 38 52 67 77 |66 50 95 83 11 24 19 25 45 82 1 79 46 37 75 39 97 100 6 21 80 56 20 43 |53 14 32 26 60 9 74 7 40 93 23 5 90 89 63 3 86 62 84 27 51 29 |88 64 4 61 31 13 35 48 71 96 47 54 69 34 2 30 49 76 44 42 28 41 ||10 8 |58 72 |92 |68 |87 ||22 |||78 18 |98 16 |
24405.35 905352.35
