Time:0
Last Iter:3
Last Update:3
Tabu:0
Last Time0
3
43 5 37 50 45 42 48 14 4 8 7 |29 11 27 32 47 31 19 44 30 38 28 |6 41 12 1 15 33 21 23 26 18 17 ||36 9 |13 |40 |22 |35 |46 |34 |2 |39 |3 |10 ||24 49 20 |16 25 ||
5853.69 109900.03
4 21 14 23 26 30 18 42 45 43 17 28 |47 44 33 1 12 41 6 27 11 29 |5 37 50 38 48 19 8 7 15 32 ||35 24 |16 25 |39 22 |49 |20 |10 |46 |3 |2 |13 ||9 ||40 31 36 34 |
5886.68 94600.46
43 5 37 50 42 45 48 14 4 8 7 |28 29 11 27 32 47 19 44 30 38 17 |6 41 12 1 15 33 24 21 23 26 3 18 ||31 36 9 13 |40 22 35 |46 34 2 39 |10 ||16 20 25 49 ||
5802.35 124061.95
