Time:0
Last Iter:4
Last Update:4
Tabu:0
Last Time0
4
15 44 20 5 43 49 19 16 29 |11 42 4 38 46 3 47 |37 25 17 41 2 13 34 ||12 48 |1 23 |28 10 |32 6 35 |40 ||8 31 27 |30 36 |24 45 ||14 26 |50 33 |18 21 |7 39 |22 9 |
11239.86 132629.38
15 20 5 37 43 25 19 16 29 |11 42 4 38 46 3 47 |44 17 49 41 2 14 13 34 ||12 48 |1 23 |28 10 |32 6 35 |40 ||8 31 27 |30 36 |24 45 ||26 50 33 |18 21 |7 39 |22 9 |
11222.33 137966.52
37 15 44 20 5 43 49 19 16 29 |11 42 4 38 40 46 3 47 |25 17 2 14 13 9 34 ||12 48 |1 23 |28 10 |32 6 35 |41 ||8 31 27 |30 36 |24 45 ||18 21 |7 39 |22 26 |50 33 |
11453.49 131250.58
37 11 44 15 4 38 46 3 |34 41 19 25 43 42 20 5 |17 49 29 16 2 13 22 35 45 47 ||31 8 |23 18 33 |7 32 |30 |40 |12 |6 ||48 27 |26 50 |28 10 ||1 9 |14 36 |39 24 21 |
9674.16 144946.22
