Time:0
Last Iter:6
Last Update:6
Tabu:0
Last Time0
6
36 26 19 6 15 7 33 43 42 39 24 |38 1 49 14 35 20 12 13 48 44 37 8 18 46 21 |3 31 32 22 30 16 27 2 25 5 45 34 41 29 40 ||47 9 |4 10 50 |17 |23 ||28 11 ||
18971.58 270156.77
19 26 15 7 17 33 43 42 39 24 36 40 |38 1 49 14 35 20 12 13 48 44 37 8 18 46 21 |3 31 32 22 30 16 27 2 25 5 45 34 41 29 ||4 10 50 |23 |6 ||28 11 ||47 9 |
18909.41 280604.63
19 6 15 7 33 43 42 39 24 23 36 26 |38 1 49 14 35 20 12 13 48 44 37 8 18 46 21 |3 31 32 22 30 16 27 2 25 5 45 41 29 40 ||50 47 |9 4 10 |17 |34 ||11 28 ||
18896.32 286744.55
15 32 49 20 37 16 27 2 25 29 40 26 21 |7 38 43 28 35 14 12 13 22 8 30 18 36 34 |44 19 46 41 5 45 23 42 3 1 33 31 17 39 24 ||48 6 |11 50 4 |||47 10 |9 |
18749.89 307309.76
36 15 6 19 26 24 39 42 43 33 7 |35 38 1 49 14 12 13 44 37 8 18 46 21 |3 17 32 20 22 30 16 27 2 25 5 45 34 41 29 40 ||4 10 50 |23 |48 |31 ||11 28 ||47 9 |
19887.06 266866.79
26 40 29 25 2 27 16 37 20 49 32 15 21 |7 38 43 35 14 12 13 22 8 30 18 36 34 |44 19 46 41 5 45 23 42 3 1 33 31 17 39 24 ||48 6 |11 50 4 |||28 10 |9 47 |
18720.68 329362.14
