Time:0
Last Iter:6
Last Update:6
Tabu:0
Last Time0
6
38 10 32 49 24 18 20 43 9 48 22 31 |39 2 5 37 36 47 45 26 16 4 27 29 |30 12 19 41 1 17 8 23 44 14 46 11 15 33 ||40 42 ||34 7 13 |21 50 ||28 3 35 |6 25 |
16107.98 253940.62
10 32 49 24 18 9 48 22 43 20 33 31 |39 2 5 37 36 38 45 47 16 26 4 27 29 |30 12 19 41 1 17 8 23 44 14 46 11 15 ||40 42 ||34 7 13 |50 21 ||6 28 35 |3 25 |
16479.65 243286.98
14 29 44 26 30 28 5 22 48 50 39 31 |9 18 24 16 45 23 32 10 36 17 1 19 |41 12 37 38 47 49 46 11 4 27 15 40 2 33 ||43 20 |21 7 |42 8 ||34 6 ||3 35 |13 25 |
16611.39 236049.09
38 10 32 49 24 18 20 43 9 48 22 31 39 |27 4 33 2 5 37 36 47 45 26 16 29 |30 12 19 41 1 17 8 23 44 14 46 11 15 ||40 42 ||34 7 13 |21 50 ||28 3 35 |6 25 |
15978.50 268634.17
29 38 10 32 49 24 18 43 9 48 22 31 |39 2 20 5 37 36 47 45 26 16 4 27 |33 15 11 46 14 44 23 8 17 41 19 12 30 ||40 42 ||34 13 7 |21 50 ||1 |28 3 35 |6 25 |
15811.91 273586.88
5 14 44 26 29 30 22 48 50 39 31 |9 18 24 16 23 45 32 10 36 17 1 19 |4 41 12 37 38 47 49 46 11 27 15 40 2 33 ||43 20 |21 7 |42 |8 |28 ||34 6 ||3 25 |35 13 |
17005.10 234528.53
