Time:0
Last Iter:3
Last Update:3
Tabu:0
Last Time0
3
35 36 13 37 23 28 24 44 15 41 18 34 38 9 |22 29 46 33 21 50 11 20 45 48 8 31 42 12 14 40 26 |32 19 5 10 4 2 6 30 3 7 39 43 17 27 1 47 |||49 16 ||25 |
21101.64 364421.77
35 36 13 37 23 28 24 44 15 41 18 38 9 26 |22 29 46 33 21 50 11 20 45 48 34 8 31 42 12 14 40 |32 19 5 10 4 2 6 30 3 7 39 43 17 27 1 ||47 ||16 49 ||25 |
21012.90 370671.11
18 35 36 37 23 28 24 44 15 41 38 40 9 |13 48 14 31 42 12 29 22 46 33 21 50 25 11 20 45 |32 19 5 10 4 2 6 30 3 7 39 43 17 27 8 1 47 ||26 |34 ||16 49 ||
22688.90 343874.20
