Time:0
Last Iter:5
Last Update:5
Tabu:0
Last Time0
5
64 9 44 74 11 81 16 77 92 84 88 50 95 76 36 |70 55 48 91 34 85 60 90 31 17 6 89 93 8 87 21 26 51 97 10 5 71 80 |99 19 13 1 78 79 69 67 24 38 29 56 52 58 62 46 37 33 30 |73 14 83 68 28 100 98 53 4 57 63 61 39 7 2 96 54 35 66 41 25 ||40 42 |86 72 47 20 |22 59 |23 45 |75 |||3 82 |18 65 94 |43 15 ||12 49 |27 32 |
14024.27 446568.35
9 44 74 64 70 15 34 11 81 16 77 92 84 88 95 76 |55 48 91 85 60 90 31 17 6 89 93 8 87 21 26 51 97 10 5 71 80 |19 99 33 37 46 62 58 52 56 29 38 24 67 69 50 78 1 13 94 79 |73 14 83 68 28 100 98 53 4 57 63 61 39 7 2 96 54 35 66 41 25 30 ||42 40 |86 72 47 20 |22 59 |23 45 ||75 36 ||43 82 |3 18 65 ||12 49 |27 32 |
13847.22 459256.42
9 95 50 88 84 92 77 16 81 11 34 15 70 64 74 44 30 |55 48 91 85 60 90 31 17 6 89 93 8 87 21 26 51 97 10 5 71 80 76 |19 99 33 37 46 62 58 52 56 29 38 24 67 69 78 1 13 94 79 |73 14 83 68 28 100 98 53 4 57 63 61 39 7 2 96 54 35 66 41 25 ||42 40 |86 72 47 20 |22 59 |23 45 ||75 36 ||43 82 |3 18 65 ||12 49 |27 32 |
13669.26 487488.14
55 62 40 44 74 70 34 81 16 77 92 84 83 88 50 95 76 36 9 |19 26 11 48 90 17 6 89 93 87 42 51 97 5 71 |64 85 99 37 46 33 30 58 52 80 56 29 38 24 67 69 78 1 13 79 |60 73 14 68 28 100 4 53 57 91 63 61 39 7 2 96 54 35 66 41 25 ||86 |72 47 20 |22 59 |23 45 |31 |8 |21 |10 ||3 ||75 65 |94 82 |18 |98 15 |43 ||32 27 |12 49 |
16489.34 424686.59
76 95 79 50 88 84 92 77 16 81 11 70 64 74 44 40 80 9 |55 48 91 34 85 60 90 31 17 6 89 93 8 87 21 26 51 97 10 5 71 |99 19 13 1 78 69 67 24 38 29 56 52 58 62 46 37 33 30 |73 14 83 68 28 100 98 53 4 57 63 61 39 7 2 96 54 35 66 41 25 ||42 72 86 |47 20 |22 59 |23 45 ||36 75 ||3 82 |18 65 94 |43 15 ||12 49 |27 32 |
13565.83 509346.33
