Time:0
Last Iter:3
Last Update:3
Tabu:0
Last Time0
3
40 41 1 66 83 36 89 86 64 16 43 18 2 |54 28 58 12 27 75 49 82 44 84 25 26 91 87 93 52 |71 99 11 37 15 77 98 47 61 74 35 76 97 78 33 |73 96 24 13 22 6 55 51 29 63 39 7 62 48 88 20 ||3 81 70 38 94 53 |57 30 100 46 |32 67 72 95 |90 80 ||50 92 5 68 59 |65 10 9 79 ||60 69 23 4 45 ||21 14 19 42 56 |8 85 17 34 31 |
7970.56 239230.24
82 73 47 76 26 24 78 6 51 71 29 66 94 89 20 2 |52 93 13 74 84 43 68 62 48 27 99 7 70 63 36 54 5 |91 25 97 35 44 15 11 64 81 39 12 58 38 83 28 |18 16 49 77 37 75 46 86 1 33 57 40 61 98 67 69 87 ||92 41 31 |95 100 42 50 80 |14 60 90 10 96 |34 17 56 ||55 8 45 9 ||65 3 4 22 85 53 |88 21 32 ||30 23 59 72 |19 79 |
7957.70 276157.53
52 40 1 66 83 36 89 86 64 16 43 18 2 |54 28 58 12 27 75 49 82 44 84 25 26 91 87 93 |71 99 11 37 15 77 98 47 61 74 35 76 97 78 33 41 |73 96 24 13 22 6 55 51 29 63 39 7 62 48 88 20 ||3 81 70 38 94 53 |57 30 100 46 |32 67 72 95 |90 |80 ||50 92 5 68 59 |65 10 9 79 ||60 69 23 4 45 ||21 14 19 42 56 |8 85 17 34 31 |
8046.95 237201.94
