Time:0
Last Iter:2
Last Update:2
Tabu:0
Last Time0
2
39 55 61 45 31 3 27 11 81 69 76 8 |88 96 33 44 47 82 92 40 37 22 83 43 9 75 71 89 7 41 |56 36 2 13 48 4 67 72 49 60 78 97 58 86 73 |29 24 25 1 52 16 30 42 95 10 38 70 34 14 93 46 66 ||63 23 21 19 80 |32 85 84 20 91 |28 65 79 26 51 |90 100 50 |94 |98 |12 ||53 35 5 15 74 54 ||17 99 |77 87 18 ||59 68 62 64 57 6 |
7868.72 235263.87
39 8 76 81 11 27 3 31 45 61 55 71 73 |88 96 33 44 47 82 92 40 37 22 83 43 9 75 89 7 |56 36 2 13 48 4 67 72 49 60 97 78 58 86 |69 29 24 25 1 52 16 30 42 95 10 38 70 34 14 93 46 66 ||21 94 23 98 80 |32 85 84 19 12 |91 28 20 65 79 |90 100 50 51 26 63 |41 ||53 35 5 15 74 54 ||17 77 99 |87 18 ||59 68 62 64 57 6 |
7617.80 243809.37
