Time:0
Last Iter:7
Last Update:7
Tabu:0
Last Time0
7
13 83 48 66 60 10 43 99 38 7 47 4 77 19 26 85 80 50 |95 6 69 75 63 94 37 41 54 96 53 34 27 51 29 39 59 78 71 |23 24 14 62 42 93 16 17 25 81 3 15 1 89 11 32 56 68 44 92 8 |98 12 73 65 82 46 67 36 70 58 84 79 55 76 61 100 86 28 ||72 91 |88 |57 |18 |45 ||33 9 |52 |97 |64 20 31 |74 |2 ||87 22 |21 |35 |5 ||90 40 30 |49 |
18742.74 590598.53
13 83 48 66 60 10 43 99 38 7 47 4 77 19 26 28 50 80 85 |95 6 69 75 63 94 37 41 54 96 53 49 34 27 51 29 39 59 78 71 |23 24 14 42 93 16 17 25 81 3 15 1 89 11 32 56 68 44 92 8 |98 12 45 73 65 82 46 67 62 36 70 58 84 79 55 76 86 100 61 ||72 91 |88 |57 |18 ||33 9 |52 |97 |74 |2 ||87 22 |21 |35 |5 ||30 90 |40 |64 20 31 |
18714.44 598160.62
50 80 85 26 19 77 4 47 7 99 43 66 48 83 13 60 10 71 |95 6 69 75 63 94 37 41 54 97 96 53 49 34 27 51 29 39 59 78 |23 24 14 42 93 16 25 81 3 15 1 89 11 32 56 68 44 92 8 |98 12 38 73 65 82 46 67 62 36 70 58 84 79 55 76 86 100 61 ||28 88 |57 |18 |45 |17 72 |91 ||31 |74 |9 2 |33 |52 |64 20 ||22 87 |21 |35 |5 ||30 90 |40 |
18674.30 612803.03
13 83 48 66 60 10 43 99 38 7 47 4 77 19 26 85 80 50 |95 6 69 75 63 94 37 41 54 96 53 34 27 51 29 39 59 78 71 |28 23 24 14 42 93 16 17 25 81 3 15 1 89 11 32 56 68 44 92 8 |98 12 73 65 82 46 67 62 36 70 58 84 79 55 76 86 100 61 ||72 91 |88 |57 |18 |45 ||33 9 |52 |97 |64 20 31 |74 |2 ||87 22 |21 |35 |5 ||90 30 |40 |49 |
18952.27 588324.27
66 83 13 50 80 85 28 26 19 77 4 47 7 38 99 43 10 60 |95 6 69 2 75 63 94 37 41 54 52 96 53 34 27 51 29 39 59 78 71 |23 24 14 42 93 48 16 17 25 81 3 15 1 89 11 32 56 68 44 92 8 |98 12 73 65 82 46 67 62 36 70 58 84 79 55 76 86 100 61 ||72 91 |88 |57 |18 |45 ||33 9 |97 |64 20 31 |74 ||87 5 22 |21 |35 ||90 30 |49 |40 |
19005.26 578666.80
13 83 48 66 60 10 43 99 38 7 47 4 77 19 26 28 50 80 85 |95 6 69 75 63 94 37 41 54 96 53 34 27 51 29 39 59 78 71 |92 8 44 68 56 32 11 89 1 15 3 81 25 17 16 93 42 14 24 23 |98 12 73 65 82 46 67 62 36 70 58 84 79 55 76 86 100 61 ||45 |72 91 |88 |57 |18 ||97 |20 31 |74 |9 2 |33 |52 |64 ||22 87 |21 |35 |5 ||30 |49 |90 |40 |
18419.64 626158.87
26 85 80 50 13 33 83 48 66 43 99 38 7 47 4 77 19 10 60 |95 6 69 75 63 94 37 41 54 97 96 53 34 27 51 29 59 39 71 |28 23 24 14 62 42 93 16 81 3 15 1 89 11 32 56 68 44 8 92 |78 12 98 25 73 65 82 46 67 36 70 58 84 79 55 76 61 100 86 ||88 |57 |18 |45 |17 72 |91 ||74 |9 2 |52 |64 20 31 ||22 87 |21 |35 |5 ||90 |40 |49 |30 |
18665.51 622604.97
