Time:0
Last Iter:2
Last Update:2
Tabu:0
Last Time0
2
68 45 95 63 21 71 11 49 15 55 83 57 88 66 51 58 25 39 60 59 50 |80 41 96 32 17 93 23 70 85 4 73 13 29 26 67 43 33 98 100 2 16 |56 91 28 20 62 36 94 72 97 52 27 42 82 5 35 90 61 31 47 69 86 8 77 |65 75 3 84 81 53 46 44 22 24 48 7 38 64 40 18 89 6 37 19 79 34 |||12 92 87 ||54 78 14 |9 74 |76 1 99 ||30 10 |
20194.08 669305.66
68 45 95 63 21 71 11 49 15 55 83 88 66 51 58 25 39 60 59 57 |80 41 96 32 17 93 23 70 85 4 73 13 29 26 67 43 33 98 100 2 16 |56 91 28 20 62 36 94 72 97 52 27 42 82 5 35 90 61 31 47 69 86 8 77 |65 75 3 84 81 53 46 44 22 24 48 7 38 50 64 40 18 89 6 37 19 79 34 |||12 92 87 ||78 14 |9 74 54 |76 1 99 ||30 10 |
20453.51 666094.34
