Time:0
Last Iter:5
Last Update:5
Tabu:0
Last Time0
5
24 11 36 37 42 2 97 70 86 73 50 75 67 32 51 26 20 90 93 |91 95 44 52 49 58 68 46 39 14 99 92 57 35 63 29 10 47 80 78 88 23 41 83 72 |59 15 48 1 33 74 8 81 69 34 85 84 56 9 21 89 76 17 30 22 77 54 |82 100 62 12 55 45 43 79 19 61 98 31 60 87 5 6 28 53 3 66 71 13 7 65 18 ||25 64 27 ||94 4 ||16 96 ||38 40 |
24405.69 878368.61
11 36 37 42 2 97 70 86 73 50 75 67 32 51 26 20 90 93 24 |91 95 44 52 49 58 68 46 39 14 99 92 57 35 63 29 10 47 80 78 88 23 83 72 18 |59 15 48 1 33 74 8 81 69 34 85 84 56 9 21 89 76 17 30 22 77 54 |82 100 62 12 55 45 43 79 19 61 98 31 60 87 5 6 28 53 3 66 71 13 7 65 ||41 25 |64 27 ||94 4 ||16 96 ||38 40 |
24893.98 861641.63
24 11 36 37 42 2 97 70 86 73 50 75 67 32 51 26 20 90 93 |91 95 44 52 49 58 68 46 39 14 99 92 57 63 29 10 47 80 78 88 23 41 83 72 |59 15 48 1 33 74 8 81 69 34 85 84 9 21 89 76 17 30 22 77 54 56 6 |82 100 62 12 55 45 43 79 19 61 98 31 60 87 5 28 53 3 66 71 13 7 65 18 ||25 64 27 |35 ||94 4 ||16 96 ||38 40 |
24832.70 872768.10
50 28 23 33 70 78 15 59 100 63 17 57 61 90 31 60 26 32 84 56 38 54 |2 12 36 11 55 30 79 89 46 5 87 68 51 49 71 8 81 69 18 |14 9 43 76 45 37 42 29 82 83 1 48 74 91 13 44 3 66 34 53 6 |65 52 95 7 73 86 88 47 80 10 97 24 35 64 93 77 98 92 99 39 20 58 67 85 ||27 62 |25 4 |22 |21 |41 |19 ||75 40 ||94 96 ||72 16 |
25218.51 832174.43
24 11 36 37 42 2 97 70 86 73 50 75 67 32 51 26 20 90 |93 63 29 57 92 99 14 39 46 68 58 49 52 44 95 91 72 83 23 88 78 80 47 10 18 |59 15 48 1 33 74 8 81 69 34 85 84 56 9 21 89 76 17 30 22 27 77 54 |6 28 65 7 13 71 66 3 53 5 87 60 31 98 61 19 79 43 45 55 12 62 100 82 ||25 35 64 |41 ||94 4 ||96 16 ||38 40 |
24319.84 926032.09
