Time:0
Last Iter:5
Last Update:5
Tabu:0
Last Time0
5
15 24 17 19 48 5 46 38 |9 27 25 13 35 12 6 2 |1 29 39 7 33 20 50 ||14 36 30 |26 45 42 |37 16 3 |28 11 18 23 8 ||21 47 22 41 |43 40 31 ||44 10 32 34 |4 49 |
4724.18 78176.10
15 24 17 19 1 5 46 38 |48 9 27 25 13 35 12 6 2 |29 39 7 33 20 50 ||36 30 26 45 |42 37 16 |3 28 11 18 23 8 |43 40 14 |31 ||21 47 22 41 ||4 49 32 34 |44 10 |
4723.27 82408.05
15 24 17 19 48 1 38 46 |9 27 25 13 35 12 6 2 |31 5 29 39 7 33 20 50 ||36 30 26 45 |42 37 16 |3 28 11 18 23 43 40 |14 8 ||21 47 22 41 ||34 32 4 10 |49 44 |
4681.63 84265.27
15 24 17 19 5 46 38 |48 9 27 25 13 35 12 6 2 |1 29 39 7 33 20 50 ||36 30 26 45 |42 37 16 |3 28 31 11 |18 23 8 43 40 |14 ||21 47 22 41 ||34 32 4 10 |49 44 |
4672.88 85892.48
20 7 2 19 25 13 27 9 |35 15 24 48 29 39 38 |1 17 50 12 6 33 46 32 5 ||36 |26 8 10 |31 41 |47 30 |37 |18 |21 |42 |3 |11 |14 |49 ||40 44 43 16 28 |45 23 ||34 22 4 |
4968.86 75214.57
