Time:0
Last Iter:3
Last Update:3
Tabu:0
Last Time0
3
47 14 5 22 42 39 18 35 40 26 |33 3 45 38 43 41 15 20 1 8 |44 36 50 31 9 11 17 30 27 46 ||16 4 34 |13 2 7 |19 25 49 |37 10 ||29 24 23 |21 12 32 ||48 28 6 |
5806.21 101728.87
26 40 35 18 39 42 22 8 5 14 47 |33 3 45 38 43 41 15 20 1 |44 36 50 31 9 11 17 30 27 46 ||16 4 34 |13 2 7 |19 25 49 |37 10 ||12 23 24 32 |29 21 ||48 28 6 |
5733.62 105201.18
17 47 14 5 22 42 39 18 35 40 |3 45 38 43 41 15 20 1 8 46 |30 21 27 33 36 50 9 11 31 44 34 26 ||2 19 24 |37 25 49 7 10 |16 4 |13 ||32 12 23 29 ||48 6 28 |
6367.60 97964.26
