Time:0
Last Iter:4
Last Update:4
Tabu:0
Last Time0
4
2 42 10 37 29 50 |15 48 45 38 26 25 |9 35 21 18 11 7 ||40 36 |47 33 |28 1 |19 14 |12 |41 43 |46 |32 6 |49 39 |24 |22 |3 |5 |20 |8 |44 |17 ||34 4 ||13 16 |27 30 |23 31 |
9516.80 98450.85
48 7 10 37 29 50 45 |15 2 9 38 26 25 |31 40 11 18 21 35 ||47 33 |28 1 |19 14 |12 |42 43 |46 17 |32 6 |49 |24 |3 |20 |5 8 36 |41 |22 |34 ||4 |44 ||30 |39 13 16 |27 23 |
9080.29 99656.45
45 10 37 29 50 |15 2 9 38 41 26 25 |48 35 21 18 11 7 ||47 33 |28 1 |19 14 |12 |42 43 |46 17 |32 6 |49 |24 |22 |3 |40 |20 |34 |5 |4 |8 ||36 44 ||31 |39 |13 16 |27 23 |30 |
10259.99 93583.12
7 15 48 50 29 37 10 45 |32 2 9 38 26 25 |40 11 18 21 35 ||16 |33 28 1 |19 14 |12 |42 43 |46 17 |49 |24 |22 |3 |20 8 |5 |41 |27 |47 ||6 4 |44 |34 ||13 36 |39 30 23 |31 |
7966.20 100986.55
