Time:0
Last Iter:3
Last Update:3
Tabu:0
Last Time0
3
42 39 31 5 17 40 3 12 44 15 |1 22 7 32 19 4 35 50 38 46 |10 43 27 36 33 2 9 14 6 37 ||30 49 |11 23 |47 24 |8 45 41 |34 18 ||28 13 |26 25 20 ||16 48 |21 29 |
11204.57 167385.33
39 42 31 5 17 40 3 12 44 15 |1 22 7 37 32 19 4 35 50 38 46 |34 10 43 27 36 33 2 9 14 6 ||30 49 |11 23 |47 24 |8 45 41 ||28 18 |13 20 |26 25 ||16 48 |21 29 |
10556.63 174572.71
39 22 9 4 38 36 20 18 15 |10 43 27 48 44 19 3 40 14 6 31 |25 42 35 16 50 12 33 29 17 37 5 ||24 13 |46 8 |21 2 |11 23 ||28 30 |7 26 |49 47 ||1 45 34 |32 41 |
11881.57 166631.67
