Time:0
Last Iter:3
Last Update:3
Tabu:0
Last Time0
3
34 30 16 48 29 26 3 10 12 23 |19 27 45 50 28 36 21 20 22 39 17 |38 24 5 11 47 2 33 35 41 42 32 49 ||1 18 |9 6 |25 46 |15 8 ||37 4 |7 31 ||44 13 43 |40 14 |
10935.01 180375.22
12 23 34 30 16 48 29 3 |19 27 26 45 50 28 36 21 20 22 39 17 |41 42 10 38 24 5 11 47 2 33 35 32 49 ||9 6 |25 31 46 |1 18 |7 |8 |15 ||37 4 ||44 13 43 |40 14 |
11072.01 163376.73
49 34 30 16 48 29 3 24 23 12 |19 27 26 45 50 28 36 21 20 22 39 17 |4 41 42 10 38 5 11 47 2 33 35 32 ||31 6 |25 7 |18 1 |46 8 9 15 |||43 44 |37 13 |14 40 |
10899.43 191801.29
