Time:0
Last Iter:8
Last Update:8
Tabu:0
Last Time0
8
15 37 19 26 40 36 23 24 39 42 43 33 17 7 |38 1 50 49 14 35 20 12 13 48 44 8 18 46 21 |3 31 32 6 22 30 16 27 2 25 5 45 34 41 29 ||47 9 |4 10 ||11 28 ||
18972.13 307122.19
32 49 20 15 26 37 16 27 2 25 29 21 9 |7 38 43 35 14 12 13 22 8 30 18 36 34 40 |44 19 47 46 41 5 45 23 42 3 1 33 31 17 39 24 ||48 6 |11 50 |4 |||28 10 |
18997.75 306320.23
26 37 19 36 23 24 39 42 43 33 17 7 15 50 |38 1 49 14 35 20 12 13 48 44 8 18 46 21 |3 31 32 6 22 30 16 27 2 25 5 45 34 41 29 40 ||47 9 |4 10 ||28 11 ||
19034.30 304464.66
17 33 43 42 39 24 23 36 26 19 37 6 15 50 7 |38 1 49 14 35 20 12 13 48 44 8 18 46 21 |3 31 32 22 30 16 27 2 25 5 45 34 41 29 40 ||10 47 |4 9 ||28 11 ||
18971.58 333768.81
26 21 40 29 25 2 27 16 37 48 20 49 32 15 9 |7 38 43 28 35 14 12 13 22 8 30 18 36 34 |44 19 47 46 41 5 45 23 42 3 1 33 31 17 39 24 ||6 11 50 |||10 4 |
18943.28 365508.13
36 37 26 15 50 7 33 43 42 39 24 23 40 |38 1 49 14 35 20 12 13 48 44 8 18 46 21 |3 31 32 6 22 19 30 16 27 2 25 5 45 34 41 29 ||4 17 |47 9 |10 ||28 11 ||
19904.35 297950.98
38 26 37 15 50 4 7 33 43 42 39 24 23 |36 1 49 14 35 20 12 13 48 44 8 18 46 21 |3 31 32 6 22 19 30 16 27 2 25 5 45 34 41 29 40 ||47 9 |10 |17 ||28 11 ||
19974.99 293841.38
9 26 21 29 25 2 27 16 37 48 15 20 49 32 24 |7 38 43 28 35 14 12 13 22 8 30 18 40 34 |44 19 47 46 41 36 5 45 23 42 3 1 33 31 17 39 ||11 6 50 |||4 10 |
18770.21 382527.74
