Time:0
Last Iter:6
Last Update:6
Tabu:0
Last Time0
6
36 27 15 30 35 16 49 18 40 6 10 7 |17 33 22 12 9 28 24 13 20 1 3 44 38 45 31 11 |37 47 50 21 14 32 42 46 39 5 2 26 ||41 |4 |43 ||29 |19 34 ||23 8 |25 |48 |
16905.96 261272.07
11 36 27 15 30 35 16 49 18 6 10 7 |17 33 22 12 9 28 24 13 1 40 3 44 38 45 31 |37 47 50 21 14 32 42 46 39 5 2 26 ||41 |4 |43 ||34 |29 |19 ||23 |48 |25 |8 |20 |
16803.86 265563.17
36 27 15 30 35 16 49 40 6 10 24 7 |17 33 22 12 9 28 13 20 1 18 3 44 38 45 31 11 |37 47 50 21 43 14 32 42 46 39 2 26 ||41 |4 ||34 |29 |19 ||48 |5 8 |23 |25 |
16665.43 282146.66
36 27 11 15 30 35 16 49 40 6 10 24 |17 33 22 12 9 28 13 18 3 44 38 45 31 |7 37 47 50 21 14 32 42 46 39 2 26 ||43 |41 |4 ||1 |34 |29 |19 ||23 |20 |5 8 |48 |25 |
16588.28 287254.58
16 35 6 24 17 46 42 36 27 15 |49 33 22 12 9 28 13 44 30 38 45 31 11 7 |14 21 32 39 2 26 41 10 25 3 37 47 50 ||4 |43 |18 |40 |1 ||19 34 |23 ||29 |5 8 |20 |48 |
18413.84 253541.76
24 10 6 40 18 49 16 35 30 15 29 27 36 7 |17 33 22 12 9 28 13 1 3 44 38 45 31 11 |4 25 37 47 50 21 43 14 32 42 46 39 2 26 ||41 ||34 |19 ||23 5 8 |48 |20 |
16544.99 311142.16
