Time:0
Last Iter:6
Last Update:6
Tabu:0
Last Time0
6
37 41 13 47 8 4 9 6 28 35 27 22 29 19 10 |17 33 2 20 39 45 18 3 15 49 31 26 1 14 24 |5 7 36 16 30 11 38 21 42 25 40 43 48 44 34 ||23 50 46 ||32 12 ||
21910.04 406766.76
37 41 13 47 8 9 6 28 35 27 22 29 19 10 |17 33 2 20 39 45 18 3 15 49 31 26 1 14 24 |5 7 36 16 30 11 38 4 21 42 25 40 43 48 44 34 ||23 50 46 ||32 12 ||
21923.83 405035.64
41 13 47 8 4 9 6 28 35 27 22 29 19 10 17 |33 50 2 20 39 45 18 3 15 49 37 31 26 1 14 24 |5 7 36 16 30 11 38 21 42 25 40 43 48 44 34 ||23 46 ||32 12 ||
21970.00 399202.92
45 39 20 35 28 6 2 16 30 4 47 41 43 44 34 |17 10 5 27 29 18 15 49 31 8 26 1 11 38 9 12 |33 50 36 7 22 19 3 48 37 40 25 42 21 13 32 14 24 ||||23 46 |
21876.03 425406.18
37 41 13 47 8 4 9 6 28 35 27 22 29 19 10 33 |17 2 20 39 45 18 3 15 49 31 26 1 14 24 |5 7 36 16 30 11 38 21 42 25 40 43 48 44 34 ||23 50 46 ||32 12 ||
22001.86 390859.16
17 45 39 20 35 28 6 16 30 4 47 41 43 44 34 |10 5 36 27 29 18 15 49 31 8 26 1 11 38 9 12 |33 50 2 7 22 19 3 48 37 40 25 42 21 13 32 14 24 ||||23 46 |
21845.10 431254.01
