Time:0
Last Iter:4
Last Update:4
Tabu:0
Last Time0
4
27 11 23 32 50 21 37 29 24 41 28 16 15 40 30 |43 22 8 45 17 31 42 38 44 7 5 39 9 49 34 2 26 |18 14 12 35 46 19 1 13 25 6 3 10 48 36 4 |||47 33 ||20 |
21950.75 385332.34
27 11 23 32 31 50 21 37 29 24 41 28 16 30 40 |43 22 8 45 17 42 38 44 7 5 39 9 49 34 2 26 |18 14 12 35 46 19 1 13 25 6 3 10 15 48 36 4 20 |||47 33 ||
21942.05 387212.14
27 11 31 50 21 37 29 24 41 28 16 15 40 30 |43 22 8 45 17 42 38 44 7 5 39 9 49 34 2 26 |18 23 14 12 35 46 19 1 13 25 6 3 10 48 36 4 20 ||32 ||47 33 ||
22775.80 377760.01
11 23 32 31 50 21 37 29 24 41 28 16 15 40 30 |17 45 8 22 43 2 26 34 49 9 27 39 5 7 44 38 42 |18 14 12 35 46 19 1 13 25 6 3 10 48 36 4 20 |||47 33 ||
21633.58 388252.96
