Time:0
Last Iter:5
Last Update:5
Tabu:0
Last Time0
5
32 95 31 63 36 29 56 25 82 34 84 |26 35 10 19 98 47 54 18 86 88 21 1 6 |55 5 53 38 92 70 91 100 79 43 69 |28 30 64 90 87 66 62 83 44 89 3 ||73 15 |11 8 60 |22 58 |37 40 |45 81 33 |99 75 |71 9 |39 14 |97 16 ||65 68 |59 17 |2 49 |51 93 |13 80 |23 67 ||72 12 |76 50 96 20 |46 57 |41 42 |4 61 ||27 78 |7 74 |48 52 |77 94 24 |85 |
12152.63 240268.25
5 32 95 31 36 29 56 25 82 34 84 |47 26 35 10 19 98 54 18 86 88 21 1 6 |55 53 38 100 92 91 70 79 43 69 |28 89 44 83 62 66 87 90 64 58 30 ||37 40 |16 85 23 67 |81 45 33 |99 75 |71 9 |97 |15 3 |39 60 |73 |8 |11 |22 ||65 68 |59 17 |2 49 |51 93 |13 80 ||20 72 |76 50 96 |57 46 |41 42 |4 61 |12 ||27 78 |7 74 |48 52 |77 94 24 |14 63 |
12531.42 236038.86
32 5 73 82 25 29 36 56 34 84 |31 26 35 10 19 98 47 54 18 86 88 21 1 6 |53 55 95 70 91 92 38 100 79 43 69 |28 58 30 64 90 87 66 62 83 44 89 ||37 40 |16 85 23 67 |45 81 33 |99 75 |71 9 |15 3 |39 60 |8 11 |22 ||65 68 |59 17 |2 49 |51 93 |13 80 ||20 97 72 |76 50 |57 46 |41 42 |4 61 |12 96 ||63 14 |27 78 |7 74 |48 52 |77 94 24 |
12135.99 254358.66
5 95 36 56 29 82 34 84 |32 26 35 10 19 98 54 18 86 88 21 1 6 |55 53 31 38 92 70 91 100 79 43 69 |28 47 89 44 83 62 66 87 90 64 30 ||37 40 |23 67 |58 45 33 |99 75 |71 9 |15 3 |39 60 |8 11 |22 |12 |73 |81 |85 |16 |25 ||65 68 |59 17 |2 49 |51 93 |13 80 ||20 97 72 |76 50 96 |57 46 |41 42 |4 61 ||27 78 |7 74 |48 52 |77 94 24 |14 63 |
12945.63 232535.95
32 95 31 84 72 56 29 25 82 34 |26 35 10 19 98 47 54 18 55 86 88 21 1 6 |5 73 53 36 63 38 92 70 91 100 79 43 69 |28 30 64 90 87 66 62 83 44 89 ||15 3 |11 8 60 |22 58 |37 40 |45 81 33 |99 75 |71 9 |12 39 |14 97 ||65 68 |59 17 |2 49 |51 93 |13 80 |23 67 ||76 50 96 20 |46 57 |41 42 |4 61 ||27 78 |7 74 |48 52 |77 94 24 |16 85 |
12092.03 258501.48
