Time:0
Last Iter:3
Last Update:3
Tabu:0
Last Time0
3
44 49 82 77 15 37 11 75 64 99 7 27 48 86 89 |54 29 28 13 97 26 76 35 74 61 47 98 40 25 91 87 |18 62 12 63 36 83 51 6 33 78 1 20 |52 84 73 43 16 58 71 66 93 24 2 ||100 57 17 |45 50 4 59 41 |31 68 |81 39 22 34 |14 |70 |60 |8 ||72 67 85 79 |94 42 53 30 96 |46 95 ||32 38 19 21 |3 9 55 92 56 88 |65 69 90 ||5 80 10 23 |
5010.49 171367.93
44 49 82 77 15 37 11 75 64 99 7 27 48 86 89 |54 29 28 13 97 26 76 35 74 61 47 98 40 25 91 |93 18 62 12 63 36 83 51 6 33 78 24 |52 16 43 73 84 87 1 66 71 58 20 2 ||70 39 81 100 60 |68 59 34 17 45 22 |8 50 57 31 |14 41 4 ||72 67 85 79 |94 42 53 30 96 |46 95 ||32 38 19 21 |3 9 55 92 56 88 |65 69 90 ||5 80 10 23 |
4894.39 179268.69
44 49 82 77 15 37 11 75 64 99 7 27 48 86 89 |54 29 28 13 97 26 76 35 74 61 47 98 40 25 91 52 |18 62 12 63 36 83 51 6 33 24 41 93 |87 84 73 43 16 58 71 66 1 78 20 2 ||100 60 |17 57 59 |45 50 4 |14 |31 |68 |70 |22 |81 |39 |34 |8 ||72 67 85 79 |94 42 53 30 96 |46 95 ||32 38 19 21 |3 9 55 92 56 88 |65 69 90 ||5 80 10 23 |
5217.49 168386.67
