Time:0
Last Iter:5
Last Update:5
Tabu:0
Last Time0
5
59 44 5 50 87 53 80 83 33 61 7 55 39 2 60 74 24 94 13 |14 47 70 45 97 18 20 92 98 79 66 63 1 93 78 58 77 96 85 40 |12 84 69 25 32 6 88 99 26 8 65 36 89 43 90 37 76 27 16 9 |29 51 31 46 42 38 86 21 56 23 4 17 34 72 64 71 75 19 73 49 22 100 57 10 15 28 41 ||67 54 |62 81 |52 68 ||3 30 |35 11 ||91 48 ||95 82 |
19550.78 602238.39
59 44 5 50 87 53 80 83 33 61 7 55 39 2 60 74 24 94 13 |47 70 45 97 18 69 20 92 98 79 66 63 1 93 78 58 77 96 85 40 |12 84 25 32 6 88 99 26 8 65 36 89 43 90 37 76 27 16 9 |29 51 31 46 42 38 86 21 56 23 4 17 34 72 64 71 75 19 73 49 22 100 57 10 15 28 41 14 ||67 54 |62 81 |52 68 ||3 30 |35 11 ||91 48 ||95 82 |
19629.41 581942.80
53 5 50 87 44 80 83 33 61 7 55 39 2 60 74 24 94 13 59 |70 47 14 40 85 96 77 58 78 93 1 63 66 79 98 92 20 69 18 97 |12 84 25 32 6 88 99 26 8 65 36 89 43 90 37 76 27 16 9 |29 51 31 46 42 45 38 86 21 56 23 4 17 34 72 64 71 75 19 73 49 22 100 57 10 15 28 41 ||67 54 |62 81 |52 68 ||3 30 |35 11 ||91 48 ||95 82 |
19543.94 628516.78
59 44 5 50 87 53 80 83 33 61 51 7 55 39 2 60 74 24 94 13 |47 70 45 97 18 69 20 92 98 79 66 63 1 93 78 58 77 96 85 40 |12 84 25 32 6 88 99 26 8 65 36 89 43 14 90 37 76 27 16 9 |29 31 46 42 38 86 21 56 23 4 17 34 72 64 71 75 19 73 49 22 100 57 10 15 28 41 ||67 54 |62 81 |52 68 ||3 30 |35 11 ||91 48 ||95 82 |
19665.07 578395.21
53 5 50 87 44 80 83 33 61 7 55 39 2 60 74 24 94 13 59 |70 47 14 85 96 77 58 78 93 1 63 66 79 98 92 20 69 18 97 45 |12 84 25 32 6 88 99 26 8 65 36 89 43 90 37 76 27 16 9 |29 51 31 46 42 38 86 21 56 23 4 17 34 72 64 71 75 19 73 49 22 100 57 10 15 28 41 ||67 54 |62 81 |52 68 ||3 30 |35 11 ||40 91 48 ||95 82 |
19489.66 631684.65
