Time:0
Last Iter:8
Last Update:8
Tabu:0
Last Time0
8
76 50 24 20 82 35 60 45 99 39 12 77 32 27 34 49 53 26 100 |85 14 63 55 13 83 93 57 17 66 25 3 1 56 29 78 71 10 |30 19 4 59 15 43 95 69 2 67 62 94 37 41 54 58 84 79 61 |23 70 36 42 48 46 16 65 73 81 74 38 7 47 11 68 51 44 96 8 ||33 6 |75 87 |21 22 ||28 5 91 |97 31 ||80 |90 72 |40 18 |89 9 |64 86 ||52 |98 |92 88 |
18618.03 593951.74
76 50 24 20 82 35 60 45 99 39 12 77 32 27 34 49 53 26 100 |85 14 55 13 33 83 93 6 57 17 66 25 3 1 56 78 71 10 |30 19 4 59 15 43 95 69 2 67 62 94 37 41 54 58 84 79 61 |23 70 36 42 48 46 16 65 73 81 74 38 7 47 11 68 51 44 96 8 ||87 |29 |75 |21 22 ||28 91 |63 |97 5 |31 ||90 80 |86 64 |40 |72 |18 |89 9 ||92 |98 |88 |52 |
18669.62 592458.00
61 76 13 57 73 81 43 60 10 71 78 19 29 11 8 86 100 |1 95 17 66 2 67 33 55 24 70 94 41 23 97 80 85 50 28 18 26 |79 58 96 44 32 56 77 4 12 47 7 59 39 38 15 3 25 65 35 16 69 |51 68 27 34 53 49 52 54 37 14 84 63 36 62 42 83 93 48 46 82 ||5 90 98 |74 45 99 |72 6 9 |31 ||40 92 |75 87 ||64 22 |30 89 ||20 88 |21 91 |
18689.87 590610.83
5 61 76 13 60 10 73 43 71 78 77 29 11 68 8 86 26 100 |19 47 1 81 66 17 95 2 67 33 55 24 70 94 41 23 97 80 85 50 28 18 |79 58 96 32 56 4 12 7 59 39 38 15 3 25 65 16 69 35 57 |82 46 48 93 83 42 62 36 63 84 14 37 54 52 49 53 44 34 27 51 ||98 90 |74 45 99 |72 6 9 |31 ||40 92 |75 87 ||64 22 |30 89 ||20 88 |21 91 |
18612.03 608422.56
50 85 37 62 83 48 66 43 99 38 7 47 4 77 19 71 60 10 |95 69 16 33 75 63 94 41 54 96 53 49 34 27 51 29 39 59 78 |28 23 24 14 42 93 25 81 3 15 1 89 11 32 56 68 44 8 92 |98 12 73 17 65 82 46 67 36 70 58 84 79 76 55 13 61 100 86 26 ||88 |57 |18 |45 |72 ||97 |74 |2 |52 |20 31 |80 ||64 9 22 |87 21 |35 |5 ||6 91 90 |40 |30 |
18759.22 577333.43
81 19 86 8 11 29 78 71 43 73 10 60 13 31 76 61 100 |17 1 66 95 2 67 33 55 24 70 94 41 23 97 80 85 50 28 18 26 |79 58 96 32 56 77 4 12 47 7 59 39 38 15 3 25 65 16 69 35 57 |51 68 27 34 44 53 49 52 54 37 14 84 63 36 62 42 83 93 48 46 82 ||98 90 |74 45 99 |72 6 9 |5 ||40 92 |75 87 ||64 22 |30 89 ||20 88 |21 91 |
18833.09 569053.73
50 24 20 82 35 60 10 45 99 39 12 77 32 27 34 49 53 26 100 |76 85 14 63 55 13 33 83 93 6 57 17 66 25 3 1 56 78 71 |90 30 19 4 59 15 43 95 69 2 67 62 94 37 41 54 58 84 79 61 |8 96 44 51 68 11 47 7 38 74 81 73 65 16 46 48 42 36 70 23 ||75 87 |21 22 |29 ||28 91 |97 5 |31 ||80 86 |72 |89 |64 |40 18 |9 ||52 |88 |98 |92 |
18578.03 666349.92
13 50 85 37 62 83 48 66 43 99 38 7 47 4 77 19 71 10 60 |95 69 16 75 63 94 41 54 96 53 49 34 27 51 29 39 59 78 |28 23 24 14 42 93 17 25 81 3 15 1 89 11 32 56 68 44 8 92 |98 12 73 65 82 46 67 36 70 58 84 79 55 76 61 100 86 26 ||88 |57 |18 |45 |72 ||97 |2 |20 31 |33 |80 |74 |52 ||87 21 5 |22 35 |64 |9 ||30 90 |40 |6 91 |
18962.15 568250.16
