Time:0
Last Iter:7
Last Update:7
Tabu:0
Last Time0
7
60 6 88 82 16 32 70 47 63 59 91 99 |26 19 67 41 12 71 14 73 50 95 45 28 83 |65 85 58 77 7 48 51 17 23 46 54 55 57 76 31 1 3 34 84 97 |40 87 61 72 2 79 62 20 27 22 81 52 38 ||25 37 |15 94 78 |86 100 53 |29 74 |69 96 5 |68 35 ||92 21 |43 80 36 |18 66 |98 56 64 ||93 39 30 |44 8 |11 24 90 ||49 89 4 |33 10 |9 13 |75 42 |
11282.09 308656.69
60 6 88 82 16 32 70 47 63 59 91 99 |41 26 19 46 71 14 73 50 12 95 45 28 83 |65 85 58 77 7 48 51 17 23 54 55 57 76 31 1 3 34 84 97 67 |40 87 61 72 2 79 62 20 27 22 81 52 38 ||25 37 |15 94 78 |86 100 53 |29 74 |69 96 5 |68 35 ||92 21 |43 80 36 |18 66 |98 56 64 ||93 39 30 |44 8 |11 24 90 ||49 89 4 |33 10 |9 13 |75 42 |
11276.94 309044.03
60 6 88 82 16 32 70 47 63 59 91 99 |41 19 97 46 71 14 73 50 12 95 45 28 83 |65 85 58 77 7 48 51 17 23 54 55 57 76 31 1 3 34 84 67 |40 87 61 72 2 79 62 20 27 22 26 81 52 38 ||25 37 |15 94 78 |86 100 53 |29 74 |69 96 5 |68 35 ||92 21 |43 80 36 |18 66 |98 56 64 ||93 39 30 |44 8 |11 24 90 ||49 89 4 |33 10 |9 13 |75 42 |
11180.44 311661.80
60 6 88 82 16 32 70 47 63 59 91 99 |41 67 19 46 71 14 73 50 12 95 45 28 83 |65 85 58 77 7 48 51 17 23 54 55 57 76 31 1 3 34 84 97 |40 87 61 72 2 79 62 20 27 22 26 81 52 38 ||25 37 |15 94 78 |86 100 53 |29 74 |69 96 5 |68 35 ||92 21 |43 80 36 |18 66 |98 56 64 ||93 39 30 |44 8 |11 24 90 ||49 89 4 |33 10 |9 13 |75 42 |
11147.98 314591.13
97 60 6 99 88 82 16 32 70 47 63 59 91 |26 19 67 41 12 71 14 73 50 95 45 28 83 |65 85 58 77 7 48 51 17 23 46 54 55 57 76 31 1 3 34 84 |40 87 61 72 2 79 62 20 27 22 81 52 38 ||25 37 |15 94 78 |86 100 53 |29 74 |69 96 5 |68 35 ||92 21 |43 80 36 |18 66 |98 56 64 ||93 39 30 |44 8 |11 24 90 ||49 89 4 |33 10 |9 13 |75 42 |
11104.70 317850.43
60 6 99 88 82 16 32 47 63 59 91 41 |26 19 46 71 14 73 50 12 95 45 28 83 |65 85 58 77 7 48 51 17 23 54 55 57 76 31 1 3 34 84 97 67 |70 52 81 22 27 20 62 79 2 72 61 87 40 ||25 37 |15 94 78 |86 100 53 |29 74 |69 96 5 |68 35 ||92 21 |43 80 36 |18 66 |98 56 64 ||93 39 30 |44 8 |11 24 90 ||49 89 38 4 |33 10 |9 13 |75 42 |
12430.42 303955.05
91 59 63 47 70 32 16 82 88 6 60 67 99 |41 26 19 97 46 71 73 50 12 95 45 28 83 |65 85 58 77 7 48 51 17 23 54 55 57 76 31 1 3 34 84 |14 40 87 61 72 2 79 62 20 27 22 81 52 38 ||25 37 |15 94 78 |86 100 53 |29 74 |69 96 5 |68 35 ||92 21 |43 80 36 |18 66 |98 56 64 ||93 39 30 |44 8 |11 24 90 ||49 89 4 |33 10 |9 13 |75 42 |
10970.59 335301.88
