Time:0
Last Iter:6
Last Update:6
Tabu:0
Last Time0
6
40 35 39 42 22 8 46 5 47 17 |1 30 20 14 15 41 43 38 11 45 3 44 |27 18 33 36 50 9 31 26 ||28 49 16 |23 19 34 |25 13 |10 32 ||37 12 ||21 4 |48 7 |24 2 |29 6 |
5411.13 84376.42
40 35 39 42 22 8 46 5 47 17 |20 30 14 15 41 43 38 11 31 3 44 |1 27 18 33 36 50 9 45 26 ||49 |23 19 34 |25 32 |28 |16 |21 |10 |13 |2 ||37 12 ||4 |48 7 |24 |29 6 |
5501.06 77843.25
46 20 30 5 38 45 11 50 3 44 |1 27 42 39 18 33 36 31 9 26 |47 17 43 41 15 14 8 22 35 40 32 ||23 24 48 6 |21 34 7 |29 10 |37 4 |16 |2 |28 |12 |13 ||25 ||19 49 |
5406.10 91899.45
5 30 20 38 45 11 9 50 3 44 |46 1 27 42 39 18 33 36 31 26 |47 17 43 41 13 15 14 8 22 35 40 32 ||23 24 48 6 |21 34 7 29 |10 37 4 16 |2 28 12 |25 |||19 49 |
5188.34 99583.61
40 35 39 42 22 8 46 5 47 17 |20 30 14 15 41 43 38 11 45 3 44 |1 27 18 33 36 50 9 31 26 ||28 49 |34 |25 |37 32 |23 |13 |4 |2 |16 |19 ||10 12 ||21 |48 7 |24 |29 6 |
5613.32 77488.39
46 5 30 20 38 45 11 50 36 44 3 |1 27 42 39 18 33 31 9 26 |47 17 43 41 13 15 14 8 22 35 40 32 ||23 24 48 6 |21 34 7 29 |10 37 4 16 |2 28 12 |25 |||19 49 |
5170.77 104502.93
