Time:0
Last Iter:5
Last Update:5
Tabu:0
Last Time0
5
19 49 17 25 43 5 42 20 |11 37 44 3 16 29 33 |2 34 13 46 38 4 15 47 ||8 27 |28 26 |7 21 |41 30 |18 45 |32 |50 |40 ||9 31 23 |14 22 |48 35 |24 39 ||12 36 |1 6 |10 |
9302.33 108533.38
2 19 49 17 25 43 5 42 20 |12 11 37 44 3 16 29 33 |34 13 18 46 38 4 15 47 ||40 50 |32 27 |28 26 |7 21 |41 30 |45 10 ||9 31 23 |14 22 |48 35 |24 39 ||1 8 36 |6 |
9129.64 123093.49
34 20 42 5 43 25 17 49 19 |11 37 44 24 3 16 29 33 |2 13 46 6 38 4 15 47 ||50 32 40 |27 28 26 |7 21 |41 30 |18 39 |45 10 ||9 31 23 |14 22 |48 35 ||8 1 |12 36 |
8893.93 127126.03
13 19 49 17 25 43 5 42 20 |11 37 44 3 16 29 33 |2 34 46 38 4 15 47 ||40 50 |32 27 |28 26 |7 21 |41 30 |18 45 |10 ||9 31 23 |14 22 |48 35 |24 39 ||1 8 |12 36 |6 |
9642.28 107845.26
42 5 43 25 17 49 19 34 |33 29 16 3 44 37 11 20 |2 13 46 32 38 4 15 47 ||10 50 |40 27 |26 7 21 |41 30 |18 45 ||9 31 23 |14 22 |48 35 |24 39 ||12 36 |28 8 |1 6 |
8869.80 139655.66
