Time:0
Last Iter:6
Last Update:6
Tabu:0
Last Time0
6
37 21 48 6 43 18 27 14 38 22 |24 47 29 41 25 20 16 30 28 31 34 39 49 35 |2 17 19 33 42 3 10 13 26 36 7 9 4 50 ||8 |45 |40 23 44 |32 |5 |12 ||15 46 ||11 1 |
15846.42 211506.79
21 48 6 43 18 27 5 37 14 38 22 |24 47 29 41 20 16 30 28 31 34 39 49 35 |17 33 19 32 42 3 10 13 26 36 7 9 4 50 ||40 23 44 |8 |25 |45 ||15 46 |2 12 ||11 1 |
15826.48 218101.31
21 12 48 6 43 18 27 5 37 14 38 22 |24 47 29 41 20 16 30 28 31 34 39 49 35 |17 19 33 42 3 10 13 26 36 7 9 4 50 ||25 |40 23 44 |45 |32 |8 ||15 46 |2 ||11 1 |
15776.55 219338.45
38 14 37 27 47 44 18 43 6 48 12 21 22 |24 29 41 25 20 16 30 28 31 34 39 45 49 35 |17 19 33 42 3 10 13 26 36 7 9 4 50 ||8 |40 23 2 |32 |5 ||15 46 ||11 1 |
15771.01 239130.04
37 48 6 43 18 27 14 38 22 |47 24 29 41 20 16 30 31 34 39 28 49 35 21 |19 17 4 9 7 36 26 13 10 3 42 50 ||40 23 44 |32 |5 |8 |25 |33 |45 |2 |12 ||15 46 ||11 1 |
16928.45 183458.05
12 48 6 43 18 47 24 27 37 14 38 22 21 |8 29 41 25 20 16 30 28 31 34 39 4 49 35 |17 19 33 42 3 10 13 26 36 7 9 50 ||45 |40 23 44 |32 |5 ||15 46 |2 ||11 1 |
15534.98 242367.08
