Time:0
Last Iter:4
Last Update:4
Tabu:0
Last Time0
4
42 36 37 10 6 1 40 18 49 16 3 7 |32 17 9 12 24 4 25 47 44 30 38 45 15 |35 11 31 21 14 46 39 8 33 28 13 22 2 ||34 |5 26 |50 48 |27 ||43 |23 |41 ||19 |20 |29 |
18110.13 262646.15
36 42 49 10 3 37 16 18 1 7 |32 17 9 12 24 6 4 25 47 35 44 30 38 45 15 |11 31 21 14 46 39 8 33 2 13 28 22 ||5 26 |41 |50 48 |40 |34 |27 ||43 |23 ||19 |20 |29 |
18601.08 259112.49
36 42 17 34 10 1 40 18 49 16 37 3 7 |32 22 12 9 24 6 25 47 44 30 38 45 15 31 |11 21 35 13 28 2 33 5 8 39 46 14 ||50 26 |4 |41 |27 |48 ||43 |23 |19 ||29 |20 |
18623.02 253997.69
36 42 17 34 10 1 40 18 49 16 37 3 7 |32 27 15 45 38 30 44 47 25 4 6 24 12 22 |11 31 21 35 13 28 9 2 33 5 39 46 14 ||26 |41 |50 48 ||43 |23 ||20 |29 |8 |19 |
17939.61 291502.94
