Time:0
Last Iter:4
Last Update:4
Tabu:0
Last Time0
4
24 28 49 35 20 12 15 44 37 8 16 27 2 29 40 |7 39 31 4 32 14 13 48 22 26 47 18 46 21 |19 30 25 5 45 36 34 41 42 38 3 43 33 1 ||9 23 ||50 11 6 ||17 10 |
17677.40 296783.26
24 28 35 49 15 12 37 8 16 27 2 29 40 |7 39 31 4 32 14 20 13 44 22 48 26 18 46 21 |19 30 25 5 45 36 34 41 42 38 3 43 33 1 17 ||23 9 ||11 6 50 ||47 10 |
17805.38 292775.45
24 2 27 16 8 37 22 44 20 35 28 49 11 12 15 |7 39 31 4 14 13 48 19 18 46 40 26 21 |30 29 25 5 45 36 34 41 42 38 3 43 17 33 1 32 ||9 23 ||50 6 ||10 47 |
17375.46 333590.13
44 13 37 19 8 2 29 24 39 42 33 31 17 |20 14 49 32 1 43 36 45 5 25 27 16 46 47 |7 38 3 35 12 15 48 22 26 30 18 40 21 ||6 50 ||28 10 ||4 11 9 |34 41 23 |
17968.71 290366.09
