Time:0
Last Iter:6
Last Update:6
Tabu:0
Last Time0
6
38 31 34 25 35 10 22 23 13 17 44 49 6 45 41 |7 19 21 12 8 5 32 36 26 40 2 9 27 37 48 47 |4 33 24 20 50 15 46 1 28 30 3 29 16 18 39 11 14 ||43 42 |||
20942.83 382956.27
47 38 26 31 34 25 35 10 22 39 23 13 17 44 49 41 |45 8 12 21 7 19 6 48 37 27 9 2 40 36 32 5 |4 33 24 20 50 15 46 1 28 30 3 29 16 18 11 14 ||43 42 |||
20863.20 410279.51
6 49 44 17 13 23 39 22 10 35 25 34 31 26 38 47 41 |8 12 21 19 7 45 48 37 27 9 2 40 36 32 5 |4 33 24 20 50 15 46 1 28 30 3 29 16 18 11 14 ||43 42 |||
20920.23 409931.23
32 5 15 12 28 30 3 39 23 13 17 49 6 48 45 41 |42 11 16 29 22 34 20 31 36 2 9 33 27 37 4 47 |7 19 44 18 43 14 21 1 8 10 46 35 25 50 24 26 40 38 ||||
20712.54 463914.67
38 31 34 25 35 10 22 23 13 17 44 49 6 45 41 |7 19 21 12 15 36 26 40 2 9 27 37 48 47 32 5 |4 33 24 20 50 46 1 8 28 30 3 29 16 18 39 11 14 ||43 42 |||
21311.62 377349.64
32 5 15 12 28 30 3 39 23 13 17 49 6 48 45 41 |47 4 37 27 33 9 2 36 31 20 34 22 29 16 11 42 |38 40 26 24 50 25 35 46 10 8 1 21 14 43 18 44 19 7 ||||
20665.87 466419.96
