Time:0
Last Iter:5
Last Update:5
Tabu:0
Last Time0
5
39 11 14 23 32 31 17 45 4 29 22 28 8 41 20 33 |19 27 35 12 18 50 36 48 16 15 10 26 34 13 40 30 |21 37 24 43 3 6 25 2 49 9 5 7 44 38 42 46 ||47 |1 |||
21928.15 358519.24
39 11 14 23 32 31 17 45 4 29 22 28 8 41 20 33 |19 27 35 12 18 50 36 48 16 15 10 26 34 13 40 30 |46 42 38 44 7 5 9 25 6 3 2 43 24 37 21 ||47 |1 49 |||
21826.74 397835.12
46 39 11 14 23 32 31 17 45 4 29 22 28 41 20 33 |19 27 35 12 18 50 36 48 16 15 10 26 34 13 40 30 |47 21 37 24 8 43 3 6 25 2 49 9 5 7 44 38 42 ||1 |||
21812.14 403513.79
39 23 14 11 32 31 17 4 29 22 28 8 41 20 33 |27 19 35 12 18 50 36 48 16 15 10 26 34 13 40 30 |2 21 37 24 43 3 6 25 9 5 7 44 38 42 46 ||47 |1 49 |45 |||
23677.64 335978.80
20 41 8 28 22 29 4 45 17 31 32 23 14 11 39 46 33 |19 27 35 12 18 50 36 48 16 15 10 26 34 13 1 40 30 |47 21 37 24 43 3 6 25 2 49 9 5 7 44 38 42 ||||
21713.07 467002.59
