Time:0
Last Iter:3
Last Update:3
Tabu:0
Last Time0
3
3 13 11 23 45 32 15 41 48 38 34 18 8 40 9 |44 24 19 28 49 50 21 33 46 7 39 22 12 29 |20 5 10 37 36 4 2 6 35 30 43 42 31 27 17 14 ||1 47 26 ||25 16 ||
19433.53 345957.44
3 13 11 23 45 32 15 41 48 38 34 18 8 40 9 |44 24 19 28 21 50 33 46 7 39 22 29 12 14 |20 5 10 37 36 4 2 6 35 30 43 42 31 27 17 ||1 47 26 ||49 25 16 ||
19357.62 348639.63
3 11 23 45 15 41 48 38 18 8 40 9 |44 24 19 28 49 21 50 13 33 46 7 39 22 12 29 |20 5 10 37 36 4 2 6 35 30 43 42 31 27 17 14 ||1 47 26 |32 |34 ||25 16 ||
20031.67 342157.44
