Time:0
Last Iter:4
Last Update:4
Tabu:0
Last Time0
4
7 78 70 2 15 37 55 79 14 31 46 87 49 90 21 98 54 93 82 24 |68 89 99 92 43 11 36 100 59 10 88 33 23 83 72 18 65 69 81 53 28 6 |48 86 74 50 13 95 44 71 66 3 34 85 51 26 9 39 61 22 19 30 17 35 29 63 |57 76 45 12 42 97 80 47 1 73 91 8 52 67 32 58 5 60 20 56 ||25 64 27 |84 16 |41 94 ||75 40 ||38 96 4 |62 77 ||
24599.37 753200.48
7 78 70 2 15 37 55 79 14 31 46 87 49 90 21 98 56 54 93 64 |68 89 99 92 43 11 36 100 59 10 88 33 23 83 72 18 65 69 81 53 28 6 |48 86 74 50 13 95 44 71 66 3 34 85 51 26 9 39 61 22 19 30 17 35 63 29 24 |97 80 47 1 73 91 8 52 67 32 58 5 60 20 76 45 57 12 42 82 ||27 25 |84 16 |94 41 ||75 40 ||62 4 |96 38 77 ||
24741.12 750369.66
7 78 70 2 15 37 55 79 14 31 46 87 49 90 98 54 93 82 24 |68 89 99 92 43 11 36 100 59 10 88 33 23 83 72 18 65 69 81 53 28 6 |48 86 74 50 13 95 44 71 66 3 34 85 51 26 9 21 39 61 22 19 30 17 35 29 63 |57 76 45 12 42 97 80 47 1 73 91 8 52 67 32 58 5 60 20 56 ||25 64 27 |84 16 |94 41 ||40 75 ||38 96 4 |62 77 ||
24592.10 756301.84
7 78 70 2 42 37 43 79 14 31 26 87 49 90 98 54 64 82 24 18 |68 84 89 99 92 55 11 36 100 59 10 88 33 83 65 69 81 53 28 6 16 |9 48 86 74 50 13 95 44 71 66 3 34 85 51 46 39 61 30 17 29 63 |57 76 45 12 15 97 80 47 1 73 91 8 52 67 32 58 5 60 20 56 ||27 25 |94 41 |19 |22 |72 |93 |23 |35 |21 ||75 40 ||4 96 62 |38 77 ||
24970.40 721234.72
