Time:0
Last Iter:4
Last Update:4
Tabu:0
Last Time0
4
19 94 85 57 27 95 31 96 48 15 56 59 32 91 34 2 99 33 7 52 93 98 |47 61 64 62 3 63 25 1 23 41 97 40 39 9 60 21 100 12 78 77 |53 22 73 71 65 26 70 49 38 74 76 44 28 5 42 46 68 17 29 51 20 43 |13 36 54 80 69 6 30 75 37 90 79 45 89 24 88 4 83 84 11 55 86 18 82 ||35 |87 |92 |81 |14 ||66 |16 72 ||8 10 |58 ||67 |50 |
24195.48 778884.28
19 94 85 57 27 95 31 96 48 15 56 14 59 32 91 34 2 99 33 7 52 93 41 |47 61 62 64 25 1 23 97 40 39 9 60 21 100 12 78 77 98 3 63 |53 73 71 65 26 70 49 38 74 76 44 28 5 42 46 68 17 29 51 20 43 |13 36 54 80 69 6 30 75 37 90 79 45 89 24 88 4 83 84 11 55 86 18 82 ||35 |87 |92 |22 ||66 |16 72 |81 ||8 10 |58 ||67 |50 |
24324.37 771160.19
94 95 57 27 51 56 15 31 48 65 32 59 91 34 2 99 33 7 52 41 98 |47 61 85 64 62 63 25 23 93 97 40 39 9 60 21 100 12 78 77 |19 17 46 42 5 28 44 76 74 38 49 70 26 53 58 96 71 73 22 20 43 29 |13 36 54 80 69 6 30 75 37 90 79 45 89 24 88 4 83 84 11 55 86 18 82 3 ||14 |35 |92 |68 |1 |87 |81 ||66 |16 72 ||8 10 ||67 |50 |
24403.56 732785.66
19 94 85 57 27 95 31 96 48 15 56 14 59 32 91 34 2 99 33 7 52 93 |47 61 62 64 25 63 3 98 23 41 97 40 39 9 60 21 100 12 78 77 |53 22 73 71 65 26 70 49 38 74 76 44 28 5 42 46 1 68 17 29 51 20 43 |13 36 54 80 69 6 30 75 37 90 79 45 89 24 88 4 83 84 11 55 18 82 ||35 |87 |92 |58 ||86 |66 |16 72 ||8 10 |81 ||67 |50 |
24141.80 788616.02
