Time:0
Last Iter:6
Last Update:6
Tabu:0
Last Time0
6
49 24 40 80 72 47 82 67 4 89 36 31 25 79 46 59 50 61 84 |39 44 100 35 75 93 97 65 45 13 91 17 56 86 83 63 29 28 52 |33 10 73 54 95 64 66 68 51 8 27 3 60 38 62 85 7 48 42 92 |96 53 77 5 12 70 43 37 57 32 30 55 34 94 19 6 26 78 81 16 ||87 18 |14 90 15 71 |76 ||58 69 |2 9 |23 20 ||88 98 21 |74 11 ||41 1 |99 22 |
19960.71 557159.15
49 24 40 80 72 47 82 67 4 89 36 31 25 79 46 59 50 61 84 |44 100 52 28 29 63 83 86 56 17 91 13 45 65 97 93 62 75 16 |33 10 73 54 95 64 66 68 51 8 27 3 60 38 85 7 48 42 92 39 |96 53 77 5 12 70 43 37 57 32 30 55 34 94 19 35 78 26 6 81 ||87 18 |14 90 15 71 |76 ||58 69 |2 9 |23 20 ||88 98 21 |74 11 ||99 22 |41 1 |
19900.32 574699.32
49 24 40 80 76 72 47 82 67 4 89 36 31 25 79 46 59 50 61 84 |39 35 62 93 75 97 65 45 13 91 17 56 86 83 63 29 28 52 44 |100 33 10 73 54 95 64 66 68 51 8 27 3 60 38 85 7 48 42 92 |96 53 77 5 12 70 43 37 57 32 30 55 34 87 94 19 6 26 78 81 16 ||18 15 |14 90 71 ||58 69 |2 9 |23 20 ||88 98 21 |74 11 ||41 1 |99 22 |
19820.54 584543.49
49 24 40 80 47 82 67 4 89 36 31 25 79 46 59 50 61 84 |44 100 35 62 93 75 97 65 45 13 91 17 56 86 83 63 29 28 52 |33 10 73 54 95 64 66 68 51 8 27 3 60 38 85 7 48 42 92 39 |96 53 77 5 12 70 43 37 57 32 30 55 34 94 19 6 26 78 81 16 ||87 18 |14 90 15 71 |76 |72 ||58 69 |2 9 |23 20 ||88 98 21 |74 11 ||99 22 |41 1 |
20249.33 551001.13
3 49 24 40 80 90 72 47 82 67 4 89 36 31 25 79 46 59 50 61 84 |16 35 62 93 75 97 88 65 45 13 91 17 56 86 83 63 29 28 52 44 |15 33 10 76 95 54 73 64 66 58 68 51 8 27 60 38 85 7 48 92 39 |96 53 77 5 12 70 43 37 32 57 14 100 30 55 34 87 94 19 6 26 78 81 ||18 71 ||69 42 |2 9 |23 20 ||98 21 |74 11 ||41 1 |99 22 |
19661.43 640874.87
49 24 40 80 47 82 67 4 89 36 31 25 79 46 59 50 61 84 |44 100 35 62 93 75 97 65 45 13 91 17 56 73 86 83 63 29 28 52 |33 10 95 54 64 66 68 51 8 27 3 60 38 85 7 48 42 92 39 |96 53 77 5 12 70 43 37 57 32 30 55 34 94 19 6 26 78 81 16 ||87 18 |15 90 14 |71 76 |72 ||58 69 |2 9 |23 20 ||88 98 21 |74 11 ||41 1 |99 22 |
20320.13 545219.09
