Time:0
Last Iter:5
Last Update:5
Tabu:0
Last Time0
5
80 96 82 5 35 31 68 34 70 37 6 4 29 24 28 46 44 66 33 43 |93 77 40 89 13 59 38 50 57 83 98 20 81 15 49 55 99 100 2 16 |84 62 72 65 42 41 23 86 69 19 18 73 60 56 7 25 91 58 48 26 67 |39 64 85 79 47 95 45 17 32 90 63 21 27 71 52 11 97 75 36 94 3 ||1 14 |61 10 ||30 54 ||22 51 |88 74 |9 76 |8 12 ||53 78 |87 92 |
19998.42 622246.60
80 96 82 5 35 31 68 34 70 37 6 89 4 29 24 28 46 44 66 33 |62 93 77 40 13 59 38 50 57 16 2 100 83 98 20 81 15 99 55 49 11 |84 72 65 42 41 23 69 86 18 73 60 56 7 25 91 58 48 26 67 51 43 |39 64 85 79 19 47 95 45 17 32 90 63 21 27 71 52 97 75 36 94 3 ||1 14 |61 10 ||30 54 ||22 88 |74 9 76 |8 12 ||53 78 |87 92 |
20688.23 617797.71
62 80 96 82 5 35 31 34 70 37 6 4 29 24 28 46 44 66 33 |68 93 77 40 89 13 59 38 50 57 83 98 20 81 15 49 55 99 100 2 16 |84 72 65 42 41 23 86 69 19 18 73 60 56 7 25 91 58 48 26 67 43 |39 64 85 79 47 95 45 17 32 90 63 21 27 71 52 11 97 75 36 94 3 ||1 14 |61 10 ||30 54 ||22 51 |88 74 |9 76 |8 12 ||53 78 |87 92 |
21080.65 607441.84
62 96 82 5 35 31 68 34 70 37 6 4 29 24 28 46 44 66 33 |93 77 40 89 13 59 38 50 57 83 98 20 81 15 49 55 99 100 2 16 |84 72 65 42 41 23 86 69 19 18 73 60 56 7 25 91 58 48 26 67 43 |11 39 64 85 79 47 95 45 17 32 90 63 21 27 71 52 97 80 75 36 94 3 ||1 14 |61 10 ||30 54 ||22 51 |88 74 |9 76 |8 12 ||53 78 |87 92 |
21264.19 590693.90
11 80 96 82 5 35 31 68 34 70 37 6 4 29 24 28 46 44 66 33 |93 77 40 89 13 59 38 50 57 83 98 20 62 81 15 49 55 99 100 2 16 |3 84 36 72 65 42 41 23 69 86 60 39 56 7 25 91 58 48 26 67 51 |43 64 73 85 18 79 19 47 95 45 17 32 90 63 21 27 71 52 97 75 94 ||1 14 |61 10 ||30 54 ||22 88 |74 9 76 |8 12 ||53 78 |87 92 |
19748.65 666156.79
