Time:0
Last Iter:7
Last Update:7
Tabu:0
Last Time0
7
39 54 10 15 14 72 89 71 45 69 6 87 26 33 35 37 21 82 100 |12 53 59 32 95 80 44 24 18 92 83 90 62 61 41 88 52 76 84 49 43 |91 99 42 47 79 75 2 9 22 65 93 50 29 4 30 67 55 63 1 68 40 8 11 |36 3 60 17 77 58 20 38 97 51 13 28 96 48 81 70 78 86 16 73 64 31 56 ||66 74 |94 23 |98 27 |7 46 ||85 25 ||5 57 ||34 19 |
24080.60 787935.14
27 71 32 77 60 14 3 50 15 4 67 41 64 86 92 78 16 62 76 84 49 43 |9 29 10 54 39 11 8 81 24 44 28 91 26 42 80 75 6 99 21 82 100 |61 63 70 87 33 79 20 69 45 59 53 17 36 88 30 93 72 89 |98 58 2 95 38 97 47 51 37 13 35 96 48 18 83 90 73 56 55 52 22 ||34 66 |68 1 |31 ||46 7 65 |5 57 85 19 ||25 12 |23 94 ||40 74 |
24314.77 728063.61
71 32 77 60 14 3 50 15 4 67 41 64 86 92 78 16 62 76 84 49 43 |9 29 10 54 39 11 8 1 81 24 44 28 91 26 42 80 75 6 99 21 82 74 100 |61 63 70 94 87 33 79 20 69 45 59 53 17 36 88 30 93 72 89 |58 2 95 38 97 47 51 37 13 35 96 48 18 83 90 73 56 55 52 46 7 65 22 ||34 66 |31 |27 |68 ||5 57 85 19 |98 ||25 12 |23 ||40 |
24363.06 726620.88
71 32 77 60 14 3 50 15 4 67 41 64 86 92 78 16 62 11 49 |27 9 29 10 54 76 39 8 40 81 24 44 28 91 26 42 80 75 6 99 21 82 100 |61 63 70 87 33 79 20 69 45 59 53 17 36 88 30 93 72 89 43 |58 2 95 38 97 47 51 37 13 35 96 48 18 83 90 73 56 55 52 46 7 22 ||34 66 |31 84 |68 1 ||65 5 |57 85 19 ||25 12 |23 94 ||74 98 |
24382.83 719799.71
32 71 77 60 14 3 50 15 4 67 41 64 86 92 78 16 62 76 49 43 |9 29 10 54 39 11 8 81 24 44 28 91 26 42 80 75 6 99 21 82 100 |63 61 70 87 33 79 20 69 45 59 53 17 36 88 30 93 72 89 |58 2 95 38 97 47 51 37 13 35 96 48 18 83 90 73 56 55 52 22 ||34 66 |31 84 |27 |68 |1 ||85 |46 7 65 |5 57 19 ||25 12 |23 94 ||98 |40 74 |
24419.74 677595.60
32 71 77 60 14 3 50 15 4 67 41 64 86 92 78 16 62 76 49 43 |9 29 10 54 39 11 8 81 24 44 28 91 26 42 80 75 6 99 21 82 100 |70 61 63 87 33 79 20 69 45 59 53 17 36 88 30 93 72 89 |58 2 95 38 97 47 51 37 13 35 96 48 18 83 90 73 56 55 52 22 ||34 66 |31 84 |68 1 |7 |27 |98 ||46 65 |5 57 85 19 ||25 12 |23 94 ||40 74 |
24711.41 672650.83
21 71 100 82 37 35 33 26 87 6 69 45 98 89 72 14 15 10 54 39 56 |43 49 84 76 52 88 41 61 62 90 83 92 18 24 44 80 95 32 59 53 12 |91 99 42 47 79 75 2 9 22 93 50 29 4 30 67 55 63 1 68 40 8 11 |36 3 60 17 77 58 20 38 97 51 13 28 96 48 81 70 78 86 16 73 64 31 ||66 74 |94 23 |65 |27 |7 46 ||85 25 ||5 57 ||34 19 |
24006.15 929094.05
