Time:0
Last Iter:9
Last Update:9
Tabu:0
Last Time0
9
84 48 52 77 38 67 57 37 66 7 |88 31 60 5 33 9 29 41 23 90 92 18 86 22 32 |1 12 15 14 21 94 45 46 26 30 68 10 19 64 |24 17 54 96 8 53 59 78 72 4 73 62 ||50 44 65 16 |91 89 39 36 |2 6 99 95 |20 28 63 11 80 98 13 |82 35 74 34 ||97 40 47 58 27 81 |42 61 76 25 ||70 100 55 75 |93 85 51 ||71 87 43 79 |3 69 56 |49 83 |
6260.72 194385.13
30 9 66 1 62 73 48 21 34 90 32 |92 23 77 52 94 4 86 7 33 57 29 53 10 88 19 |12 84 18 45 46 78 67 37 8 5 54 17 |22 15 14 72 41 26 59 38 68 31 60 24 96 42 ||55 65 2 79 |25 82 35 40 13 |75 69 44 64 |39 61 83 80 85 51 ||63 3 |97 71 28 81 |70 87 56 ||89 11 27 58 |20 93 47 95 |49 6 36 ||74 76 16 |91 50 100 99 |43 98 |
6441.70 192071.04
12 14 38 30 53 8 54 17 24 88 10 68 19 |5 96 7 1 86 94 48 52 77 90 23 92 32 |67 57 29 59 26 41 45 4 21 84 15 62 |73 22 18 72 46 27 78 9 37 33 66 60 31 ||99 50 56 35 58 |55 75 20 28 83 79 |40 97 25 2 |98 91 11 42 36 ||6 71 34 74 44 64 |89 16 ||95 70 76 61 |100 47 85 81 51 80 |39 87 ||69 3 93 |49 65 43 82 |63 13 |
6473.74 191534.06
9 66 1 62 73 86 48 21 34 90 32 |92 23 77 52 94 4 7 33 57 29 53 10 88 19 |12 84 18 45 46 78 30 67 37 8 5 54 17 |22 15 14 72 41 26 59 38 68 31 60 24 96 42 ||55 65 2 79 |25 82 35 40 13 |75 69 44 64 |39 61 83 80 85 51 ||63 3 |97 71 28 81 |70 87 56 ||89 11 27 58 |20 93 47 95 |49 6 36 ||74 76 16 |91 50 100 99 |43 98 |
6592.96 190864.97
84 48 52 77 38 67 57 37 66 7 |88 31 60 5 33 9 29 41 23 90 92 18 86 22 32 |1 12 15 14 21 94 45 46 26 68 10 19 64 |24 17 54 96 8 53 30 59 78 72 4 73 62 ||50 44 65 16 |91 89 39 36 |2 6 99 95 |20 28 63 11 80 98 13 |82 35 74 34 ||97 40 47 58 27 81 |42 61 76 25 ||70 100 55 75 |93 85 51 ||71 87 43 79 |3 69 56 |49 83 |
6165.65 196979.86
30 9 66 1 62 73 48 21 34 90 32 |92 23 77 52 94 4 86 7 33 57 29 53 10 88 19 |12 84 18 45 46 78 67 37 8 5 54 17 96 |22 15 14 72 41 26 59 38 68 31 60 24 42 ||55 65 2 79 |25 82 35 40 13 |75 69 44 64 |39 61 83 80 85 51 ||63 3 |97 71 28 81 |70 87 56 ||89 11 27 58 |20 93 47 95 |49 6 36 ||74 76 16 |91 50 100 99 |43 98 |
6640.51 190805.90
84 48 52 77 38 67 57 37 66 7 |88 31 60 5 33 9 29 41 23 90 92 18 86 22 32 |1 12 15 14 21 94 45 46 26 68 10 19 |24 17 54 96 8 53 30 59 78 72 4 73 62 ||50 44 65 16 |91 89 39 36 |2 6 99 95 |20 28 63 11 80 98 13 |82 35 74 34 ||97 40 47 58 27 81 |42 61 76 25 ||70 100 55 75 |93 85 51 ||64 79 43 87 71 |3 69 56 |49 83 |
6087.80 199697.00
12 14 38 30 53 8 54 17 24 88 10 68 19 |5 96 7 1 86 94 48 52 77 90 23 92 32 |67 57 29 59 41 45 4 21 84 15 62 22 |73 18 72 46 27 78 26 9 37 33 66 60 31 ||99 50 56 35 58 |55 75 20 28 83 79 |40 97 25 2 |98 91 11 42 36 ||6 71 34 74 44 64 |89 16 ||95 70 76 61 |100 47 85 81 51 80 |39 87 ||69 3 93 |49 65 43 82 |63 13 |
6808.05 187824.87
12 14 38 30 53 8 54 17 24 88 10 68 19 |5 96 7 1 86 94 48 52 77 90 23 92 32 |67 57 29 59 26 41 45 4 21 84 15 62 22 |73 18 72 46 27 78 9 37 33 66 60 31 ||99 50 56 35 58 |55 75 20 28 83 79 |40 97 25 2 |98 91 11 42 36 ||6 71 34 74 44 64 |89 16 ||95 70 76 61 |100 47 85 81 51 80 |39 87 ||69 3 93 |49 65 43 82 |63 13 |
6793.84 190257.55
