Time:0
Last Iter:4
Last Update:4
Tabu:0
Last Time0
4
67 75 91 7 70 13 95 61 57 42 33 88 47 17 |98 59 21 56 37 12 90 49 82 68 83 48 86 |63 45 26 9 19 55 89 32 5 16 62 38 84 69 53 |80 76 24 51 58 93 43 15 46 14 54 97 50 ||40 3 92 60 96 25 |44 30 81 27 2 |1 41 6 18 |35 87 74 85 ||23 36 |10 79 94 34 100 8 ||66 28 22 11 |78 64 4 29 ||99 20 39 72 31 71 52 |77 73 65 |
7643.82 210898.19
67 17 47 88 33 42 57 61 95 13 70 7 91 75 |98 59 21 56 37 12 90 49 82 68 83 51 48 86 |63 45 26 9 19 55 89 32 5 16 62 38 84 69 |80 76 24 58 93 43 15 54 46 14 53 97 50 ||40 3 92 60 96 25 |44 30 81 27 2 |1 41 6 18 |35 87 74 85 ||23 36 |10 79 94 34 100 8 ||66 28 22 11 |78 64 4 29 ||99 20 39 72 31 71 52 |77 73 65 |
7446.47 214121.99
86 68 84 49 80 16 58 33 42 57 61 54 97 |47 26 95 21 69 37 90 82 83 67 53 75 91 98 17 |76 12 40 7 59 66 13 63 15 43 88 93 32 48 |56 14 70 46 45 9 19 55 89 5 62 24 51 38 ||64 36 77 25 73 85 |92 41 52 30 74 2 |81 100 35 11 65 ||31 18 20 27 34 99 8 |78 87 29 50 |28 22 ||96 71 72 ||1 79 23 4 39 |10 6 44 60 |3 94 |
7429.54 222117.10
67 75 91 7 70 13 95 61 57 42 33 88 47 |17 98 59 56 37 12 90 49 82 68 83 48 86 |45 26 9 19 55 89 32 5 16 62 38 84 69 53 97 |80 76 24 51 58 93 43 15 54 63 46 14 21 50 ||40 3 92 60 96 25 |44 30 81 27 2 |1 41 6 18 |35 87 74 ||23 36 |10 79 94 34 100 8 ||66 28 22 11 |78 64 4 29 ||99 20 39 72 31 71 52 |77 73 65 85 |
8091.50 209295.62
