Time:0
Last Iter:6
Last Update:6
Tabu:0
Last Time0
6
58 13 86 84 87 70 15 28 96 81 27 |8 75 94 60 90 67 22 19 7 31 88 62 |69 29 34 53 74 41 55 45 42 85 26 76 5 |50 2 10 20 36 51 24 95 59 25 83 16 99 ||89 78 |30 91 |21 65 |43 79 |93 |32 |92 71 ||12 9 |18 38 |17 72 |82 73 |64 49 |52 47 ||66 54 |44 4 |1 68 35 |80 11 63 |77 6 |100 33 ||37 57 |48 39 46 |56 98 14 |3 61 |23 40 97 |
11489.71 269754.51
58 13 86 84 87 15 28 96 81 27 |8 75 94 60 90 67 22 19 7 31 88 62 12 |69 29 34 53 74 41 55 45 42 85 26 76 5 |50 2 10 20 36 51 24 95 59 25 83 16 99 ||91 |89 78 |30 |21 65 |43 79 |93 70 |32 |92 ||18 38 |17 72 |82 73 |64 49 |52 47 |71 9 ||66 54 |44 4 |1 68 35 |80 11 63 |77 6 |100 33 ||37 57 |48 39 46 |56 98 14 |3 61 |23 40 97 |
11549.71 267270.09
58 13 86 84 87 15 28 96 81 27 |8 75 94 60 90 70 67 22 19 7 31 88 62 |69 29 34 53 74 41 55 45 42 85 26 76 5 |50 2 10 20 36 51 24 95 59 25 83 16 99 ||89 78 |30 91 |21 65 |43 79 |100 33 |93 |32 12 |92 ||18 38 |17 72 |82 73 |64 49 |52 47 |71 9 ||66 54 |44 4 |1 68 35 |80 11 63 |77 6 ||37 57 |48 39 46 |56 98 14 |3 61 |23 40 97 |
11543.37 269427.23
58 86 84 87 92 15 28 96 81 27 |8 75 94 60 90 70 67 22 19 7 31 88 62 |69 29 34 53 74 41 55 45 42 85 26 76 5 |50 2 10 20 36 51 24 95 59 25 83 16 99 13 ||89 78 |30 91 |21 65 |43 79 |100 33 |93 |32 |12 ||18 38 |17 72 |82 73 |64 49 |52 47 |71 9 ||66 54 |44 4 |1 68 35 |80 11 63 |77 6 ||37 57 |48 39 46 |56 98 14 |3 61 |23 40 97 |
11585.51 267042.82
94 20 2 90 28 92 87 67 31 88 62 27 |29 36 53 74 55 45 42 76 26 15 96 50 |10 8 34 58 51 24 59 19 86 99 13 |75 60 81 5 22 38 84 7 85 ||32 78 |68 49 66 |72 61 |44 6 |70 93 39 |43 |56 21 |1 |71 80 |69 |89 |73 |18 |11 ||25 37 |41 35 |48 100 |40 14 |64 79 |63 57 16 |97 ||9 47 |91 |17 54 |77 82 |52 12 |83 4 ||3 95 |30 98 |23 |33 |46 65 |
11735.02 240451.54
75 58 13 86 84 87 92 15 28 96 81 27 |91 8 94 60 32 90 67 22 19 7 31 88 62 |69 29 34 53 74 41 55 45 42 85 26 76 5 12 |50 2 10 20 36 51 24 95 59 25 83 16 99 ||89 78 |21 65 |43 79 |93 70 |71 |30 ||18 38 |17 72 |82 73 |64 49 |52 47 |9 ||66 54 |44 4 |1 68 35 |80 11 63 |77 6 |100 33 ||37 57 |48 39 46 |56 98 14 |3 61 |23 40 97 |
11457.65 282068.40
