Time:0
Last Iter:9
Last Update:9
Tabu:0
Last Time0
9
70 37 8 43 58 42 27 54 32 23 57 94 24 35 7 93 39 99 59 16 3 25 |53 95 75 51 52 44 38 78 56 61 72 13 12 96 98 79 74 90 80 45 |71 34 2 89 83 66 31 69 11 21 87 68 65 88 86 77 46 91 76 28 55 |14 100 29 47 41 5 40 73 67 18 1 85 6 92 33 20 9 64 81 19 84 10 63 50 49 36 ||17 |26 |97 |60 ||15 62 |30 48 ||4 ||82 |22 |
24148.51 764059.75
52 38 43 33 81 31 21 10 50 96 98 77 79 74 100 99 16 3 75 53 55 |85 58 2 8 83 37 19 61 68 86 88 14 46 29 7 35 51 94 34 23 57 |73 42 40 41 76 91 25 80 63 13 12 72 56 66 9 20 92 78 49 36 |6 89 69 84 11 70 65 90 17 28 59 39 93 47 24 5 54 32 27 44 62 ||18 1 |26 |64 4 |97 |87 |60 ||71 95 45 |82 ||22 |67 48 ||30 15 |
24442.57 739642.02
97 55 52 3 91 74 79 77 98 96 50 10 21 31 81 38 33 85 58 6 |53 43 8 83 37 19 61 68 86 12 14 46 29 76 7 35 51 94 34 23 57 75 |73 42 40 41 100 25 80 63 13 88 72 56 66 9 20 92 78 4 49 36 |2 89 69 84 11 70 65 90 28 59 39 93 47 24 5 54 32 27 44 62 ||26 |64 |18 |87 |1 |16 |99 |60 ||71 95 45 |82 ||22 17 |67 48 ||15 30 |
24746.60 727934.83
70 37 8 43 58 42 27 54 32 23 57 94 24 35 7 93 39 59 99 16 3 25 |36 53 95 75 51 52 44 38 78 56 61 72 13 12 96 98 79 74 90 80 45 |2 89 83 66 31 69 11 21 68 65 88 86 77 46 91 76 28 97 34 71 55 |29 100 14 47 41 5 40 73 67 18 1 85 6 92 33 20 9 64 81 19 84 10 63 50 49 ||17 |26 |87 |60 ||48 15 62 |30 ||4 ||82 |22 |
24077.80 802073.19
52 43 38 33 81 31 21 10 50 96 98 77 79 74 91 99 16 3 75 55 |8 58 6 85 83 37 19 61 68 86 12 14 46 29 76 7 35 51 94 34 23 57 97 53 |73 42 40 41 100 25 80 63 13 88 72 56 66 9 20 92 78 49 36 |2 89 69 84 11 70 65 60 90 28 59 39 93 47 24 5 54 32 27 44 62 ||4 |26 |64 |18 |87 |1 ||71 95 |45 82 ||22 17 |67 48 ||15 30 |
24792.77 711532.64
52 38 43 33 81 31 21 10 50 96 98 79 77 74 91 99 16 3 75 55 |85 58 2 8 83 37 19 61 68 86 88 14 46 29 76 7 35 51 94 34 23 57 53 |73 42 40 41 100 25 80 63 13 12 72 56 66 9 20 92 78 49 36 |6 89 69 84 11 70 65 90 59 28 39 93 47 24 5 54 32 27 44 62 ||97 |82 45 |18 |1 |87 |26 |64 |4 |60 ||71 95 ||67 48 |22 17 ||15 30 |
24764.27 726899.10
52 6 38 43 33 81 31 21 10 50 96 98 77 79 74 100 99 16 3 75 55 |83 58 2 85 37 19 61 68 86 90 14 46 29 76 7 35 51 94 34 23 57 53 |41 73 42 40 91 25 80 63 13 88 11 56 66 9 20 92 78 49 36 |8 89 69 84 72 70 65 12 17 28 59 39 93 47 24 5 54 32 27 44 62 ||18 1 |64 4 |87 |97 |60 ||71 95 45 |82 ||22 |67 48 ||30 15 |26 |
24871.60 684035.11
52 55 75 6 38 89 33 81 31 21 10 50 96 98 77 79 74 91 99 16 3 25 80 |8 2 85 83 37 19 61 68 86 12 14 46 29 76 7 35 51 94 34 23 57 53 |58 73 42 40 41 100 63 13 88 72 56 66 9 20 92 78 49 36 |43 69 84 11 70 65 90 28 59 39 93 47 24 5 54 32 27 44 62 ||26 45 |97 |1 |18 |87 |64 4 |82 |60 ||95 71 ||67 48 |22 17 ||15 30 |
24946.37 681314.31
70 37 8 43 58 42 27 54 32 23 57 94 24 35 7 93 39 59 99 16 3 25 |53 95 75 51 52 44 67 38 78 56 61 72 13 12 96 98 79 74 90 80 45 |28 76 91 46 77 60 86 88 65 68 87 21 11 69 31 66 83 89 2 34 97 71 55 |29 100 14 47 41 5 40 73 6 85 1 18 92 33 20 9 64 81 19 84 10 63 50 49 36 ||17 |26 ||15 62 |30 48 ||4 ||82 |22 |
23974.70 821726.00
