Time:0
Last Iter:4
Last Update:4
Tabu:0
Last Time0
4
64 70 11 81 69 88 67 65 5 14 73 56 80 76 9 |24 68 4 57 91 19 34 99 74 60 37 39 17 2 7 33 44 |15 84 83 50 79 95 29 38 71 51 58 62 46 6 25 |1 92 77 13 55 48 61 96 54 89 93 21 26 52 41 30 ||40 31 |85 43 |27 36 ||100 72 |42 59 |78 53 |12 23 45 ||66 87 22 |97 18 |75 47 32 |49 63 90 |82 94 |10 3 ||98 20 86 |28 16 |35 8 |
12447.02 336196.94
64 11 81 68 88 69 67 5 14 73 56 80 76 9 |24 4 57 91 19 34 99 74 60 37 39 17 2 7 33 44 |70 15 84 83 50 79 95 29 38 71 51 58 62 46 6 25 |1 92 77 13 55 48 61 96 54 89 93 21 26 52 41 30 ||40 87 |31 85 43 |27 36 |65 ||100 72 |42 59 |78 53 |12 23 45 ||66 22 |97 18 |75 47 32 |49 63 90 |82 94 |10 3 ||98 20 86 |28 16 |35 8 |
12777.45 335041.13
70 64 15 11 81 68 69 67 65 5 14 73 56 80 76 9 |24 4 57 91 19 34 99 74 60 37 39 17 2 7 33 44 |55 84 83 50 79 95 29 38 71 51 58 62 46 6 25 30 |88 1 92 77 13 48 61 96 54 89 93 21 26 52 41 ||40 87 |31 85 43 |27 36 ||100 72 |42 59 |78 53 |12 23 45 ||66 22 |97 18 |75 47 32 |49 63 90 |82 94 |10 3 ||98 20 86 |28 16 |35 8 |
12319.92 346363.16
70 11 81 68 88 69 67 5 14 73 56 80 76 9 |24 4 57 91 19 34 99 74 60 37 39 17 2 7 33 44 |64 15 84 83 50 79 95 29 38 71 51 58 62 46 6 25 |1 92 77 13 55 48 61 96 54 89 93 21 26 52 41 30 ||40 31 |85 43 |27 36 |65 ||100 72 |42 59 |78 53 |12 23 45 ||66 87 22 |97 18 |75 47 32 |49 63 90 |82 94 |10 3 ||98 20 86 |28 16 |35 8 |
13636.10 334588.74
