Time:0
Last Iter:4
Last Update:4
Tabu:0
Last Time0
4
36 26 153 74 125 149 169 71 101 31 67 |183 192 19 152 24 70 197 17 33 48 2 172 49 |173 200 190 44 178 136 198 21 156 57 86 5 199 181 35 76 |119 117 4 85 168 126 66 185 157 15 |14 96 100 166 111 40 120 34 141 30 145 113 80 163 |110 193 162 171 175 165 |109 60 167 89 54 73 127 131 38 108 144 135 158 164 75 137 |154 16 18 115 50 23 170 98 155 11 104 187 180 140 62 3 53 |146 133 112 102 118 188 161 142 191 28 129 79 138 132 61 81 |45 97 95 65 69 20 176 160 128 84 68 103 42 43 195 55 ||105 |83 179 91 |77 151 |107 |6 |27 189 90 82 |121 |29 41 |174 92 72 |37 |58 63 |143 |106 |186 |56 ||122 |10 182 |130 124 |8 114 |177 87 |150 93 25 ||9 94 46 |59 116 |64 13 |88 39 |78 184 |52 ||12 32 147 |99 7 |134 51 |194 |123 1 |159 139 47 196 22 |148 |
14478.34 680972.87
172 144 171 199 76 40 28 30 69 1 61 153 |17 113 170 177 66 57 85 156 86 5 154 43 137 22 |34 178 198 55 31 140 197 125 147 53 2 67 |129 14 141 111 4 166 16 112 173 103 68 135 133 164 96 |142 168 167 138 19 20 71 62 128 84 35 93 13 157 51 |165 161 181 42 101 187 104 109 74 110 116 23 9 163 |195 119 200 152 145 65 95 90 50 44 150 175 117 185 15 |124 123 56 115 73 100 108 58 64 149 48 70 11 80 81 |120 45 21 127 18 148 146 29 162 160 169 176 24 33 183 52 |39 102 136 188 192 190 60 79 121 180 77 3 26 75 49 ||7 98 |106 6 |105 122 |191 63 |189 186 92 |174 |143 59 |155 36 ||130 159 27 |97 193 |131 151 47 |83 114 |12 46 |88 78 ||194 10 |139 91 |118 72 |25 54 |32 94 99 |82 89 ||158 132 |87 41 134 |107 37 182 |8 196 |38 179 |126 184 |
13492.47 816644.18
67 26 101 169 149 74 125 153 |71 192 152 19 24 70 197 17 33 183 48 172 2 49 |100 200 190 44 178 136 198 21 156 57 86 5 199 181 35 76 |119 117 4 85 168 126 66 185 157 15 |109 96 166 111 40 120 34 141 14 30 145 113 80 163 |110 165 175 171 173 162 53 193 |60 167 89 54 73 127 131 38 108 144 135 158 164 75 137 |154 16 18 115 50 23 170 98 155 11 104 187 180 140 62 3 31 |146 133 112 102 188 161 142 191 28 129 79 138 132 61 81 |45 97 95 65 69 20 143 176 160 128 84 68 103 42 43 195 55 ||186 83 179 |91 27 189 |90 82 92 72 |121 151 |29 174 41 |37 107 77 |58 106 |105 63 6 |56 |36 ||150 8 |182 114 |25 122 177 |93 10 |87 118 |124 130 ||52 116 |78 39 13 |88 184 |64 46 59 |9 94 ||148 123 |196 194 |51 139 159 |134 99 1 |22 47 7 |12 32 147 |
14541.21 675829.37
96 192 26 31 101 71 169 149 109 74 125 153 |173 152 19 24 70 197 17 33 48 2 172 67 49 |136 200 190 44 178 198 21 156 57 86 5 199 181 35 117 |119 4 85 168 126 66 185 157 15 |167 100 166 111 40 120 34 141 14 30 145 113 80 163 |110 162 171 175 165 76 |183 89 54 73 127 131 38 108 144 135 158 164 75 137 |154 16 18 115 50 23 170 98 155 11 104 187 180 140 62 3 53 |146 133 112 102 118 188 161 142 191 28 129 79 138 132 61 81 |45 97 95 65 69 20 176 160 128 84 68 103 42 6 43 195 55 ||83 105 179 91 |77 151 |107 |27 189 90 82 |121 |41 174 29 |72 37 92 |58 63 |143 |186 56 |36 |193 |122 |106 ||10 182 130 |124 |8 114 |177 87 |150 93 25 ||9 94 46 |59 116 |64 13 |88 39 |78 184 52 |60 ||47 148 196 |12 32 147 |99 7 |134 51 |194 |1 159 123 |139 22 |
14599.94 650420.27
172 144 171 199 76 40 28 30 69 1 61 153 |17 113 98 170 177 66 57 85 156 86 5 154 43 137 22 |34 178 198 55 31 140 197 125 147 53 2 67 |129 14 141 9 111 4 166 16 112 173 103 68 135 133 164 96 |142 168 167 138 19 20 71 62 128 84 35 93 13 157 51 |165 161 181 42 101 187 104 109 74 23 116 110 163 |195 119 200 152 145 65 95 90 50 44 150 175 117 185 15 |124 123 56 115 73 100 108 58 64 149 48 70 11 80 81 |120 45 21 127 18 148 146 29 162 160 169 176 24 33 183 52 |39 102 136 188 192 190 60 79 121 180 77 3 26 75 49 ||106 6 |105 122 |191 63 |186 7 189 |92 174 |143 59 |155 36 ||130 159 27 |97 193 |131 151 47 |83 114 |12 46 |88 78 ||194 10 |139 91 |118 72 |25 54 |32 94 99 |82 89 ||158 132 |87 41 134 |107 37 182 |8 196 |38 179 |126 184 |
13372.76 824918.75
