Time:0
Last Iter:4
Last Update:4
Tabu:0
Last Time0
4
124 189 101 93 119 94 78 73 122 42 70 140 21 113 132 85 |76 4 11 138 36 63 71 108 186 139 45 54 163 161 49 179 180 |59 3 134 10 86 178 5 188 95 99 133 141 22 172 69 |26 109 79 155 43 83 117 153 106 19 15 88 187 6 120 150 112 |82 1 20 174 156 61 27 37 51 184 58 185 52 100 46 38 173 181 |126 193 32 48 143 160 162 149 34 105 107 144 166 123 168 96 17 |28 167 89 158 152 159 13 164 177 47 196 147 110 57 148 104 |199 40 75 118 98 29 165 80 190 62 111 30 74 84 169 175 183 67 |68 176 195 56 151 31 50 130 81 103 171 18 116 12 65 72 35 64 |44 131 25 60 182 9 136 154 41 145 135 24 53 92 66 91 90 ||33 16 |39 137 198 |146 87 ||97 125 77 |23 |142 114 |2 129 |191 |128 8 7 ||157 |194 |102 |115 200 ||192 55 197 |121 |14 |127 170 |
19692.36 1390148.15
119 94 78 73 122 42 70 140 21 150 85 113 132 189 124 |76 4 11 138 36 63 71 108 186 139 45 174 163 161 49 179 180 |59 3 134 10 86 178 5 188 95 99 54 133 141 22 172 69 |26 109 79 155 43 83 117 153 106 19 15 88 187 6 120 112 |82 1 20 156 61 27 37 51 184 58 185 101 52 100 46 38 173 181 |126 193 32 48 143 160 162 149 34 93 105 107 144 166 168 96 17 |28 167 89 158 152 159 13 164 177 196 147 110 57 148 104 |199 40 75 118 98 29 165 80 190 62 111 30 74 84 169 175 183 67 |68 176 195 56 151 31 50 130 81 103 171 18 116 12 65 72 35 64 |44 131 25 60 182 9 136 154 41 145 135 24 53 92 66 91 90 ||47 |33 16 |39 137 198 |146 87 ||97 125 77 |23 |142 114 |191 |128 8 7 ||194 |102 157 |115 200 |2 129 ||123 192 |55 197 |121 |14 |127 170 |
19769.70 1380342.39
85 188 25 156 187 193 169 59 198 106 33 90 98 118 129 |54 163 179 40 78 73 107 28 2 10 43 86 149 162 195 136 124 |143 108 60 132 122 173 96 116 12 38 4 142 57 154 26 |74 152 171 18 17 55 102 19 8 105 93 34 36 165 147 182 189 56 190 |185 148 35 166 92 81 159 126 84 130 21 151 164 82 113 67 112 |127 186 133 88 13 77 157 158 75 167 145 72 117 153 68 64 128 |62 51 95 131 50 161 20 42 15 66 89 24 123 76 134 104 101 52 29 |94 180 22 70 32 140 37 5 79 178 63 9 155 176 58 46 100 80 87 |11 110 71 139 111 45 48 69 103 49 91 168 135 65 119 181 |144 53 3 41 83 138 184 160 109 177 99 27 61 141 6 30 1 150 ||47 146 |194 192 |7 170 ||197 114 |121 191 |125 14 |174 172 ||196 97 |200 39 |16 120 |115 137 ||23 44 |31 199 |175 183 |
19873.61 1200104.05
85 113 132 124 189 21 140 70 42 78 73 94 119 |76 4 11 138 36 63 71 108 186 139 45 54 174 163 161 49 179 180 |69 172 22 141 133 99 95 188 5 178 86 10 134 3 59 |106 19 15 88 187 6 120 112 109 79 155 43 83 117 153 26 |82 1 20 156 61 27 37 51 184 58 185 101 52 100 46 38 173 181 |126 193 32 48 143 160 162 149 34 105 107 144 166 168 96 17 |104 148 93 57 110 147 196 177 164 13 159 152 158 89 75 167 28 118 |199 40 123 98 29 165 80 190 62 111 30 74 84 169 175 183 67 |68 176 195 56 151 31 50 130 81 103 171 18 116 12 65 72 35 64 |44 131 25 60 182 9 136 154 41 145 135 24 53 92 66 91 90 ||192 |47 |33 16 |39 137 198 |146 |150 ||97 125 77 |23 |142 114 |2 129 |191 |128 8 7 ||200 |157 |194 |102 |115 ||87 122 |55 |121 |170 |197 |127 |14 |
19670.22 1440249.15
189 101 93 119 73 78 55 122 42 70 140 21 132 113 85 150 |76 4 11 138 36 63 71 108 186 139 45 163 161 49 179 180 |59 3 134 10 86 178 5 188 95 99 54 191 133 141 22 172 69 |106 19 15 88 187 6 120 112 109 79 155 43 83 117 153 26 |82 1 20 174 156 61 27 37 51 184 58 185 52 100 46 38 173 181 |105 34 149 162 160 143 48 32 193 126 96 168 17 123 166 144 107 |104 148 57 110 147 196 177 164 13 159 152 158 89 75 94 167 28 118 |199 40 98 29 165 80 124 190 62 111 30 74 84 169 175 183 67 |68 176 195 56 151 31 50 130 81 103 171 18 116 12 65 72 35 64 |44 131 25 60 182 9 136 154 41 145 135 24 53 92 66 91 90 ||137 198 |87 47 146 |33 16 39 |192 ||7 128 114 |23 129 |77 97 |125 |2 142 |8 ||194 |102 157 |115 200 ||14 |127 |121 |197 |170 |
19823.04 1360995.91
