Time:0
Last Iter:5
Last Update:5
Tabu:0
Last Time0
5
9 27 13 25 17 19 48 5 46 38 |1 29 39 33 20 35 |50 24 15 12 6 7 2 ||40 28 49 |42 47 |43 44 |3 30 |31 |36 |16 |21 |14 |8 |4 |32 |10 |11 ||22 41 |23 ||37 18 34 |26 45 |
4043.81 60994.66
9 27 13 25 17 19 48 1 5 46 38 |29 39 33 20 35 10 |24 50 15 12 6 7 2 ||44 31 |42 47 49 |43 16 3 |8 |28 |40 |21 |4 |36 ||14 22 30 32 41 |11 23 ||18 26 37 |34 45 |
3984.69 63665.76
9 27 13 25 17 19 48 5 46 38 |1 29 39 33 20 10 |50 24 15 35 12 6 7 2 ||40 28 31 49 |36 42 47 |43 16 8 44 |21 3 4 30 ||14 22 32 41 |11 23 ||18 26 37 |34 45 |
3889.66 70781.44
38 46 5 1 48 19 17 25 13 27 9 8 |29 39 33 20 35 10 |50 24 15 12 6 7 2 ||44 31 42 28 40 |21 47 49 43 |36 16 3 4 ||14 22 30 32 41 |11 23 ||37 34 45 |18 26 |
3805.47 72103.67
46 5 1 48 19 17 25 13 27 9 |29 39 33 20 24 50 |35 15 12 6 7 2 38 40 ||28 31 |49 36 |42 47 |43 16 10 |8 |44 |21 |3 |4 |14 |30 |22 ||32 41 |11 23 ||37 18 34 |26 45 |
4376.85 58749.92
