Time:0
Last Iter:4
Last Update:4
Tabu:0
Last Time0
4
3 34 21 20 41 22 39 12 23 10 |17 42 38 24 5 11 29 33 36 32 49 |19 27 45 47 48 2 16 30 15 35 ||37 13 |31 25 |44 14 28 ||7 40 |9 46 ||26 43 |8 6 |18 1 |50 4 |
9402.37 142337.07
47 29 2 16 34 39 20 22 42 12 23 |24 27 11 3 49 32 35 21 41 17 |8 30 36 48 45 26 19 38 10 ||5 1 |50 44 |15 28 6 |33 13 4 ||9 46 |18 37 ||25 31 |40 7 |43 14 |
9349.35 156378.19
47 29 2 16 8 20 34 39 22 42 12 23 |24 27 11 3 49 35 21 41 17 |32 30 36 48 45 26 19 38 10 ||5 1 |50 44 |15 28 6 |33 13 4 ||9 46 |18 37 ||7 31 |43 14 |40 25 |
9248.75 159344.43
19 17 21 20 41 22 39 12 23 10 |42 38 24 11 29 36 32 49 |3 27 45 47 48 2 16 15 30 9 35 34 ||37 13 |31 25 |44 14 28 |33 |5 ||7 40 46 ||26 43 |8 6 |18 50 |4 1 |
9800.73 134242.62
