Time:0
Last Iter:4
Last Update:4
Tabu:0
Last Time0
4
31 5 6 17 14 40 3 19 12 |39 42 10 43 27 35 50 36 15 |22 9 33 44 4 38 46 ||11 29 |23 32 |37 41 |47 |30 |2 |1 |16 20 |8 |49 |13 |28 |45 |21 ||7 18 |25 26 ||34 24 |48 |
8821.94 102719.38
31 5 6 17 14 40 3 19 12 |35 38 36 50 27 43 10 42 39 |22 9 33 44 4 46 15 ||11 |29 48 |21 32 |37 41 |30 |2 |16 |8 20 |13 |28 |49 |45 |1 |23 ||7 18 |25 26 ||34 24 |47 |
8768.94 109686.43
31 5 6 17 14 40 3 19 12 |42 39 10 43 27 35 50 36 15 |22 9 33 44 4 38 ||11 29 |23 32 |37 |30 |1 |16 20 |45 |49 |28 |21 |46 |47 |13 |24 |8 |2 |7 |41 |34 ||18 |25 26 ||48 |
9285.54 99792.43
12 19 3 40 14 17 6 5 22 31 |39 42 10 43 27 35 50 36 15 |23 9 2 33 13 44 4 38 46 20 ||28 |49 11 |29 48 |41 7 |21 32 |37 |34 47 |30 1 |16 ||18 25 26 |45 ||8 24 |
7840.47 133849.27
