Time:0
Last Iter:5
Last Update:5
Tabu:0
Last Time0
5
35 26 38 9 2 10 45 |37 29 48 15 50 |25 21 18 11 7 ||30 |14 46 |40 |8 |22 12 23 |42 47 |31 |39 |32 16 |41 |6 |27 |44 |28 |43 |19 |4 |49 |34 |33 ||24 |13 |3 |17 |1 ||5 36 |20 |
7552.63 88400.86
10 20 2 9 38 26 25 |15 48 29 37 50 45 |35 21 18 11 7 ||28 43 |14 46 |40 8 |22 12 23 |42 47 |31 |39 |32 16 |41 |6 |44 4 |49 |33 |19 |27 ||24 1 |13 |3 |17 ||5 36 |34 |30 |
7447.44 90853.30
25 38 9 2 10 |15 48 29 37 50 45 |26 35 21 18 11 7 ||30 |40 8 |22 12 23 |42 47 |31 |39 16 |6 44 |28 43 |32 |49 |34 |33 |14 |19 |41 |27 |17 ||24 |13 |3 |1 ||46 |5 36 |20 |4 |
7675.39 87953.57
35 26 38 9 2 10 25 |15 48 29 37 50 45 |21 18 11 7 ||30 |27 8 |22 12 23 |42 47 |31 |39 |32 16 |41 |6 |28 |4 |49 |46 |19 |44 |43 |33 |17 |14 |40 ||24 |13 |3 |1 ||20 |5 36 |34 |
8021.11 84971.92
26 38 24 9 2 10 |15 48 29 37 50 45 |25 35 21 18 11 7 ||14 46 |40 8 |22 12 23 |31 |39 |32 16 |41 |6 44 |28 43 |19 |4 49 |33 |27 |47 |42 |20 ||13 |3 |17 1 ||5 36 |34 |30 |
7256.53 96162.86
