Time:0
Last Iter:4
Last Update:4
Tabu:0
Last Time0
4
41 48 3 29 22 27 20 16 9 23 5 10 33 17 |2 30 26 31 47 13 21 42 40 49 18 15 44 34 |36 6 28 35 39 7 45 19 43 37 25 8 1 11 38 4 ||14 24 ||50 46 |32 12 ||
22040.59 359052.17
10 33 41 48 3 29 22 27 20 16 9 23 17 |5 2 30 26 31 47 13 21 42 40 49 18 15 44 34 |36 6 28 35 39 7 45 19 43 37 25 8 1 11 38 4 ||14 24 ||50 46 |32 12 ||
22004.98 402011.63
17 33 10 5 23 9 16 20 27 22 29 3 48 41 |2 30 26 31 47 13 21 42 40 49 18 15 44 34 |36 6 28 35 39 7 45 19 43 37 25 8 1 11 38 4 ||14 24 ||50 46 |32 12 ||
21944.59 469816.83
41 48 3 29 22 27 20 16 9 23 5 10 33 17 |2 30 4 26 31 47 13 21 42 40 49 15 44 34 |36 6 28 35 39 7 45 18 19 43 37 25 8 1 11 38 ||14 24 ||50 46 |32 12 ||
22264.88 346405.52
