Time:0
Last Iter:2
Last Update:2
Tabu:0
Last Time0
2
52 18 43 16 64 86 36 83 66 1 80 31 40 87 41 2 |89 54 28 58 12 27 95 72 75 49 82 44 90 84 25 26 91 |71 99 11 37 15 77 3 98 47 61 74 35 76 97 78 33 |93 73 96 24 13 22 6 55 51 29 63 39 7 62 48 88 20 ||81 70 38 53 57 |30 94 100 46 |32 67 ||50 5 68 65 59 |10 9 79 92 ||60 69 23 4 45 ||21 14 19 42 56 |8 85 17 34 |
8078.62 280782.68
52 40 31 43 16 18 64 86 89 36 83 66 1 41 93 2 |54 28 58 12 27 95 72 75 49 82 44 90 84 25 26 91 87 |71 99 11 37 15 77 3 98 47 61 74 35 76 97 80 78 33 |73 96 24 13 22 6 55 51 29 63 39 7 62 48 88 20 ||81 70 38 94 53 57 |30 100 46 |67 32 ||50 92 5 68 59 |65 10 9 79 ||60 69 23 4 45 ||21 14 19 42 56 |8 85 17 34 |
8160.71 262788.08
