Time:0
Last Iter:7
Last Update:7
Tabu:0
Last Time0
7
41 76 34 48 79 85 65 73 12 28 99 63 89 91 |27 81 56 84 20 55 3 57 46 17 87 61 72 7 6 86 83 |88 16 95 39 50 24 14 2 51 60 92 23 9 53 80 31 78 67 |22 26 52 59 47 70 32 82 33 45 77 58 71 100 54 21 43 69 1 97 ||35 62 |49 64 |42 |18 8 |98 ||29 30 5 |68 |37 15 |74 ||66 19 94 |4 44 75 ||38 96 |93 13 36 |90 25 10 |40 11 |
15064.23 442797.15
63 67 56 76 80 34 48 7 12 79 85 73 93 28 83 99 |41 45 6 86 72 61 87 17 84 20 46 53 55 3 27 81 91 |60 13 78 35 31 9 23 92 2 14 24 65 50 39 95 25 16 88 |22 26 52 59 47 70 32 82 33 58 71 77 51 100 54 21 43 57 1 97 ||62 |49 64 |42 |18 8 ||29 30 5 |68 66 |37 15 |74 90 |98 ||19 94 |4 89 44 75 ||96 10 |69 36 |38 |11 40 |
14612.77 472281.82
63 76 34 48 7 12 79 85 73 93 28 83 99 |81 6 86 72 61 87 17 84 20 46 55 3 27 41 91 |67 78 35 31 13 60 9 23 92 2 14 24 65 50 39 95 16 88 |22 26 52 59 47 70 32 82 33 45 77 58 71 51 100 54 21 43 57 1 97 56 ||62 |49 64 |42 |18 8 |80 ||29 30 5 |68 66 |37 15 |74 90 |98 ||19 94 |4 89 44 75 |53 ||25 10 |69 |40 36 |96 11 |38 |
15312.96 436297.50
63 67 56 97 76 80 34 48 7 12 79 85 73 93 28 83 99 |41 45 6 86 72 61 87 17 62 84 20 46 53 55 3 27 81 91 |60 13 78 35 31 9 23 92 2 14 24 65 50 39 95 25 16 88 |22 26 52 59 47 70 32 82 33 58 71 77 51 100 54 21 43 57 1 ||49 64 |42 |18 8 ||29 30 5 |68 66 |37 15 |74 90 |98 ||19 94 |4 89 44 75 ||96 10 |69 36 |38 |11 40 |
14530.80 485478.07
32 81 91 78 97 34 54 9 60 62 17 61 85 58 73 12 28 |56 41 52 63 26 19 68 1 76 55 43 46 20 87 11 7 6 |18 57 53 48 77 79 2 72 40 14 24 65 86 39 95 25 82 47 88 |8 50 71 51 23 84 3 35 94 27 67 15 22 59 75 70 16 83 45 99 ||33 64 |49 89 |92 93 ||66 90 |38 100 5 |37 42 ||21 29 |44 4 36 |31 80 ||30 96 98 13 |10 69 |74 |
14487.08 502308.13
52 63 22 34 48 7 12 79 85 90 93 45 28 83 99 |6 39 86 72 61 87 2 17 13 97 84 20 46 55 53 69 3 31 27 74 81 91 67 41 |8 78 35 100 9 23 92 62 60 98 95 50 73 14 65 24 16 88 |51 77 71 58 33 82 32 70 47 59 26 1 76 57 43 21 54 56 ||49 64 |42 |18 80 ||29 30 5 |68 66 |37 15 ||19 94 |4 89 44 75 ||25 10 38 |40 36 |96 11 |
14371.87 504081.81
63 19 76 23 60 48 7 12 79 73 93 83 99 |26 91 81 27 3 55 20 84 17 72 61 87 85 40 86 45 |88 16 65 14 2 6 13 92 9 31 78 56 67 41 |51 77 71 58 50 39 95 28 82 32 70 47 59 52 22 1 35 57 80 69 21 46 54 100 34 97 ||62 |49 64 |42 |18 8 ||98 24 |43 29 |5 68 30 |66 |37 15 |74 90 ||53 89 |33 |75 44 4 |94 ||11 36 |96 38 |10 25 |
15686.21 413918.33
