Time:0
Last Iter:4
Last Update:4
Tabu:0
Last Time0
4
19 15 8 4 18 13 |17 14 2 12 ||6 7 5 |9 16 |3 1 |11 20 |10 ||
8278.93 38493.47
15 8 17 4 |2 14 12 19 18 13 ||6 7 9 |16 3 |1 11 20 ||5 10 |
8170.19 45143.79
17 2 14 12 |19 15 7 8 4 18 ||5 3 |11 13 |1 |9 |10 |20 |6 ||16 |
8662.22 38424.88
17 14 2 12 18 |19 15 8 4 ||5 3 |11 13 |9 |10 |16 |1 |6 ||20 |7 |
8722.50 35644.79
17 8 4 18 |15 19 2 14 12 10 ||5 3 |6 13 |16 |9 |7 |11 |1 ||20 |
8781.97 34701.09
2 14 17 18 |12 19 15 8 4 ||5 3 |11 13 |9 10 1 |6 16 ||7 20 |
8023.66 48341.13
