Time:0
Last Iter:2
Last Update:2
Tabu:0
Last Time0
2
129 57 169 13 90 138 174 98 67 11 96 34 114 197 142 86 200 |49 184 79 151 109 158 139 41 69 92 51 132 125 190 126 172 |113 32 73 131 77 166 24 140 121 62 64 27 167 97 134 141 128 |143 178 81 48 102 194 58 156 19 155 189 112 127 120 118 26 47 147 |122 3 76 159 123 195 160 78 146 135 25 186 16 72 153 130 170 |20 157 5 183 80 179 185 165 43 15 12 177 23 74 137 33 193 |173 111 59 45 154 61 91 89 39 63 70 150 107 100 136 17 71 |14 53 152 148 44 110 101 42 171 85 163 168 188 115 94 50 29 36 |68 54 88 56 106 75 84 119 30 40 9 182 145 196 37 175 83 |22 164 99 7 192 104 95 117 198 65 105 21 2 31 6 191 103 ||55 |38 |87 180 |93 162 |108 ||149 82 |4 |161 |1 133 ||181 176 46 |8 124 116 |10 187 60 |28 ||144 |35 |18 |66 52 |199 |
20087.64 1319310.00
151 57 169 13 90 138 174 98 67 11 96 34 114 197 142 86 200 103 |139 158 109 79 184 49 172 126 190 125 132 51 92 69 41 |113 32 73 35 131 77 166 24 140 121 62 64 27 167 97 134 141 128 |143 178 81 48 102 194 58 156 19 155 189 112 127 120 118 26 47 147 |122 3 76 159 123 195 160 78 146 135 25 186 16 72 153 130 170 |157 5 183 80 179 185 165 43 15 12 177 23 74 129 137 33 193 |173 111 59 45 154 61 91 39 63 70 150 107 100 136 17 71 |14 53 152 148 44 110 101 42 171 85 163 168 188 115 94 50 29 36 |68 54 88 56 106 75 84 119 30 40 9 182 145 196 37 175 83 |144 22 164 20 99 7 192 104 95 4 117 198 65 105 21 2 31 6 191 ||38 |87 180 |55 |89 93 |162 108 ||149 82 |161 |1 133 ||181 116 |60 187 46 |10 28 124 |8 176 ||18 199 |66 52 |
19814.01 1342105.24
86 57 169 13 90 138 174 98 67 11 96 34 114 197 142 200 |49 184 79 151 109 158 139 147 41 69 92 51 132 125 190 126 172 |113 32 73 131 77 166 24 140 121 62 64 27 167 97 134 141 128 |143 178 81 48 102 187 194 58 156 19 155 189 112 127 120 118 26 47 |122 3 76 159 123 195 160 78 146 135 25 186 16 72 153 130 170 |20 157 5 183 80 179 185 165 43 15 12 177 23 74 129 137 33 193 |173 111 59 45 154 61 91 39 63 70 150 107 100 136 17 71 |14 53 36 29 50 94 115 188 168 163 85 171 42 101 110 44 148 152 |68 54 88 56 106 75 84 119 30 40 9 182 145 196 149 37 83 |22 164 99 7 192 104 95 117 198 65 105 21 2 31 6 191 103 ||38 |87 180 |55 |89 93 |162 108 ||175 82 |4 |161 |1 133 ||181 116 |8 60 |28 124 46 |10 176 ||66 144 |35 199 |18 52 |
20286.23 1304923.27
