Time:0
Last Iter:2
Last Update:2
Tabu:0
Last Time0
2
153 3 112 99 22 130 64 63 190 117 199 164 107 78 100 152 10 102 |170 66 84 183 122 70 47 160 67 114 45 4 188 2 144 |125 193 91 19 31 140 138 85 200 62 90 79 93 82 57 182 196 119 96 |35 118 76 103 173 111 181 101 197 189 191 165 11 12 |159 142 158 136 83 65 161 113 162 60 115 145 131 42 110 116 95 27 104 61 146 179 124 |156 29 21 185 9 141 32 5 163 46 106 127 198 168 121 129 |74 18 20 26 98 186 89 128 151 175 120 148 133 51 8 23 132 71 14 |92 33 52 68 134 40 108 167 55 94 171 72 24 17 44 1 86 28 54 |36 7 69 80 37 77 187 150 172 177 166 43 126 149 180 97 34 184 194 |25 6 73 178 123 157 15 38 81 87 48 192 59 174 75 139 137 105 41 58 53 143 154 ||169 88 |50 ||155 176 |109 |195 30 ||13 135 |16 49 ||56 39 147 |
24868.06 1661718.80
40 72 165 81 44 138 22 90 85 47 86 91 88 54 102 12 |95 87 150 114 141 4 146 23 61 196 133 116 127 125 151 168 159 144 |171 169 67 71 200 130 9 57 8 173 111 34 107 194 147 63 |51 79 153 158 17 186 7 193 113 58 106 184 145 121 156 |192 5 55 154 120 101 16 96 126 119 185 166 123 15 31 19 1 25 |100 48 20 83 94 89 128 189 181 180 27 21 103 82 33 118 172 132 2 |139 6 131 42 170 115 60 46 69 75 183 37 77 70 142 187 112 99 62 |129 13 124 38 35 45 157 104 149 195 73 97 162 105 137 191 84 50 |11 160 140 65 32 161 59 152 66 167 53 78 197 134 199 182 52 93 76 190 |163 3 29 92 177 178 68 43 164 198 110 148 175 41 98 24 80 136 26 174 ||49 109 |122 135 |74 |36 |108 ||117 188 |28 |155 ||179 64 |18 14 ||56 |143 30 |10 176 |39 |
25435.28 1624639.23
40 72 171 163 81 44 138 22 90 85 47 86 91 88 54 102 12 |87 150 114 141 4 146 23 61 196 133 116 120 125 151 194 159 144 2 |139 169 67 71 200 25 130 9 57 8 173 111 34 107 168 147 63 |190 95 51 79 153 158 17 186 7 193 113 58 106 184 145 121 156 |192 5 165 55 154 108 127 101 16 96 126 119 185 166 123 15 31 19 1 |100 48 20 83 94 89 128 189 181 180 27 21 103 82 33 118 132 172 13 |129 6 131 42 170 115 60 46 69 75 183 37 77 142 187 112 99 62 |38 35 45 157 124 104 149 195 73 97 162 105 137 191 84 50 |11 160 140 65 32 161 59 152 66 167 53 78 197 134 199 182 52 93 76 |3 29 92 177 178 68 43 164 198 110 148 175 41 98 24 80 136 26 174 ||49 109 |122 135 |74 |36 ||117 188 |28 |155 ||70 |179 64 |18 14 ||30 10 |39 176 |56 |143 |
24766.02 1710334.58
