Time:0
Last Iter:4
Last Update:4
Tabu:0
Last Time0
4
36 133 123 82 8 47 134 200 137 102 |4 118 66 99 152 32 69 18 39 9 153 138 97 95 |117 11 15 19 159 78 177 91 26 42 131 104 |150 147 174 161 109 79 182 83 115 40 90 76 163 145 22 169 |165 140 188 12 50 195 156 70 110 185 29 |44 187 183 87 168 141 45 162 51 20 62 151 16 3 173 |122 24 129 116 98 119 111 23 31 178 61 10 113 41 121 146 85 |59 184 101 86 190 58 105 194 71 189 92 114 158 125 27 |176 84 96 172 68 155 48 14 64 88 81 46 107 126 108 60 142 196 |164 193 157 130 198 55 112 30 73 63 28 93 132 ||127 67 |181 100 |72 149 |180 53 6 |2 143 |186 191 |197 5 |136 25 |124 1 ||37 179 75 |106 |56 65 74 |34 54 38 |13 89 199 |21 |192 167 ||154 144 |49 |94 80 |77 33 |120 166 |7 52 |171 ||17 139 |170 135 |43 |57 35 |175 148 |160 128 |103 |
13071.32 777881.25
26 36 133 197 4 123 82 8 47 134 200 137 102 |196 99 66 32 69 39 9 153 138 42 95 97 |117 11 15 81 19 159 78 177 91 131 104 |150 147 174 161 109 79 182 83 115 40 90 76 163 145 22 169 |165 140 188 50 195 156 70 110 185 45 118 29 |18 187 44 183 87 168 141 162 51 20 62 151 16 3 192 173 |116 129 24 122 85 146 121 41 113 10 61 178 31 23 111 119 98 |59 184 101 86 190 58 105 194 71 189 92 114 158 125 27 |176 84 96 172 68 155 48 55 14 88 107 126 108 60 142 |164 73 63 28 93 132 157 130 198 43 112 193 30 ||127 67 |124 64 |1 100 |72 149 |180 53 6 |2 143 |186 191 |152 5 |136 25 181 ||37 179 75 |106 |56 65 74 |34 54 38 |13 89 199 167 ||21 |144 49 |94 80 |77 33 |154 46 |120 166 |7 52 |171 ||12 175 |17 148 |128 |103 160 |135 170 57 |139 35 |
13291.85 768529.58
4 102 137 200 134 47 82 133 144 123 36 169 |196 118 66 99 152 32 69 18 39 9 153 138 97 95 |117 11 15 19 159 78 177 26 43 91 131 104 |150 147 174 161 109 79 182 83 115 40 90 76 163 145 22 |42 165 140 50 195 156 70 110 185 29 |44 187 183 87 168 141 45 162 51 20 62 151 16 3 192 173 |116 129 24 122 85 146 121 41 113 10 61 178 31 23 111 119 98 |59 184 101 86 190 58 105 194 71 189 92 114 158 125 27 |176 84 96 172 68 155 48 55 14 88 46 107 126 108 60 142 |164 73 63 28 93 132 157 130 198 112 193 30 ||64 53 6 |127 67 |181 100 |72 149 |180 143 |186 191 |197 5 |136 25 |124 1 |8 ||188 81 |167 37 |179 75 |106 |56 65 74 |34 54 38 |13 89 199 |21 ||49 154 |94 80 |77 33 |120 166 |7 52 |171 |2 ||12 160 |17 139 |135 170 57 |103 35 |175 128 |148 |
13354.88 759335.93
4 102 137 200 134 82 8 47 123 133 36 169 |196 118 66 99 152 32 69 39 9 153 138 97 95 |117 11 15 19 159 78 177 91 26 42 131 104 |150 147 174 161 109 79 182 83 115 40 90 76 163 145 22 |165 140 188 12 50 195 156 70 110 185 29 |18 187 44 183 87 168 141 45 162 51 20 62 151 16 3 173 |116 129 24 122 85 146 121 41 113 10 61 178 31 23 111 119 98 |59 184 101 86 190 58 105 194 71 189 92 114 175 158 125 27 |176 84 96 172 68 155 48 55 14 88 81 107 126 108 60 142 |164 73 63 28 93 132 157 130 198 112 193 30 ||127 67 |181 100 |72 149 |180 53 6 |2 143 |186 191 |197 5 |136 25 |124 1 |64 ||37 179 75 |106 |56 65 74 |34 54 38 |13 89 199 |21 |192 167 ||46 171 |33 |144 49 |94 80 |77 52 |154 166 |7 120 ||17 |170 139 |43 |103 57 |160 35 128 |135 148 |
13349.59 764755.36
4 102 137 200 134 47 8 82 123 133 36 169 |18 138 153 9 39 69 32 152 99 66 118 196 97 95 |117 11 15 19 159 78 177 26 91 131 104 |150 145 163 76 90 40 115 182 79 109 161 174 147 83 22 |165 140 188 50 195 156 70 110 185 29 |187 44 183 87 168 141 45 162 51 20 62 151 16 3 173 |116 129 24 122 85 146 121 41 113 10 61 178 31 23 111 119 98 42 |189 194 105 58 190 86 101 184 59 125 158 114 92 71 27 |176 84 96 172 68 155 48 55 14 88 81 46 107 126 108 60 142 |164 73 63 28 93 132 157 130 198 112 193 30 ||127 67 |181 100 |192 167 |72 149 |180 53 6 |2 143 |186 191 |197 5 |136 25 |124 |1 |64 ||37 179 75 |106 |56 65 |74 34 |54 38 13 |89 199 |21 ||154 144 |49 |94 80 |77 33 |120 166 |7 52 |171 ||17 139 |170 135 |43 |57 35 |175 148 |160 128 |103 |12 |
13406.83 735755.91
102 137 200 134 47 8 82 133 4 123 169 36 |196 118 66 99 152 32 69 18 39 9 153 138 97 95 |131 104 42 26 91 177 78 159 19 15 11 117 |150 147 174 161 109 79 182 83 115 40 90 76 163 145 22 |165 140 188 12 50 195 156 70 171 110 185 29 |44 187 183 87 168 141 45 162 51 20 62 151 16 3 173 |122 24 129 116 119 111 23 31 178 61 10 113 41 121 146 85 |59 184 101 86 190 58 105 194 71 189 92 114 158 125 27 |176 84 96 172 155 48 55 14 88 81 46 107 126 108 60 142 |164 73 63 28 93 132 157 130 100 68 198 112 193 30 ||124 64 |127 67 |192 167 |72 149 |180 53 6 |2 143 |186 191 |197 5 |136 25 181 |98 ||37 179 75 |106 |56 65 74 |34 54 38 |13 89 199 |21 |1 ||144 49 |94 80 |77 33 |154 120 166 |7 52 ||17 |128 |103 160 |170 135 |43 |57 35 |175 148 |139 |
12831.92 828501.39
