Time:0
Last Iter:5
Last Update:5
Tabu:0
Last Time0
5
7 12 3 26 29 48 16 30 8 34 17 |23 19 27 45 50 28 36 21 20 22 39 |41 42 10 38 24 5 11 47 2 33 35 32 49 ||9 6 |25 31 46 |1 18 |15 ||37 4 ||14 40 |44 13 43 |
11750.71 178375.85
25 17 43 3 47 36 35 21 22 12 23 |10 38 24 27 11 2 16 20 41 14 39 32 49 |42 40 19 5 26 45 29 48 33 30 8 34 ||4 28 |7 46 |44 6 |50 |1 ||9 15 |37 ||31 13 |18 |
11684.06 186584.70
17 34 9 30 36 16 48 29 3 24 23 |12 7 19 27 45 50 28 21 13 20 22 39 |41 42 10 38 5 26 11 47 2 33 35 32 49 ||37 46 |1 18 |15 6 |25 31 ||8 4 ||44 43 |40 14 |
11585.78 199410.79
12 24 3 16 48 34 37 39 17 |27 19 38 28 36 15 30 20 22 23 10 |29 42 41 21 35 2 45 26 5 11 47 32 49 ||7 31 46 |1 18 |25 |50 |6 |4 |44 ||8 33 |9 43 ||40 14 |13 |
12886.87 176463.50
42 18 22 14 39 34 8 30 16 48 29 3 24 |12 23 19 27 26 45 50 28 36 21 20 17 |10 38 5 11 47 2 33 35 41 44 6 32 49 ||4 1 |37 |25 ||7 46 |9 15 ||31 13 |40 43 |
11280.73 223763.39
