Time:0
Last Iter:4
Last Update:4
Tabu:0
Last Time0
4
87 196 85 70 160 170 188 64 47 130 120 51 |162 99 104 69 171 57 181 106 147 63 173 144 |105 24 150 97 8 133 107 92 143 117 |186 58 153 129 108 154 119 138 50 9 184 169 |195 179 189 159 155 93 74 88 27 22 82 38 80 96 37 135 26 |40 53 45 131 72 10 25 1 20 7 166 2 114 18 46 115 |116 128 12 81 23 172 126 198 65 98 34 180 39 142 200 59 177 14 |199 6 31 194 156 185 56 145 19 161 43 163 83 44 54 |95 157 5 79 86 192 75 168 141 11 28 134 90 62 68 190 |33 149 175 110 152 76 132 158 60 35 102 122 139 41 164 ||176 174 111 |109 193 123 |183 77 |48 15 |178 146 |49 73 52 |148 |136 |42 |113 ||89 84 32 |91 182 |167 100 |187 30 |101 140 ||17 66 3 55 112 |151 71 127 4 |29 16 |118 124 |191 36 94 ||103 67 61 |21 121 197 |137 125 78 |13 165 |
14070.88 825818.17
26 196 85 160 170 1 188 64 47 130 87 144 |173 63 106 181 57 171 69 70 104 99 51 |120 92 159 162 117 105 24 109 150 55 97 8 133 |148 186 58 153 129 108 119 138 50 9 184 83 169 |195 136 179 189 155 42 93 74 88 27 22 82 38 80 96 37 135 |40 103 115 46 18 114 2 166 7 20 72 113 131 45 53 10 25 |116 128 12 81 23 172 126 198 65 98 34 180 142 200 59 177 14 107 |199 6 67 31 194 156 185 56 145 19 161 43 163 44 54 |95 157 5 79 86 192 75 48 168 141 11 28 134 90 62 68 190 |33 149 175 110 61 152 76 132 158 35 102 122 139 41 164 ||143 147 183 111 |77 15 |193 123 |178 146 |13 165 |73 49 176 |174 52 ||89 84 32 |91 182 |167 100 |187 30 |101 140 ||66 191 17 |71 127 4 |3 112 151 |29 16 |118 124 |39 94 ||36 60 |21 121 |125 197 |154 137 |78 |
14589.97 816621.22
162 159 130 47 64 188 170 160 196 26 144 87 51 |173 63 106 181 57 171 69 70 104 1 99 105 |24 133 150 55 97 8 143 117 92 120 |148 85 186 58 153 129 108 119 138 50 9 184 169 |195 136 179 189 155 42 93 74 88 27 22 82 38 80 37 135 |40 103 115 46 18 114 2 166 7 20 72 113 131 45 53 10 25 |116 128 12 81 23 172 126 198 65 98 34 180 142 200 59 177 14 107 |199 6 67 31 194 156 185 56 145 19 161 43 163 83 44 54 |95 157 5 79 86 192 75 48 168 141 11 28 134 90 62 68 190 |33 149 175 110 152 76 132 158 35 102 122 139 41 164 ||73 49 176 |147 183 111 |77 15 |193 123 |178 146 |165 109 13 |174 52 ||89 84 32 |91 182 |167 100 |187 30 |101 140 ||96 3 |36 191 66 17 |71 127 4 |112 151 |29 16 |118 124 |39 94 ||78 |60 21 121 |125 197 |61 |154 137 |
14589.43 823243.26
85 159 130 47 64 188 170 160 196 26 144 87 |173 63 106 181 57 171 69 70 104 99 51 |162 24 105 133 150 55 97 8 143 117 92 120 |148 186 58 153 129 108 119 138 50 9 184 169 |195 136 179 189 155 42 93 74 88 27 22 82 38 80 96 37 135 |40 103 115 46 18 114 2 166 7 20 1 72 113 131 45 53 10 25 |116 128 12 81 23 172 126 198 65 98 34 180 142 200 59 177 14 107 |199 6 67 31 194 156 185 56 145 19 161 43 163 83 44 54 |95 157 5 79 86 192 75 48 168 141 11 28 134 90 62 68 190 |33 149 175 110 152 76 132 158 35 102 122 139 41 164 ||147 183 111 |77 15 |193 123 |178 146 |13 165 |73 49 176 |109 |174 |52 ||89 84 32 |91 182 |167 100 |187 30 |101 140 ||36 191 66 17 |71 127 4 |3 112 151 |29 16 |118 124 |39 94 ||60 21 121 |125 197 |61 |154 137 |78 |
14621.52 816449.05
130 159 196 85 70 160 170 188 64 87 144 |51 99 26 104 69 171 57 181 106 147 63 173 47 |105 24 133 150 97 8 107 92 143 162 117 120 |186 58 153 129 108 154 119 138 50 9 184 169 |135 37 96 80 38 82 22 27 88 74 93 42 155 189 179 136 195 |40 53 45 131 25 10 72 1 20 7 166 2 114 18 46 115 |116 128 12 81 23 172 126 198 65 98 34 180 142 200 59 177 14 |199 6 67 31 194 156 185 56 145 19 161 43 163 83 44 54 |190 68 62 90 134 28 11 141 168 48 75 192 86 79 5 157 95 |33 149 175 110 152 76 132 158 60 35 102 122 139 41 164 ||148 113 |176 174 111 |109 193 123 |183 77 |178 146 |49 73 52 |13 ||89 84 32 |91 182 |167 100 |187 30 |101 140 |15 ||39 17 |3 66 55 112 |151 71 127 4 |29 16 |118 124 |191 36 94 ||103 |61 21 121 197 |137 125 78 |165 |
13678.12 932623.60
