Time:0
Last Iter:5
Last Update:5
Tabu:0
Last Time0
5
16 74 14 100 91 93 41 23 42 2 43 58 92 89 81 37 69 21 86 50 80 |82 26 49 1 85 38 8 33 83 19 11 72 70 87 68 13 90 77 46 47 29 28 |36 66 31 65 88 12 98 60 25 3 76 75 97 24 94 40 32 27 73 44 53 62 |55 95 7 35 51 52 54 34 5 57 67 6 78 20 9 56 61 84 10 63 96 79 17 ||45 |64 ||30 |99 |39 |15 ||18 |4 |71 ||59 |22 48 |
24341.67 937192.78
86 21 69 37 81 92 89 43 58 2 42 23 41 93 91 100 14 74 16 |49 18 1 85 38 8 33 83 19 11 72 70 87 68 13 90 77 46 47 29 39 28 80 |50 36 64 66 31 65 88 12 98 60 25 3 76 75 97 24 94 40 32 27 73 44 53 62 |55 95 7 35 51 52 54 34 5 57 67 6 78 20 9 56 61 84 10 63 96 79 17 ||45 |82 |26 ||30 |99 |15 ||4 |71 ||59 |22 48 |
24226.17 945625.61
60 25 96 86 11 61 69 31 66 20 92 8 2 42 27 54 5 75 76 28 17 |49 24 51 52 32 40 73 6 58 38 78 9 37 21 50 63 98 79 29 39 80 |43 33 83 19 84 72 88 65 68 13 12 77 14 100 91 99 59 3 7 35 57 55 |48 36 81 10 87 70 56 89 85 44 53 23 34 94 41 47 93 46 74 90 ||15 |16 |64 ||67 |26 |4 62 ||97 95 |1 18 |45 ||71 |82 |22 |30 |
24978.74 864146.51
80 16 74 14 100 91 93 41 23 42 58 43 89 92 64 81 37 69 21 86 50 49 |82 26 18 1 85 38 8 33 83 19 11 72 70 87 68 13 90 77 46 47 29 39 28 |36 66 31 65 88 12 98 60 25 3 76 75 53 97 24 94 32 27 40 44 73 2 62 |55 7 35 51 52 54 34 5 57 67 6 78 20 9 56 61 84 10 63 96 79 17 ||95 45 ||30 |99 |15 ||71 |4 ||48 22 |59 |
24219.66 958778.01
60 96 86 11 61 69 31 66 20 92 8 2 42 27 54 5 53 75 76 28 17 25 |73 40 32 52 24 51 29 79 98 63 50 21 37 9 78 6 58 38 49 48 |43 33 83 19 84 72 88 65 68 13 12 77 14 100 91 99 3 39 7 35 57 97 55 |36 81 26 10 87 70 56 89 85 67 44 23 34 94 41 47 93 46 74 90 80 ||59 |16 |64 ||62 4 |15 ||95 45 |1 18 ||82 30 |22 71 |
25112.18 817321.80
