Time:0
Last Iter:6
Last Update:6
Tabu:0
Last Time0
6
10 60 13 83 48 66 43 99 38 7 47 4 77 19 26 85 80 50 |95 6 69 75 63 94 37 41 54 97 96 53 49 34 27 51 29 39 59 78 71 |28 23 24 14 42 93 16 25 81 3 15 1 89 11 32 56 68 44 92 8 |98 12 73 65 82 46 67 62 36 70 58 84 79 55 76 86 100 61 ||88 |57 |18 |45 |17 72 |91 ||31 |74 |9 2 |33 |52 |64 20 ||22 87 |21 |35 |5 ||40 |30 90 |
18912.12 606650.40
50 80 85 26 19 77 4 47 7 38 99 43 10 60 48 83 33 13 |95 6 69 75 63 94 37 41 54 97 96 44 53 34 27 51 29 39 59 78 |28 23 24 14 62 42 93 16 81 3 15 1 71 89 11 32 56 68 92 8 |98 12 73 66 65 82 46 67 36 70 58 84 79 55 76 61 100 86 ||88 |57 |18 |45 |17 72 |87 ||31 |74 |9 2 |52 |64 20 ||22 35 |5 21 |91 ||25 |30 |49 |90 40 |
18741.92 620039.99
13 33 83 48 66 60 10 43 99 38 7 47 4 77 19 26 85 80 50 |95 6 69 75 63 94 37 41 54 97 96 53 34 27 51 29 39 59 78 |28 23 24 14 62 42 93 16 81 3 15 1 89 11 32 56 68 44 92 8 |71 98 12 73 65 82 46 67 36 70 58 84 79 55 76 86 100 61 ||88 |57 |18 |45 |17 72 |91 ||31 |74 |9 2 |52 |64 20 ||22 87 |21 |35 |5 ||30 90 |25 |40 |49 |
18859.95 617241.45
13 33 83 50 80 85 26 19 77 4 47 7 38 99 43 60 10 71 |95 66 69 6 75 63 94 37 41 54 97 96 53 34 27 51 29 39 59 78 |28 23 24 14 42 93 48 16 25 81 3 15 1 89 11 32 56 68 44 92 8 |98 12 74 73 65 82 46 67 62 36 70 58 84 79 55 76 86 100 61 ||88 |57 |18 |45 |17 72 |91 ||64 20 31 |9 2 |52 ||22 87 |21 5 |35 ||90 30 |49 |40 |
19343.20 605811.03
13 83 48 66 60 10 43 99 38 7 47 4 77 19 26 85 80 50 |95 6 69 75 63 94 37 41 54 97 96 53 34 27 51 29 39 59 78 |28 23 24 14 42 93 16 81 3 15 1 71 89 11 32 56 68 44 92 8 |98 12 73 65 82 46 67 62 36 70 58 84 79 55 76 86 100 61 ||88 |57 |18 |45 |17 72 |91 ||31 |74 |9 2 |33 |52 |64 20 ||22 87 |21 |35 |5 ||30 |90 |25 |40 |49 |
19370.40 590869.25
13 83 48 66 60 10 43 99 38 7 47 4 77 19 26 85 80 50 |95 6 69 2 75 63 94 37 41 54 97 96 53 49 34 27 51 29 39 59 78 |92 8 44 68 56 32 11 89 1 15 3 81 25 16 93 42 62 14 24 23 28 |71 98 12 73 65 82 46 67 36 70 58 84 79 55 76 86 100 61 ||88 |57 |18 |45 |17 72 |91 74 ||31 9 |33 |52 |64 20 ||22 87 |21 |35 |5 ||30 |90 |40 |
18682.33 659690.56
