Time:0
Last Iter:3
Last Update:3
Tabu:0
Last Time0
3
43 79 57 90 91 94 31 95 99 32 2 28 18 14 53 12 83 29 |4 55 21 54 56 66 87 80 92 59 64 30 81 33 52 69 |84 100 45 76 46 36 34 44 35 10 19 15 73 5 47 1 |98 89 82 62 37 72 26 38 70 13 8 23 85 86 88 6 ||58 40 |75 51 |63 97 |17 78 ||41 |22 24 |67 93 42 74 |16 68 ||7 49 |25 |3 60 |61 48 |27 39 ||50 71 96 |77 65 20 |11 |9 |
13430.54 441803.81
43 91 90 57 71 46 29 25 83 12 53 14 18 28 2 32 99 95 31 |21 86 55 7 49 54 56 66 87 80 92 59 64 30 33 52 69 |1 47 5 73 15 19 10 35 44 34 36 48 84 100 76 45 79 |98 89 82 62 37 72 26 38 70 13 8 81 23 85 88 6 ||58 40 |75 51 |63 |11 78 |97 17 ||22 24 |67 4 |74 93 16 |68 |41 ||60 42 |94 9 |3 39 |27 61 ||50 20 77 |65 96 |
13369.09 477554.44
31 95 32 2 28 18 14 53 12 83 29 57 90 91 43 84 |4 55 21 54 56 66 87 80 92 59 64 30 81 33 11 52 69 |79 45 94 76 100 46 36 34 44 35 10 19 15 73 5 47 1 |98 89 82 62 37 72 26 38 70 13 8 23 85 86 88 6 ||58 40 |75 51 |63 97 |17 78 ||99 41 |22 24 |67 93 42 74 |16 68 ||7 49 |25 3 |60 61 |48 |27 39 ||9 71 50 |96 77 |65 20 |
13487.18 426097.29
