Time:0
Last Iter:2
Last Update:2
Tabu:0
Last Time0
2
55 15 94 97 71 21 63 95 45 68 77 59 60 39 25 58 66 88 43 57 |80 27 96 32 17 93 23 70 85 4 73 13 29 26 67 33 53 98 9 100 2 16 |8 86 69 47 31 61 90 35 5 82 42 52 41 11 72 36 62 20 28 51 91 56 87 38 |49 65 75 84 81 3 78 83 46 44 22 24 48 7 64 50 40 18 89 6 37 19 79 34 |||12 92 ||1 99 |14 54 |76 74 ||30 10 |
21186.74 772218.76
88 58 25 39 60 59 77 68 45 95 63 21 71 97 94 15 55 49 |57 80 27 96 32 17 93 23 70 85 4 73 13 29 26 67 43 33 66 98 9 100 2 16 |8 86 69 47 31 61 90 35 5 82 42 52 41 11 72 36 62 20 28 51 91 56 38 |65 75 84 81 3 78 83 53 46 44 22 24 48 7 64 50 40 18 89 6 37 19 79 34 |||12 92 87 ||14 54 74 |76 1 99 ||10 30 |
21052.04 783148.29
