Time:0
Last Iter:2
Last Update:2
Tabu:0
Last Time0
2
71 55 93 29 13 76 8 69 16 72 58 40 82 51 89 7 98 |81 42 44 30 52 1 48 36 83 100 61 43 56 80 66 73 |14 70 2 25 67 96 27 60 92 3 78 97 17 31 45 6 |47 64 33 62 11 88 24 4 46 34 38 22 37 10 79 75 95 9 ||65 87 77 49 39 |57 54 15 20 |12 26 63 32 5 |68 74 28 ||84 94 23 86 18 |53 85 ||99 19 35 41 |90 59 91 ||21 50 |
8296.33 274759.70
89 55 46 22 61 45 58 3 27 11 88 24 76 8 69 81 39 |66 43 2 83 37 40 92 23 44 33 96 47 63 82 75 71 7 |56 36 20 13 48 4 67 72 94 21 49 60 78 97 31 86 9 |80 29 25 1 52 16 30 42 41 98 95 10 38 70 34 14 93 73 ||12 74 85 32 |91 84 28 90 79 |51 26 50 100 65 19 ||54 15 5 35 53 ||17 77 99 |87 18 ||59 64 6 |57 62 68 |
8161.35 302934.70
