Time:0
Last Iter:3
Last Update:3
Tabu:0
Last Time0
3
88 17 53 57 9 26 78 38 32 18 62 22 |56 45 52 94 15 73 1 7 8 33 67 11 68 19 64 |86 4 84 14 48 21 77 90 23 92 30 37 96 60 31 |72 12 54 66 5 24 29 59 41 46 82 80 10 ||49 99 40 |97 93 3 27 |6 75 63 70 |35 69 55 25 76 |65 89 16 87 ||51 81 85 58 98 50 100 |71 28 36 ||47 44 83 |42 61 2 79 34 ||43 20 39 |91 74 95 13 |
7925.33 219174.97
62 18 32 38 78 26 9 57 53 17 88 |56 45 52 94 15 73 1 7 33 8 67 11 68 19 64 |21 86 22 99 84 4 14 48 77 90 23 92 30 37 96 60 31 |72 12 54 66 5 24 29 59 41 46 82 80 10 ||27 93 63 75 6 |70 35 69 |76 61 42 2 79 |40 |89 |65 |87 |97 |49 |16 |3 |55 |25 |34 ||36 28 85 |98 58 51 71 100 |81 50 ||83 44 47 ||43 74 39 |91 95 13 20 |
8447.86 215824.92
62 22 18 26 78 9 57 53 17 88 38 32 |7 1 73 15 94 52 45 56 85 33 8 67 11 68 19 64 |99 84 86 4 14 48 21 77 90 23 92 30 37 96 60 31 |82 59 41 46 72 12 54 66 5 24 29 80 10 ||16 89 49 |70 55 25 |63 61 42 79 69 34 |2 6 75 97 |65 93 40 87 |35 ||81 28 71 100 |51 58 98 50 36 ||47 44 83 |27 3 76 ||91 74 95 39 |20 13 43 |
7533.51 239767.11
