Time:0
Last Iter:3
Last Update:3
Tabu:0
Last Time0
3
167 153 148 176 133 81 4 30 118 16 188 200 104 46 173 44 114 110 |25 129 82 50 187 195 144 58 172 170 60 134 97 |122 193 64 175 111 150 183 80 132 146 156 9 103 164 75 143 |73 194 131 12 113 119 94 28 108 98 198 85 57 197 105 196 84 15 63 |39 174 93 96 186 162 11 107 130 180 10 199 7 43 |5 140 24 100 83 51 74 185 102 6 163 117 124 23 42 137 45 1 116 56 49 |91 152 32 62 21 34 168 53 127 54 87 160 149 138 19 92 61 55 191 20 126 |40 3 154 66 47 36 77 179 8 99 13 192 41 145 33 67 22 123 |38 52 157 106 184 115 112 59 79 95 14 169 26 139 89 181 35 135 78 109 27 69 |190 158 147 18 101 155 121 37 171 189 136 48 166 125 159 151 76 90 141 68 ||31 182 |17 88 |71 |120 ||178 65 161 |72 86 ||29 142 ||165 128 2 |70 177 |
25250.95 1506646.46
189 58 157 87 132 138 164 94 145 90 93 198 129 162 88 109 15 126 153 |95 148 9 28 186 96 85 159 192 185 10 120 168 170 39 23 |11 100 19 14 101 184 175 154 172 47 77 38 30 1 56 200 43 |66 42 118 136 74 51 197 107 41 143 156 147 18 167 79 155 183 171 80 |84 196 125 91 76 135 141 108 55 113 158 160 140 5 22 26 115 70 |44 32 8 48 60 4 111 131 121 112 25 119 190 67 35 73 24 146 40 |97 103 75 63 152 13 50 187 166 117 36 124 194 37 72 86 |57 68 174 149 133 59 150 106 127 163 34 188 104 134 178 3 |110 123 54 169 176 33 83 151 82 130 102 199 195 16 144 137 45 116 193 |20 78 98 181 89 139 92 61 12 122 81 64 52 53 179 7 180 21 6 ||46 173 |161 65 |31 |128 |191 ||17 |2 29 |69 |62 ||182 |165 |27 |142 ||71 |99 105 |177 49 |114 |
24467.91 1645579.55
189 58 157 87 132 138 164 94 145 90 93 198 129 162 88 109 15 126 |95 148 9 28 186 96 85 159 192 185 10 120 168 170 39 23 |11 100 19 14 101 184 175 154 172 47 77 38 30 1 56 200 43 |66 42 118 136 74 51 197 107 41 143 156 147 18 167 79 155 183 171 80 |84 196 125 91 76 135 141 108 55 113 158 160 140 5 22 26 115 70 |44 32 8 48 60 4 111 131 121 112 25 119 190 67 35 73 24 146 40 |97 37 194 124 36 117 166 187 50 13 152 63 75 103 72 86 |3 106 150 59 133 149 174 68 57 104 188 34 163 127 178 134 |110 123 54 169 176 33 83 151 82 130 102 199 195 16 144 137 45 116 193 |20 153 78 98 181 89 139 92 61 12 122 81 64 52 53 179 7 180 21 6 ||46 173 |161 65 |31 |128 |191 ||17 |2 29 |69 |62 ||182 |165 |27 |142 ||71 |99 105 |177 49 |114 |
24306.79 1707990.34
200 184 87 132 138 28 94 145 90 93 198 129 162 15 153 |96 39 66 170 168 10 185 159 85 11 76 100 186 108 55 |189 19 14 101 157 175 154 47 172 58 77 38 30 1 56 |192 136 51 91 197 107 41 156 147 18 148 167 79 155 183 171 110 |125 95 135 141 9 164 113 158 160 140 5 80 22 26 115 70 |44 32 8 48 60 4 111 131 121 112 25 119 190 67 35 73 24 146 40 |86 72 37 194 23 124 36 118 117 166 187 13 152 109 88 103 75 63 143 97 |50 57 68 174 149 133 59 150 106 127 163 34 188 104 134 178 3 |123 54 169 176 33 83 151 82 130 102 199 195 16 144 137 45 116 193 43 |6 7 179 53 52 64 81 122 12 71 61 92 139 89 181 98 78 21 74 180 62 196 84 ||46 173 |128 |191 |126 31 |120 |17 |42 ||2 29 |69 |20 ||65 27 182 |165 142 |161 ||114 99 |177 49 |105 |
25667.66 1499520.32
