Time:0
Last Iter:4
Last Update:4
Tabu:0
Last Time0
4
8 38 10 32 49 24 18 20 43 9 48 22 31 |39 2 5 6 34 37 36 47 45 44 26 16 4 27 |30 12 19 41 1 17 23 14 46 11 15 33 29 ||42 40 ||13 7 |50 21 ||3 28 |35 25 |
16761.51 287031.98
7 25 29 42 16 26 45 44 14 24 43 48 22 31 |30 5 9 20 39 4 17 8 23 32 10 36 19 |12 37 38 47 49 46 11 27 15 40 18 2 33 ||3 28 |21 ||41 34 |6 50 ||35 13 1 |
16555.44 304990.92
31 22 48 9 18 24 8 38 10 32 23 29 |39 2 43 5 6 34 36 45 44 26 16 4 |27 33 20 15 40 11 46 14 17 41 19 12 37 30 ||49 42 ||7 50 |21 13 ||47 25 |35 28 |1 |3 |
16197.64 305690.69
7 45 44 14 26 29 31 22 48 39 |30 5 9 18 24 4 16 8 23 32 10 36 17 1 19 |28 3 41 12 37 38 47 49 46 11 27 15 40 2 33 ||42 |20 43 |21 ||34 6 |50 ||35 13 25 |
18178.25 286839.54
