Time:0
Last Iter:3
Last Update:3
Tabu:0
Last Time0
3
24 36 27 15 30 35 16 49 18 40 6 10 |17 33 22 12 9 28 13 1 3 44 38 45 31 11 7 |2 39 46 42 32 14 21 50 47 37 41 26 ||4 |43 ||29 |19 34 ||48 |5 8 |20 |23 |25 |
16980.59 273402.56
6 1 18 49 16 35 11 15 21 27 36 17 |31 45 38 30 44 3 13 24 28 9 12 22 33 |7 14 32 42 46 39 2 41 10 37 47 50 26 ||4 |43 |23 ||34 |29 |19 ||5 8 |40 |20 |25 |48 |
16590.65 325147.63
9 40 37 38 45 30 35 10 7 |49 31 11 6 24 22 2 46 14 |15 21 27 36 32 42 17 39 8 33 12 28 13 1 16 47 3 ||43 |50 |29 |18 |44 ||20 |5 26 |23 41 |34 ||48 |25 |19 |4 |
19686.98 272072.15
