Time:0
Last Iter:1
Last Update:1
Tabu:0
Last Time0
1
62 12 88 53 57 9 29 30 38 |18 45 72 84 15 73 1 7 8 33 37 67 68 10 19 |24 60 31 59 46 77 94 52 21 48 14 4 86 22 |17 96 54 66 5 26 78 41 23 90 92 32 ||97 89 65 80 11 |79 70 35 40 56 |99 82 64 |3 |51 |55 |49 |93 |27 ||98 81 85 58 50 36 |28 6 71 100 |69 |42 ||34 75 61 16 |87 47 44 83 63 25 |76 2 ||39 20 13 95 43 |74 91 |
4951.54 153715.53
62 12 19 88 53 57 9 29 30 59 38 |18 45 72 84 15 73 1 7 8 33 37 67 68 10 |24 60 31 46 77 94 52 21 48 14 4 86 22 |17 96 54 66 5 26 78 41 23 90 92 32 ||97 89 65 80 11 79 |70 35 40 56 99 |82 3 51 64 55 |49 93 27 |2 |42 ||98 81 85 58 50 36 |28 6 71 100 69 ||34 75 61 16 |87 47 44 83 76 63 25 ||39 13 95 91 |20 74 43 |
4860.74 170015.60
