Time:0
Last Iter:4
Last Update:4
Tabu:0
Last Time0
4
46 13 88 97 51 27 92 39 16 6 87 34 55 44 15 57 52 96 |38 24 40 81 47 70 83 89 64 66 17 91 45 53 50 79 25 84 |61 48 8 75 26 94 100 30 33 90 32 29 76 72 82 77 67 4 36 |80 28 37 63 43 12 95 5 54 65 59 68 98 3 93 60 49 62 85 78 ||56 31 |74 99 |20 22 |14 9 ||2 35 |41 7 21 ||23 42 |69 11 |71 58 1 |18 19 ||73 86 10 |
18680.88 565663.70
46 13 88 97 51 27 92 39 16 6 87 34 55 30 80 44 15 57 52 |38 24 40 81 47 70 83 89 64 66 17 91 45 53 50 79 25 84 |61 48 8 75 26 94 100 33 90 32 29 76 72 82 77 67 4 36 96 |28 37 63 43 12 95 5 54 65 59 68 98 3 93 60 49 62 85 78 ||56 31 |74 99 |20 22 |14 9 ||2 35 |41 7 21 ||23 42 |69 11 |71 58 1 |18 19 ||73 86 10 |
18829.69 564836.25
46 13 88 97 51 27 92 39 16 6 87 34 55 44 15 57 52 96 |38 24 40 81 84 47 70 83 89 64 66 17 91 45 53 50 79 25 61 |48 8 75 26 94 100 30 33 90 32 29 76 72 82 77 67 4 36 |80 28 37 63 43 12 95 5 54 65 59 68 98 3 93 60 49 62 85 78 ||56 31 |74 99 |20 22 |14 9 ||2 35 |41 7 21 ||23 42 |69 11 |71 58 1 |18 19 ||73 86 10 |
19035.53 564090.96
46 13 88 97 51 27 92 39 16 6 87 34 55 30 44 15 57 52 |38 78 24 40 81 47 70 83 89 64 66 17 91 45 50 79 25 84 |61 48 8 75 26 94 100 33 90 32 29 76 72 82 77 67 4 36 96 |80 28 37 63 43 12 95 5 54 65 59 53 68 98 3 93 60 49 62 85 ||56 31 |74 99 |20 22 |14 9 ||2 35 |41 7 21 ||23 42 |69 11 |71 58 1 |18 19 ||73 86 10 |
18619.72 579716.71
79 46 13 88 97 51 27 92 39 16 6 87 34 55 30 44 15 57 52 |38 78 24 40 81 47 70 83 89 64 66 17 91 45 53 50 25 84 |61 48 8 75 26 94 100 33 90 32 29 76 72 82 77 67 4 36 96 |80 28 37 63 43 12 95 5 54 65 59 68 98 3 93 60 49 62 85 ||56 31 |74 99 |20 22 |14 9 ||2 35 |41 7 21 ||23 42 |69 11 |71 58 1 |18 19 ||73 86 10 |
18567.99 589918.10
46 13 98 88 97 51 27 92 39 16 6 87 34 55 44 15 57 52 96 |38 24 40 81 47 70 83 89 64 66 17 91 45 53 50 79 25 84 |61 36 4 67 77 82 72 76 29 32 90 33 30 100 94 26 75 8 48 |80 28 37 63 43 12 95 5 54 65 59 68 3 93 60 49 62 85 78 ||56 31 |74 99 |14 9 ||2 35 |41 7 21 ||23 42 |69 11 |71 58 1 |18 19 ||73 86 10 |20 22 |
18520.26 610515.13
46 92 88 97 51 27 48 39 16 6 87 34 55 44 15 57 52 96 |38 24 40 81 47 70 83 89 64 66 17 91 45 53 50 79 25 84 |61 13 8 75 26 94 100 30 33 90 32 29 76 72 82 77 67 4 36 |80 28 37 63 43 12 95 5 54 65 59 68 98 3 93 60 49 62 85 78 ||56 31 |74 99 |20 22 |14 9 ||2 35 |41 7 21 ||23 42 |69 11 |71 58 1 |18 19 ||73 86 10 |
19992.26 553649.12
