Time:0
Last Iter:4
Last Update:4
Tabu:0
Last Time0
4
88 11 84 64 94 46 42 90 97 30 100 33 91 59 14 54 47 96 71 48 73 15 56 |24 27 72 26 70 76 52 40 93 44 75 5 37 25 19 45 17 82 63 3 29 43 |51 85 83 31 65 2 21 6 12 74 9 38 7 39 28 79 23 41 77 |53 49 99 60 34 32 69 80 35 13 36 95 57 4 62 55 89 61 66 20 22 ||8 58 |81 |92 |1 |50 |87 |18 |68 |67 ||78 16 |10 |||86 98 |
24231.30 734279.99
31 27 64 11 24 17 79 90 37 30 100 33 91 59 54 47 96 71 48 73 15 56 |88 26 49 76 52 40 93 44 75 5 42 46 45 25 19 94 82 63 3 29 43 |85 83 84 51 65 2 21 6 12 74 9 38 7 39 97 28 23 41 77 |53 70 99 60 34 32 69 80 35 13 36 95 57 4 62 55 89 61 66 20 22 ||14 |8 58 |81 |92 67 |1 |50 |87 |72 10 |68 |18 ||78 16 |||86 98 |
24794.13 693197.47
64 27 84 88 46 42 90 97 30 100 33 91 59 14 54 47 96 71 48 73 15 56 10 |11 26 70 76 52 40 93 44 75 5 37 25 19 24 94 45 17 82 63 3 29 43 |51 85 83 31 65 2 21 6 12 74 9 38 7 39 28 79 23 41 77 |53 49 99 60 34 32 69 80 35 13 36 95 57 4 62 55 89 61 66 20 22 ||8 58 |81 |92 67 |50 |18 |68 |1 |87 ||16 78 ||72 ||86 98 |
24761.71 709078.75
84 27 64 11 94 46 42 90 97 30 100 33 91 59 54 47 96 71 48 73 15 56 10 |88 26 70 76 52 40 93 44 75 5 37 17 45 25 19 24 82 63 3 29 43 |51 85 83 31 65 2 21 6 12 74 9 38 7 39 79 28 23 41 77 |53 49 99 60 34 32 69 80 35 13 36 95 57 4 62 55 89 61 66 20 22 ||8 58 |81 |92 67 |1 |50 |87 |18 |14 |68 |72 ||16 78 |||86 98 |
24735.33 716571.93
64 27 84 94 46 42 79 97 12 100 33 91 59 54 47 96 71 48 73 15 51 29 43 |11 26 74 76 52 40 39 44 75 5 37 25 19 24 88 45 68 17 82 63 3 |85 83 31 56 65 2 21 6 30 49 9 38 7 93 90 28 23 41 77 |53 70 99 60 34 32 69 80 35 13 36 95 57 4 62 55 89 61 66 20 22 ||8 58 |81 |67 |92 |50 |87 |18 |1 |14 ||78 16 |10 ||72 ||86 98 |
24995.56 691601.73
64 27 84 94 79 46 42 49 30 100 12 91 65 54 47 96 71 48 73 15 51 29 43 |11 26 70 76 52 39 93 44 75 5 37 25 19 24 88 45 17 82 63 3 |90 85 83 31 56 59 2 21 6 33 74 9 38 7 40 28 23 41 77 |53 97 99 60 34 32 69 80 35 13 36 95 57 4 62 55 89 61 66 20 22 ||8 |81 |92 67 |1 |50 |87 |18 |58 |72 |68 |14 ||16 78 |10 |||86 98 |
25141.95 682383.50
27 11 84 64 94 79 90 42 30 100 33 91 59 14 54 47 96 71 48 73 15 56 |26 49 76 52 39 44 93 75 5 37 46 25 19 24 88 45 17 68 1 82 63 3 29 |43 51 85 83 31 65 2 21 6 12 74 9 38 7 97 40 28 23 41 77 |53 99 60 70 34 32 69 80 35 13 36 95 57 4 62 55 89 61 50 66 20 22 ||81 |67 |10 58 |92 |87 |8 ||16 78 |18 ||72 ||98 86 |
23856.79 767248.14
