Time:0
Last Iter:2
Last Update:2
Tabu:0
Last Time0
2
11 36 37 42 2 97 70 86 73 50 75 67 32 51 26 20 90 98 54 |91 95 44 52 49 58 68 46 39 14 99 92 57 63 29 10 47 80 78 88 23 83 18 |24 15 48 1 33 74 8 81 69 34 85 84 56 9 21 89 76 17 30 22 77 |5 87 60 31 61 43 79 45 55 12 82 100 59 65 7 13 71 66 3 53 28 6 ||27 62 64 |35 25 ||72 41 |4 94 |19 93 ||96 16 ||40 38 |
23904.05 786605.20
24 11 36 37 42 2 97 70 86 73 50 75 67 32 51 26 20 90 98 54 |91 95 44 52 49 58 68 46 39 14 99 92 57 63 29 10 47 80 78 88 23 83 18 |15 48 1 33 74 8 81 69 34 85 84 56 9 21 89 76 17 30 22 77 |5 87 60 31 61 43 79 45 55 12 82 100 59 65 7 13 71 66 3 53 28 6 ||27 62 64 |35 25 ||72 41 |4 94 |19 93 ||96 16 ||40 38 |
24184.87 784226.68
24 11 36 37 42 2 97 70 86 73 50 75 67 32 51 20 90 98 54 |91 95 44 52 49 58 68 46 39 14 99 92 57 63 29 10 47 80 78 88 23 83 18 |15 48 1 33 74 8 81 69 34 85 84 56 9 21 89 76 17 30 22 77 |5 87 26 60 31 61 43 79 45 55 12 82 100 59 65 7 13 71 66 3 53 28 6 ||27 62 64 |35 25 ||72 41 |4 94 |19 93 ||96 16 ||40 38 |
23851.53 794407.51
