Time:0
Last Iter:2
Last Update:2
Tabu:0
Last Time0
2
47 5 1 28 32 95 31 91 90 70 79 43 |55 54 84 66 87 38 92 59 64 30 52 69 |41 100 36 29 56 34 83 44 35 10 53 19 18 21 |98 89 82 62 37 26 45 23 33 86 88 6 ||2 4 51 |72 8 |13 58 |40 75 |63 97 |17 78 |57 81 |94 |15 |73 ||80 76 |22 85 |99 24 |67 93 42 74 |16 68 ||3 12 14 |25 48 |49 61 |39 7 |27 60 ||9 46 20 |11 50 |71 96 |65 77 |
12003.99 297621.41
89 43 79 91 90 70 94 31 95 32 28 1 |55 54 84 66 87 38 92 59 64 30 52 69 |100 36 29 56 34 83 44 35 10 53 19 15 73 5 47 18 21 |98 82 62 37 26 45 23 33 41 86 88 6 ||2 4 51 |72 8 |13 58 |40 75 |63 97 |17 78 |57 81 ||80 76 |22 85 |99 24 |67 93 42 74 |16 68 ||3 12 14 |25 48 |49 61 |39 7 |27 60 ||9 46 20 |11 50 |71 96 |65 77 |
11885.88 323295.86
47 5 28 32 95 31 94 70 90 91 79 43 |55 54 84 66 87 38 92 59 64 30 52 69 |100 36 29 56 34 83 44 35 10 53 19 18 21 1 |26 37 62 82 89 98 88 86 41 33 23 45 6 ||2 4 51 |72 8 |13 58 |40 75 |63 97 |17 78 |57 81 |15 73 ||80 76 |22 85 |99 24 |67 93 42 74 |16 68 ||3 12 14 |25 48 |49 61 |39 7 |27 60 ||9 46 20 |11 50 |71 96 |65 77 |
12303.73 297536.72
