Time:0
Last Iter:4
Last Update:4
Tabu:0
Last Time0
4
64 50 73 22 47 85 27 77 58 78 9 59 12 92 55 52 25 97 83 39 68 24 |48 93 16 76 15 89 36 75 34 80 6 42 33 18 31 84 7 30 61 60 94 35 |51 20 98 29 66 14 41 90 28 54 10 67 49 70 19 71 72 62 8 87 53 88 56 21 86 45 32 3 |13 69 79 63 1 96 37 57 100 43 5 65 17 4 23 99 44 38 46 2 74 ||40 |26 81 |11 |||91 ||82 95 |
20915.17 723556.17
64 50 73 22 47 85 27 77 58 78 9 59 12 92 55 52 25 97 83 39 68 24 |93 16 76 15 89 36 75 34 80 6 42 33 18 31 84 7 30 61 60 35 94 |51 20 98 29 66 48 14 41 90 28 54 10 67 49 70 19 71 72 62 8 87 53 88 56 21 86 45 32 |13 69 79 63 1 96 37 57 100 43 5 65 17 4 23 99 44 38 46 2 74 ||40 |26 81 |11 |||91 |3 ||82 95 |
21067.45 718627.15
73 50 64 22 47 85 27 77 58 78 48 9 12 92 55 52 25 97 83 39 68 24 |93 16 76 15 89 36 75 34 65 80 6 42 33 18 31 84 7 30 61 60 94 35 |51 20 98 29 66 14 41 28 10 67 49 70 19 71 72 62 8 87 53 88 56 21 86 45 32 |13 69 79 59 63 1 96 37 57 100 43 5 17 4 23 99 44 38 46 2 74 ||40 |26 81 |54 ||90 ||91 |3 ||82 95 |11 |
21306.56 700971.76
73 50 64 22 47 85 27 77 58 78 48 9 12 92 55 52 25 97 83 2 39 68 24 |93 16 76 15 89 36 75 34 65 80 6 42 33 18 31 84 7 61 60 94 35 |51 20 98 29 66 41 28 10 67 49 70 19 71 72 62 8 87 53 88 56 21 86 45 32 |13 69 79 59 63 1 96 37 57 100 14 43 5 17 4 23 99 44 38 46 74 ||40 |26 81 |54 ||90 ||30 |91 |3 ||95 82 11 |
21406.95 695641.13
80 44 53 26 8 17 71 57 15 90 41 37 27 58 9 59 84 61 25 97 83 33 |81 88 4 73 100 89 5 82 40 85 96 93 63 29 98 79 12 92 20 18 60 2 |66 78 76 22 19 75 64 72 62 87 99 56 21 86 6 38 45 46 30 31 69 7 55 39 |74 51 52 32 42 23 50 65 34 36 70 49 47 10 28 95 43 14 77 16 1 13 94 24 |||67 54 |48 35 ||3 11 ||91 68 |
20877.52 779027.44
