Time:0
Last Iter:3
Last Update:3
Tabu:0
Last Time0
3
40 7 35 5 54 27 42 2 92 33 20 66 31 69 61 11 86 12 60 25 80 45 |62 53 73 32 52 24 51 76 39 29 79 98 63 50 21 37 9 78 6 58 38 49 48 |43 8 83 19 84 72 88 65 68 13 96 77 14 100 91 99 3 28 75 57 55 |90 74 46 93 47 41 94 34 23 44 67 85 89 64 56 70 87 10 26 81 36 ||59 16 |82 30 17 ||4 15 ||97 95 |1 18 ||71 22 |
24131.32 792775.80
54 7 35 5 40 27 42 2 92 20 66 31 69 61 11 86 12 60 25 80 45 |53 73 32 52 24 51 76 29 79 98 63 50 21 37 9 78 6 58 38 49 48 |43 8 33 83 19 84 72 88 65 68 13 96 77 14 100 91 99 3 28 75 57 55 |90 74 46 93 47 41 94 34 23 44 67 85 89 64 56 81 26 70 87 10 36 ||59 16 |82 30 17 |39 ||4 15 |62 ||97 95 |1 18 ||71 22 |
24442.25 778313.36
54 35 7 5 40 27 42 2 92 33 20 66 31 69 61 11 86 12 60 25 80 45 |73 53 32 52 24 51 76 29 79 98 63 50 21 37 9 78 6 58 38 49 48 |43 8 83 19 84 72 88 65 68 13 96 77 14 100 91 99 3 28 75 57 55 |90 74 46 93 47 41 94 34 23 44 67 85 89 64 56 81 26 70 87 10 36 ||59 16 |82 30 17 |39 ||4 15 |62 ||97 95 |1 18 ||71 22 |
24589.56 766702.25
49 50 86 21 69 37 81 64 92 89 43 58 2 42 23 41 93 91 100 14 74 80 |28 99 39 29 47 46 77 13 68 87 70 72 11 19 83 33 8 38 85 1 18 26 82 |36 66 31 65 88 12 98 60 90 25 3 76 75 53 97 24 94 40 32 27 73 44 62 |55 7 35 51 52 54 34 5 57 67 6 78 20 9 56 61 84 10 63 96 79 17 ||45 |16 ||95 |30 |15 ||4 |71 ||22 48 |59 |
24095.32 964398.81
