Time:0
Last Iter:4
Last Update:4
Tabu:0
Last Time0
4
85 13 83 48 66 95 43 99 38 7 47 4 77 19 78 71 10 60 |39 59 51 27 34 49 53 44 96 50 54 41 37 94 63 75 2 69 6 |23 24 14 42 93 16 17 25 81 15 1 89 11 32 56 68 92 8 26 |12 74 73 65 82 46 67 62 36 70 58 84 79 86 76 55 61 100 ||57 |80 |45 3 |28 18 |72 91 ||52 |33 20 |31 9 |97 ||87 64 |35 22 |21 5 ||88 |98 |30 90 |40 29 |
18316.06 529285.29
85 50 13 83 48 66 95 43 99 38 7 47 4 77 19 78 71 10 60 |39 59 51 27 34 49 53 44 96 52 54 41 37 94 63 75 2 69 6 |23 24 14 42 93 16 17 25 81 15 1 89 11 32 56 68 92 8 26 |12 74 73 65 82 46 67 62 36 70 58 84 79 55 76 86 100 61 ||18 |72 91 |57 |80 |45 3 |28 ||33 31 |9 |97 |20 ||87 64 |35 22 |21 5 ||29 |88 |98 |30 90 |40 |
18113.67 536212.53
85 50 13 83 48 66 95 43 45 99 7 47 4 77 19 78 71 10 60 |39 59 51 27 34 49 53 44 96 52 54 41 37 94 63 75 2 69 6 |23 14 42 93 16 35 17 25 81 15 1 89 29 11 32 56 68 92 8 26 |12 38 74 73 65 82 46 67 62 36 70 58 84 24 79 55 76 61 100 ||72 91 |57 |3 |18 28 80 ||20 31 |33 9 |97 ||86 21 87 |64 22 |5 ||98 |88 90 |40 30 |
18001.05 543955.50
66 85 13 83 48 95 43 45 99 7 47 4 77 19 78 71 10 60 |50 59 51 49 96 54 41 37 94 75 2 69 6 100 |39 23 24 14 42 93 16 17 25 81 3 15 1 89 11 32 56 68 92 8 26 |86 27 12 38 98 74 73 65 82 46 67 62 36 70 58 84 79 55 76 61 ||18 28 |72 91 |57 |80 |44 |34 |33 |53 |52 |63 ||31 20 9 |97 ||87 64 22 |35 |21 5 ||30 90 |88 |40 29 |
21052.41 510927.98
85 50 13 83 48 66 95 43 45 99 7 47 4 77 19 78 71 10 60 |39 59 51 27 34 49 53 44 96 52 54 41 37 94 63 75 2 69 6 |23 24 42 93 16 35 17 25 81 3 15 1 89 29 11 32 56 68 92 8 26 |12 38 74 73 65 82 46 67 62 36 14 58 70 84 79 55 76 100 61 ||28 18 |72 91 |57 |80 ||20 31 |33 9 |97 ||86 21 87 |64 22 |5 ||98 |88 90 |40 30 |
17841.92 551892.32
