Time:0
Last Iter:4
Last Update:4
Tabu:0
Last Time0
4
52 18 43 16 64 86 36 71 83 66 1 20 2 |54 28 58 12 27 75 49 82 44 84 25 26 91 87 93 |99 11 37 15 77 98 47 61 74 35 76 97 78 33 |73 40 13 24 6 55 51 29 63 7 62 48 88 89 ||95 53 80 96 90 3 |81 70 38 94 |30 100 46 |57 67 21 72 68 |19 ||22 50 92 5 59 |65 10 9 41 79 ||39 45 4 |60 69 23 ||31 32 42 56 14 |8 85 17 34 |
7280.66 209660.43
52 18 43 16 64 86 36 71 83 66 20 2 |54 28 58 12 27 75 49 82 44 84 25 26 91 87 93 |99 11 37 15 77 98 47 61 74 35 76 97 78 33 1 |73 40 13 24 6 55 51 29 63 7 62 48 88 89 ||53 80 96 90 67 3 |81 70 38 94 |30 100 46 |57 68 21 72 95 |19 ||22 50 92 5 59 |65 10 9 41 79 ||39 45 4 |60 69 23 ||31 32 42 56 14 |8 85 17 34 |
7379.68 205068.47
20 1 66 83 71 36 89 86 64 16 43 18 52 2 |54 28 58 12 27 75 49 82 44 84 25 26 91 87 93 |99 11 37 15 77 98 47 61 74 35 76 97 78 33 |73 40 13 24 6 55 51 29 63 7 62 48 88 ||95 19 53 80 96 90 3 |81 70 38 94 |30 100 46 |57 67 21 72 68 ||22 50 92 5 59 |65 10 9 41 79 ||39 45 4 |60 69 23 ||31 32 42 56 14 |8 85 17 34 |
7274.87 213717.26
52 18 43 16 64 86 36 71 83 66 20 2 |54 28 58 12 27 75 49 82 44 84 25 91 87 93 |99 11 37 15 77 98 47 61 74 35 76 97 78 33 1 |73 40 26 13 24 6 55 51 29 63 7 62 48 88 89 ||95 53 80 96 90 3 |81 70 38 94 |30 100 46 |57 67 21 72 68 |19 ||22 50 92 5 59 |65 10 9 41 79 ||39 45 4 |60 69 23 ||31 32 42 56 14 |8 85 17 34 |
7435.27 204031.47
20 1 66 83 71 36 86 64 16 43 18 52 2 |54 28 58 12 27 75 49 82 44 84 25 26 91 87 93 |99 11 37 15 77 98 47 61 74 35 76 97 33 78 |73 40 13 24 6 51 29 63 39 7 62 48 88 89 ||96 90 3 72 95 55 80 |53 94 38 70 81 |30 100 46 |57 32 67 21 19 ||10 50 22 92 5 |68 65 59 9 41 79 ||60 69 23 4 45 ||31 42 56 14 |8 85 17 34 |
7260.64 221925.76
52 18 43 16 64 86 36 71 83 66 20 2 |54 28 12 27 75 49 82 44 84 25 26 91 87 93 |99 11 37 15 77 98 47 61 74 35 76 97 78 33 1 |73 40 13 24 6 55 51 29 58 63 7 62 48 88 89 ||95 53 80 96 90 3 |81 70 38 94 |30 100 46 |57 67 21 72 68 |19 ||22 50 92 5 59 |65 10 9 41 79 ||39 45 4 |60 69 23 ||31 32 42 56 14 |8 85 17 34 |
7476.11 202198.58
