Time:0
Last Iter:4
Last Update:4
Tabu:0
Last Time0
4
32 6 99 82 28 44 90 62 8 11 84 41 67 30 88 15 50 65 89 49 43 |45 59 72 10 54 52 76 39 56 61 92 70 24 35 13 33 51 47 42 21 100 |22 53 17 14 29 3 93 64 55 16 78 18 94 87 79 97 75 95 2 20 69 71 |91 37 26 80 38 58 9 77 60 36 46 4 73 1 63 83 86 81 48 96 68 23 ||34 66 |27 19 |74 25 |40 |7 |31 ||57 85 12 |98 |||5 |
24485.16 755585.86
43 49 89 32 50 15 88 30 67 41 11 8 62 90 44 28 82 21 100 |45 59 72 10 54 52 76 39 56 61 92 70 24 35 13 33 51 47 42 6 99 34 |22 53 17 14 29 3 93 64 55 16 78 18 94 87 79 97 75 95 2 20 69 71 |91 37 26 80 38 58 9 77 60 36 46 4 73 1 63 83 86 81 48 96 68 40 ||98 27 |25 |7 |65 |84 |31 |66 ||57 85 12 |19 74 ||23 ||5 |
24476.86 770182.03
43 49 89 72 25 32 50 15 88 30 67 41 11 8 62 90 44 28 82 21 100 |45 59 10 54 52 76 39 31 56 61 92 70 24 35 13 33 51 47 42 6 99 66 34 |22 53 17 14 29 3 93 64 55 16 78 18 94 87 79 97 75 95 2 20 69 71 |91 37 26 80 38 58 9 77 60 36 46 4 73 1 63 83 86 81 48 96 68 40 ||27 19 |65 7 |98 ||74 57 85 12 |84 ||23 ||5 |
24398.17 807770.77
32 50 15 88 30 67 41 62 90 44 28 82 100 8 11 84 49 89 43 |45 59 72 10 54 52 76 39 56 61 92 70 24 35 13 33 51 47 42 6 34 21 |22 53 17 14 29 3 93 64 55 16 78 18 94 87 79 97 75 95 2 20 69 71 |99 91 37 26 80 38 58 9 77 60 36 46 4 73 1 63 83 86 81 48 96 68 40 ||27 19 |74 25 |66 |65 7 |31 |98 ||12 85 57 ||23 ||5 |
24897.33 751360.20
6 32 50 15 88 30 67 41 11 8 40 62 90 44 28 82 43 49 89 72 |58 10 54 52 76 39 56 61 92 70 24 35 13 33 51 47 42 34 21 100 |22 53 17 14 29 3 93 64 55 16 78 18 87 79 97 75 95 2 20 69 45 71 |99 91 37 26 80 38 59 9 77 60 36 46 4 73 1 63 83 86 81 48 96 68 23 ||27 19 |74 25 |66 |65 |31 |7 |84 |98 |94 ||12 85 57 |||5 |
24977.70 746485.54
100 21 82 28 44 90 62 8 11 84 49 43 89 72 41 67 30 88 15 50 32 25 |98 45 59 10 54 52 76 39 31 56 61 92 70 24 35 13 33 51 47 42 6 99 34 |22 53 17 14 29 3 93 64 55 16 78 18 94 87 79 97 75 95 2 20 69 71 |91 37 26 80 38 58 9 77 60 36 46 4 73 1 63 83 86 81 48 96 68 40 ||7 65 |27 19 |66 ||74 57 85 12 ||23 ||5 |
24347.01 906459.24
