Time:0
Last Iter:4
Last Update:4
Tabu:0
Last Time0
4
29 19 84 67 15 76 5 81 50 27 |34 20 2 28 26 70 87 22 85 31 88 62 |10 89 75 8 36 58 51 53 74 24 45 82 99 |94 60 56 90 96 42 86 59 55 13 ||92 93 |21 77 |16 35 |41 63 |37 71 |64 43 |79 97 |91 |32 |18 ||98 17 |49 |95 11 |69 65 |78 52 |9 61 ||38 72 |23 30 12 |68 80 4 |73 14 |40 |1 100 ||39 54 |25 44 46 |47 66 |33 48 3 |57 83 6 |7 |
11435.70 237661.00
8 36 53 13 99 31 88 5 81 27 |34 45 87 67 22 26 15 28 90 96 62 |2 20 75 69 29 58 51 74 41 55 42 39 85 |24 59 19 86 84 76 32 56 60 10 94 66 50 ||92 18 70 |79 54 |1 43 |93 38 |33 14 |44 63 4 |91 72 |100 3 |49 ||89 64 |68 82 |23 12 |83 16 |47 65 |40 52 |57 73 ||46 6 |78 30 |17 21 |35 48 |97 98 ||95 37 |77 71 7 9 |11 80 |25 61 |
11371.09 253681.73
8 36 53 13 99 42 84 31 88 5 81 27 |34 45 87 67 22 26 15 28 90 96 62 |2 20 75 69 29 58 51 74 41 55 39 85 |24 59 19 86 76 32 56 60 10 94 66 50 ||72 92 |18 70 |1 43 |93 38 |33 14 |44 63 4 |91 100 |3 49 ||89 64 |68 82 |23 12 |83 16 |47 65 |40 52 |57 73 ||46 6 |78 30 |17 21 |35 48 |97 98 ||95 77 |71 7 9 |11 80 |37 25 61 |79 54 |
11319.63 260098.81
2 8 36 53 13 99 31 88 5 81 50 27 |34 45 87 67 22 26 15 28 90 96 62 |20 75 43 69 29 58 51 74 41 55 42 39 85 |24 59 19 86 84 76 32 56 60 10 78 30 94 66 ||92 18 70 |93 38 |33 14 |44 63 4 |91 72 |100 3 |49 1 ||89 64 |68 82 |23 12 |83 16 |47 65 |40 52 |57 73 ||46 6 |17 21 |35 48 |97 98 ||95 37 |77 71 7 9 |11 80 |25 61 |79 54 |
11289.62 262922.68
29 27 81 5 76 15 67 38 84 19 |20 10 2 28 26 22 87 85 31 88 13 |8 75 36 34 58 51 53 74 82 45 24 59 99 |55 86 42 62 96 90 32 56 60 89 94 50 ||70 18 |92 93 |21 77 |16 35 |41 63 |37 71 |43 79 |97 91 |7 64 ||98 17 |49 |95 11 |69 65 |78 52 |9 61 ||72 23 |30 12 |68 80 4 |73 14 |40 ||54 39 |25 44 46 |47 66 |33 48 3 |57 83 6 |1 100 |
11137.56 271149.65
29 67 19 84 15 76 5 81 50 27 |34 20 10 2 28 26 87 22 85 31 88 |59 8 75 36 58 51 53 74 24 45 82 99 13 |55 94 60 56 90 96 62 86 42 ||89 |92 93 |21 77 |16 |35 1 100 |41 63 |37 71 |43 |79 97 |91 |70 |32 |18 |7 |64 ||98 17 |49 |95 11 |69 65 |78 52 |9 61 ||38 72 |23 30 12 |68 80 4 |73 14 |40 ||54 39 |25 44 46 |47 66 |33 48 3 |57 83 6 |
12814.44 222637.41
19 84 93 67 15 76 5 81 50 27 |20 10 2 28 26 70 87 22 85 31 88 |8 75 29 36 34 1 58 51 53 74 82 45 24 59 99 13 |55 86 42 62 96 90 32 56 60 89 94 ||18 92 |21 77 |16 35 |41 63 |37 71 |43 79 |97 91 |7 64 ||98 17 |49 |11 95 9 |61 |69 65 |78 52 ||38 72 |23 30 12 |68 80 4 |73 14 |40 |100 ||54 39 |25 44 46 |47 66 |33 48 3 |57 83 6 |
10992.10 271535.87
