Time:0
Last Iter:3
Last Update:3
Tabu:0
Last Time0
3
17 61 53 97 68 82 49 80 5 19 55 32 65 86 |95 59 7 69 37 12 90 38 51 16 58 89 48 |43 88 47 67 62 76 21 14 13 46 63 91 75 74 |83 24 84 56 70 54 98 15 45 57 42 33 26 9 93 ||78 30 4 27 85 |10 41 44 77 |79 34 99 ||71 18 72 66 39 20 40 29 2 |1 92 100 50 ||31 96 25 11 73 8 |36 87 52 ||22 35 3 |28 23 81 94 |64 6 60 |
7313.72 219589.33
17 61 53 97 68 82 49 80 5 19 55 32 65 86 |95 7 69 37 12 90 38 51 16 58 89 48 83 |43 88 47 67 62 76 21 14 13 46 63 91 75 74 |24 84 56 70 59 54 98 15 45 57 42 33 26 9 93 ||78 30 4 27 85 |10 41 44 77 |79 34 99 ||71 18 72 66 39 20 40 29 2 |1 92 100 ||31 96 25 11 73 8 |36 87 52 50 ||22 35 3 |28 23 81 94 |64 6 60 |
7320.09 218557.69
17 61 53 97 68 82 49 80 5 19 55 32 65 86 |95 59 7 69 37 12 90 38 51 16 58 89 93 48 |43 88 47 67 62 76 21 14 13 46 63 91 75 74 |83 24 84 56 70 54 98 15 45 57 42 33 26 9 ||78 30 4 27 85 |10 41 44 77 |79 34 99 ||71 18 72 66 39 20 40 29 2 |1 92 100 50 ||31 96 25 11 73 8 |36 87 52 ||22 35 3 |28 23 81 94 |64 6 60 |
7259.35 225841.21
17 53 97 68 82 49 80 5 19 55 32 65 86 |95 59 7 69 37 12 90 38 51 16 58 89 48 83 |43 88 47 67 62 76 21 14 13 46 63 91 75 74 |24 84 56 70 54 98 15 61 45 57 42 33 26 9 93 ||78 30 4 27 85 |10 41 44 77 |79 34 99 ||71 18 72 66 39 20 40 29 2 |1 92 100 ||31 96 25 11 73 8 |36 87 52 50 ||22 35 3 |28 23 81 94 |64 6 60 |
7339.59 212706.48
