Time:0
Last Iter:3
Last Update:3
Tabu:0
Last Time0
3
74 64 91 34 11 81 77 92 84 78 88 50 95 76 9 |55 48 60 44 6 93 26 51 10 5 71 38 56 80 30 25 |52 58 62 46 37 33 99 19 13 1 79 69 67 24 29 |73 14 83 68 28 100 4 57 61 39 17 2 7 54 89 41 ||97 87 |22 59 |45 23 72 86 |42 8 40 |90 21 ||70 75 |47 16 53 |3 36 ||96 35 66 |82 18 |65 94 |15 98 ||43 63 |85 31 |49 12 20 |27 32 |
12921.01 358504.89
74 64 91 34 11 81 77 92 84 78 88 50 95 76 9 |55 48 60 44 6 93 26 51 10 5 71 38 56 80 30 |52 58 62 46 37 33 99 19 13 1 79 69 67 24 29 |73 14 83 68 28 100 4 57 61 39 17 2 7 54 89 41 25 ||97 87 |22 59 |45 23 72 86 |42 8 40 |90 21 ||70 75 |47 16 53 |3 36 ||96 35 66 |82 18 |65 94 |15 98 ||43 63 |85 31 |49 12 20 |27 32 |
12983.33 354377.98
74 64 91 34 11 81 77 92 84 78 88 50 95 76 9 |55 48 60 44 6 93 26 51 97 10 5 71 38 56 80 30 |25 52 58 62 46 37 99 19 13 1 79 69 67 24 29 |57 4 100 28 68 83 73 14 41 89 54 7 2 17 39 61 33 ||87 22 |59 23 45 |86 72 42 |40 8 |90 21 ||70 75 |47 16 53 |3 36 ||96 35 66 |82 18 |65 94 |15 98 ||43 63 |85 31 |49 12 20 |27 32 |
12778.61 364328.56
74 64 91 34 11 81 77 92 84 78 88 50 95 76 9 |55 48 60 44 30 41 6 93 26 51 97 10 5 71 38 56 80 |52 58 62 46 37 33 99 19 13 1 79 69 67 24 29 |73 14 83 68 28 100 4 57 61 39 17 2 7 54 89 25 ||87 22 |59 23 45 |86 72 42 |40 8 |90 21 ||70 75 |47 16 53 |3 36 ||96 35 66 |82 18 |65 94 |15 98 ||43 63 |85 31 |49 12 20 |27 32 |
12910.08 362540.44
