Time:0
Last Iter:4
Last Update:4
Tabu:0
Last Time0
4
95 11 49 15 55 83 44 58 25 39 60 87 38 59 50 57 16 |80 96 17 68 93 77 70 85 4 73 13 29 26 67 43 33 98 100 2 |28 62 36 94 72 75 97 41 52 71 27 42 21 82 63 5 90 35 32 31 45 47 69 86 8 23 |65 3 81 84 20 46 24 48 91 7 56 64 40 18 89 6 37 19 79 34 ||92 54 74 |22 ||51 66 88 |53 12 ||61 14 |76 78 9 |1 99 ||30 10 |
19296.22 566072.56
95 41 11 49 15 55 83 44 22 58 25 39 60 87 38 59 50 57 16 |80 96 17 68 93 77 70 85 4 73 64 13 29 26 67 43 33 98 100 2 |28 62 36 94 72 75 97 52 71 27 42 21 82 63 5 90 35 32 31 45 47 69 86 8 23 |65 3 81 84 20 46 24 48 91 7 56 40 18 89 6 37 19 79 34 ||92 54 74 ||51 66 88 |53 12 ||61 14 |76 78 9 |1 99 ||30 10 |
19115.13 572168.05
95 41 11 49 15 55 83 44 22 58 25 39 60 87 38 59 50 57 16 |80 96 17 68 93 77 70 85 4 73 13 29 26 67 43 33 98 100 2 |28 62 36 94 72 75 97 52 71 27 42 21 82 63 5 90 35 32 31 45 47 69 19 86 8 23 |65 3 81 84 20 46 24 48 91 7 56 64 40 18 89 6 37 79 34 ||92 54 74 ||51 66 88 |53 12 ||61 14 |76 78 9 |1 99 ||30 10 |
19065.94 580008.63
57 40 95 11 49 15 55 83 44 22 58 25 39 60 87 38 59 50 16 |80 96 17 68 93 77 70 85 4 73 13 29 26 67 43 33 98 100 2 |28 62 36 94 72 75 97 41 52 71 27 42 21 82 63 5 90 35 32 31 45 47 69 86 8 23 |65 3 81 84 20 46 24 48 91 7 56 64 18 89 6 37 19 79 34 ||92 54 74 ||51 66 88 |53 12 ||61 14 |76 78 9 |1 99 ||30 10 |
18926.30 582892.51
58 41 49 15 55 83 44 22 25 39 60 87 38 59 50 57 16 |95 80 96 17 68 93 77 70 85 4 73 13 29 26 67 43 33 98 100 2 |11 28 62 36 94 72 75 97 52 71 27 42 21 82 63 5 35 32 31 45 47 69 86 8 23 |90 65 3 81 84 20 46 24 48 91 7 56 64 40 18 89 6 37 19 79 34 ||92 54 74 ||51 66 88 |53 12 ||61 14 |76 78 9 |1 99 ||30 10 |
21085.07 557720.90
25 41 11 49 15 55 83 44 58 39 60 87 38 59 50 57 16 |95 80 96 17 68 93 77 70 85 4 73 13 29 26 67 43 33 98 100 2 |28 62 36 94 72 75 97 52 71 27 42 21 82 63 90 35 32 31 45 47 69 86 8 23 |5 65 3 81 84 20 46 24 48 91 7 56 64 40 18 89 6 37 19 79 34 ||92 54 74 |22 ||51 66 88 |53 12 ||61 14 |76 78 9 |1 99 ||30 10 |
21419.84 557033.67
58 41 49 15 55 83 44 22 25 39 60 87 38 59 50 57 16 |95 80 96 17 68 93 77 70 85 4 73 13 29 26 67 43 33 98 100 2 |11 28 62 36 94 72 75 97 52 71 27 42 21 82 63 5 90 32 31 45 47 69 86 8 23 |35 65 3 81 84 20 46 24 48 91 7 56 64 40 18 89 6 37 19 79 34 ||92 54 74 ||51 66 88 |53 12 ||61 14 |76 78 9 |1 99 ||30 10 |
21664.32 555219.02
95 41 11 49 15 55 83 44 22 58 25 39 60 87 38 59 50 57 16 |2 100 98 33 43 67 26 29 13 73 4 85 70 77 93 68 17 96 80 65 |28 62 36 94 72 75 97 52 71 27 42 21 82 63 5 90 35 32 31 45 47 69 86 8 23 |3 81 84 20 46 24 48 91 7 56 64 40 18 89 6 37 19 79 34 ||92 54 74 ||51 66 88 |53 12 ||61 14 |76 78 9 |1 99 ||30 10 |
18577.23 635565.60
