Time:0
Last Iter:4
Last Update:4
Tabu:0
Last Time0
4
77 41 88 177 102 153 85 117 13 138 50 75 104 |121 7 14 156 27 89 4 87 150 168 60 99 134 15 100 111 198 24 161 |93 59 68 147 174 181 119 196 137 55 124 139 164 145 128 56 1 188 |34 48 125 67 115 12 40 179 49 5 76 166 38 141 96 160 190 20 |92 170 200 58 167 133 21 103 142 197 9 43 72 186 82 173 26 175 |94 148 131 16 176 90 30 46 23 149 10 106 74 79 81 64 8 140 3 |97 18 35 162 112 157 129 127 165 199 178 172 109 37 98 45 22 183 91 6 28 |122 73 192 101 126 163 78 42 11 62 146 54 51 143 169 32 118 29 136 2 |80 193 69 116 185 65 36 61 70 33 57 158 182 187 154 17 84 135 151 |180 31 19 195 95 25 155 107 108 114 191 123 47 39 110 184 83 ||86 132 |66 171 |130 |52 |71 |194 |105 ||144 53 152 ||63 113 ||44 120 |189 159 |
24525.50 1718817.32
121 50 13 117 85 153 28 97 102 77 177 62 93 88 128 75 104 |7 14 156 27 89 4 138 87 150 168 60 99 134 15 100 111 198 161 24 |188 41 56 68 147 174 59 52 181 119 196 137 55 124 139 145 164 |34 48 125 105 67 115 12 40 179 49 5 76 166 38 141 96 160 190 20 |92 170 200 58 167 133 21 103 142 197 9 43 72 186 82 173 26 175 |94 148 131 16 176 90 30 46 23 149 10 106 74 79 81 64 8 140 3 |18 35 162 112 157 129 127 165 199 178 172 109 37 98 45 22 183 91 6 |122 73 192 101 126 163 78 11 42 146 54 51 143 169 32 118 29 136 2 |80 193 69 116 185 65 36 61 1 70 33 57 158 182 187 154 17 84 135 151 |180 31 194 19 195 95 25 155 107 108 114 191 123 47 39 110 184 83 ||86 132 |66 171 |130 ||144 53 152 ||71 63 |113 ||159 189 |44 120 |
24393.13 1750772.63
138 13 117 85 153 102 77 177 62 28 88 93 104 121 75 128 |7 14 156 27 89 4 87 150 168 60 99 134 15 100 111 198 161 24 |68 147 130 59 52 174 181 119 196 137 55 124 139 164 145 11 41 56 188 |34 48 125 105 67 115 12 40 179 49 5 76 166 38 141 96 160 190 20 |92 170 200 58 167 21 103 142 197 9 43 72 186 82 173 26 175 |94 148 131 16 176 90 30 46 23 149 10 106 74 79 81 64 8 140 3 |97 18 35 162 112 157 129 127 165 199 178 172 109 37 98 45 22 183 91 6 |133 136 29 118 32 169 143 51 54 146 42 78 163 126 101 192 73 122 50 |80 193 69 116 185 65 36 2 61 70 33 57 158 182 187 154 17 84 135 151 |180 31 19 195 95 25 155 107 108 114 191 123 47 39 110 184 83 ||194 132 |66 171 ||144 53 152 |86 ||63 |1 113 |71 ||159 |44 120 |189 |
24349.43 1781927.63
200 122 31 194 121 65 178 49 29 103 41 155 14 42 18 105 162 83 |4 15 168 110 48 125 8 64 81 39 35 79 115 107 6 7 88 |156 167 61 106 40 183 143 77 9 72 78 173 184 119 180 161 |96 104 170 99 92 196 26 124 186 84 164 47 102 12 43 128 |20 10 179 95 109 176 38 174 160 134 73 165 140 55 17 154 151 |127 137 126 67 27 123 187 149 114 54 91 169 22 56 2 166 76 172 68 90 19 116 50 |158 177 74 188 1 30 58 147 131 199 111 159 101 193 138 117 157 89 87 |191 51 142 98 136 133 141 198 192 129 82 139 145 135 3 24 |80 85 34 181 60 100 16 59 195 185 75 70 93 32 108 146 182 11 97 |23 197 33 25 118 37 21 5 36 130 69 190 148 94 52 13 163 112 153 ||132 86 |113 152 |53 |171 |62 |45 ||144 189 |66 |120 44 ||28 175 |63 |57 ||71 46 |150 |
27609.13 1709774.95
161 100 111 160 138 13 117 85 153 102 77 177 41 93 104 128 |121 188 7 14 11 156 27 89 4 126 87 150 159 168 60 99 15 134 198 24 |44 56 2 68 147 130 59 52 174 181 119 196 137 55 124 139 164 145 6 88 |20 190 96 141 38 166 76 5 49 179 40 12 115 67 105 125 48 34 50 |92 170 200 58 167 21 103 142 197 9 43 72 186 82 173 26 175 |94 148 131 16 176 90 30 46 75 23 149 10 106 74 79 81 64 8 140 3 |91 183 22 45 98 37 109 172 178 199 165 127 129 157 112 162 35 18 97 28 |122 73 101 192 163 78 42 62 146 54 51 143 169 32 118 29 136 133 |80 193 69 116 185 65 36 61 70 33 57 158 182 187 154 17 84 135 151 |180 31 194 19 195 95 25 155 107 108 114 191 123 47 39 110 184 83 ||86 |66 171 |132 ||144 53 152 ||71 63 |1 113 ||120 189 |
24332.22 1917491.59
