Time:0
Last Iter:4
Last Update:4
Tabu:0
Last Time0
4
29 24 177 18 90 162 47 190 165 87 14 60 107 73 56 55 75 |91 121 88 46 1 36 12 156 136 155 132 167 176 104 170 114 150 142 54 |37 99 147 74 118 71 128 163 95 72 26 42 15 182 65 171 7 |57 93 194 11 175 39 6 25 139 23 105 44 192 140 108 78 5 |79 97 143 62 85 41 58 94 193 70 115 113 119 63 22 81 125 |20 124 50 52 164 168 53 160 80 101 200 144 34 77 189 135 198 183 |100 186 134 8 4 102 67 191 69 123 157 130 120 166 66 64 98 92 |48 16 199 131 138 49 30 45 38 19 40 184 27 173 141 96 31 197 |148 83 152 126 109 133 151 2 111 145 174 86 158 159 9 129 137 |112 84 185 110 51 117 32 17 127 153 21 154 106 116 59 68 89 172 ||187 169 |28 82 |149 43 |179 103 161 178 ||188 196 |181 35 ||180 10 33 |13 146 ||3 61 |122 195 76 |
20124.16 1261772.11
109 57 69 71 118 79 46 55 65 15 8 129 162 54 169 148 |140 120 95 30 125 154 156 19 188 100 160 170 94 117 184 177 |143 124 60 96 51 164 6 113 175 12 63 42 22 194 135 59 68 |112 132 70 25 23 147 166 130 91 123 97 128 75 89 158 101 172 |107 78 66 44 58 173 104 115 149 3 43 119 24 81 138 88 121 5 |151 131 72 26 200 21 153 134 137 136 193 52 48 20 133 85 197 |99 165 190 53 28 9 159 106 4 189 163 157 2 13 56 |67 111 62 50 14 126 110 141 168 176 27 167 32 90 45 36 144 1 11 |183 73 199 49 86 102 82 182 155 17 83 150 114 87 139 105 185 142 196 |40 80 37 152 127 38 34 181 77 180 191 93 145 29 35 16 64 192 98 92 ||61 186 7 |146 195 47 |74 161 178 ||31 84 |122 171 |33 174 ||39 18 |41 |108 ||76 103 10 |187 179 |116 198 |
19791.60 1317397.84
109 57 69 71 118 79 55 46 15 8 129 40 54 162 169 148 |140 120 95 30 125 154 156 19 188 100 160 170 94 117 184 177 |143 124 60 96 51 164 6 113 175 12 63 42 22 194 135 59 68 |132 70 25 23 147 166 130 91 123 97 128 75 89 158 65 172 |107 78 66 44 58 173 104 115 149 3 43 119 24 81 138 88 121 5 |151 131 72 26 200 21 153 134 137 136 39 193 52 48 20 85 197 |112 99 165 190 53 28 9 159 106 4 189 163 157 2 13 56 |67 111 62 50 14 126 110 141 168 176 27 167 32 90 45 36 144 1 11 |183 73 199 49 86 102 82 182 155 17 83 150 114 87 139 105 185 142 196 |80 37 152 127 38 34 181 77 180 191 93 145 29 35 16 64 192 98 92 ||186 7 |146 195 47 |74 161 178 |101 61 ||31 84 |122 171 |33 174 ||18 41 |133 108 ||103 187 |179 76 |116 198 10 |
20013.49 1304566.59
109 57 69 71 118 79 55 46 15 8 129 40 54 162 169 148 177 |92 140 120 95 30 125 154 156 19 184 117 188 100 160 94 170 |143 124 60 96 51 164 6 113 175 12 63 42 22 194 135 59 68 |132 70 168 25 23 147 166 130 91 123 97 128 75 89 158 172 |107 78 66 44 58 173 104 115 149 3 43 119 24 81 138 88 121 5 |151 131 72 26 200 21 153 134 137 136 39 193 52 48 20 85 103 197 |99 165 190 112 28 9 159 106 4 189 163 157 2 13 56 |67 111 62 50 14 126 141 110 167 176 27 32 90 45 36 144 1 11 65 |183 73 199 49 86 102 82 182 155 17 83 150 114 87 139 105 185 142 196 |80 53 37 152 127 38 34 181 77 180 191 93 145 29 35 16 64 192 98 ||186 7 |146 195 47 |74 161 178 |101 61 ||31 84 |122 171 |33 174 ||18 41 |133 108 ||187 179 76 |116 198 10 |
19736.54 1324223.88
29 24 177 18 90 162 47 190 165 87 14 60 107 73 56 55 75 |91 121 88 46 1 36 12 156 136 155 132 176 104 170 114 150 142 54 |37 99 147 74 118 71 128 163 95 72 26 42 15 182 65 171 7 40 |57 93 194 11 175 39 6 25 139 23 105 44 192 140 108 78 5 |97 143 62 85 41 58 94 193 70 115 113 119 63 22 81 125 148 |20 124 50 52 164 168 53 160 80 101 200 144 34 77 189 135 198 183 |100 186 134 8 4 102 67 191 69 123 157 130 120 166 66 64 98 92 |48 16 199 79 131 138 49 30 45 38 19 184 27 173 141 96 31 197 |83 152 167 126 109 133 151 2 111 145 174 86 158 159 9 129 137 |112 84 185 110 51 117 32 17 127 153 21 154 106 116 59 68 89 172 ||187 169 |28 82 |149 43 |179 103 161 178 ||188 196 |181 35 ||180 10 33 |13 146 ||3 61 |122 195 76 |
20345.38 1239885.07
44 109 148 54 162 40 129 8 15 46 79 118 71 69 57 55 |140 120 95 174 30 125 154 156 19 188 100 160 170 94 117 184 177 |143 124 60 96 51 164 6 113 175 12 63 42 22 194 135 59 68 |75 172 158 89 128 97 123 91 130 166 147 23 25 168 70 132 112 |107 78 66 58 173 104 115 149 3 43 119 24 81 138 88 121 5 |151 131 72 26 200 21 153 134 137 136 39 193 52 48 20 85 103 197 169 |99 165 190 53 28 9 159 106 4 189 163 157 2 13 56 |67 111 62 50 14 126 141 110 167 176 27 32 90 45 36 144 1 11 65 |183 73 199 49 86 102 82 182 155 17 83 150 114 87 139 105 185 142 196 |80 37 152 127 38 34 181 77 180 191 93 145 29 35 16 64 192 98 92 ||186 7 |146 195 47 |74 161 178 |101 61 ||171 33 |31 84 |122 ||18 108 |41 133 ||179 76 |10 198 116 187 |
19709.82 1342166.14
