Time:0
Last Iter:2
Last Update:2
Tabu:0
Last Time0
2
61 59 28 152 154 114 188 91 73 186 1 149 23 |107 157 166 126 140 33 120 151 199 121 35 71 195 100 87 185 86 104 172 |180 37 194 110 122 53 27 164 64 147 198 167 99 50 49 118 |119 196 128 139 72 82 145 78 93 83 55 103 106 40 174 |81 9 129 32 62 117 79 131 187 132 43 34 92 25 |57 113 31 112 178 193 8 16 51 102 22 97 68 90 48 88 4 36 6 11 19 |14 95 177 111 190 77 47 156 165 109 89 124 56 135 41 184 138 146 75 148 63 101 |21 80 29 170 116 175 58 150 26 155 105 10 130 141 12 85 197 125 66 74 163 |192 161 108 60 137 46 76 182 30 3 123 158 17 13 189 176 160 54 |7 168 169 84 183 65 15 18 171 136 144 181 142 143 38 162 200 ||20 44 |127 69 |173 191 |96 24 |153 |67 |70 ||2 94 ||159 45 133 |115 39 ||42 98 |179 52 5 |134 |
25959.68 1518972.81
119 196 164 114 188 91 73 186 1 149 23 |166 107 50 28 126 140 33 120 151 199 121 35 71 195 87 185 86 104 |152 157 37 194 110 122 53 27 64 147 198 167 99 118 49 180 |61 154 128 139 72 82 145 78 93 83 55 103 172 106 40 174 |81 9 59 100 129 32 62 117 79 131 187 132 43 34 92 25 |57 113 31 112 178 193 98 67 8 16 51 102 22 97 68 90 48 88 4 36 6 11 19 |14 95 177 111 190 77 47 156 165 109 89 124 56 135 41 184 138 146 75 101 63 |21 80 29 170 116 175 58 150 26 155 105 10 130 141 12 85 197 125 66 74 163 |54 17 13 189 176 160 60 137 46 76 182 30 3 108 161 192 |7 168 169 84 183 65 15 158 18 171 136 144 181 142 143 38 162 200 ||20 44 |127 69 |173 191 |96 24 |123 |70 ||2 94 ||153 133 |45 115 39 |148 159 ||179 52 5 |134 42 |
24452.65 1548573.74
61 152 196 164 114 188 91 73 186 1 23 |166 107 50 28 126 140 33 120 151 199 121 35 71 195 87 185 86 104 |180 157 149 37 194 110 122 53 27 64 147 198 167 99 118 49 |119 154 128 139 72 82 145 78 93 83 55 103 172 106 40 174 |100 81 9 59 129 32 62 117 79 131 187 132 43 34 92 25 |57 113 31 112 178 193 98 8 16 51 102 22 97 68 90 48 88 4 36 6 11 19 |14 95 177 111 190 77 47 156 165 109 89 124 56 135 41 184 138 146 75 101 63 |21 80 29 170 116 175 58 150 26 155 105 10 130 141 12 85 197 125 66 74 163 |192 161 108 60 137 46 76 182 30 3 158 17 13 189 176 160 54 |7 168 169 84 183 65 15 18 171 136 144 181 142 143 38 162 200 ||20 44 |127 69 |173 191 |96 24 |67 |123 |70 |153 ||2 94 ||133 45 115 39 |148 159 ||179 52 5 |134 42 |
25878.72 1543565.03
