Time:0
Last Iter:4
Last Update:4
Tabu:0
Last Time0
4
187 103 73 177 197 137 200 45 140 116 38 76 148 89 26 |128 98 179 173 110 55 11 167 69 155 18 75 181 82 35 182 53 113 107 87 |117 120 17 157 13 33 118 48 172 174 32 144 162 112 146 46 |163 83 39 121 72 130 145 138 122 135 136 147 189 27 29 47 |106 196 142 183 62 74 96 176 7 191 19 49 134 95 132 166 |169 22 115 94 124 4 31 84 2 171 165 56 79 34 156 |159 70 15 152 105 12 60 25 71 170 188 90 30 93 108 52 14 168 |41 78 111 88 63 160 180 133 85 164 92 37 65 99 6 139 150 |16 123 43 42 178 21 104 161 20 28 59 141 129 5 3 192 195 |80 199 58 102 57 51 8 81 23 77 193 127 66 9 153 86 154 186 185 ||198 36 |184 194 |158 |67 50 |131 68 ||24 143 |64 |97 61 |125 ||10 175 |91 149 |54 100 |190 101 ||119 126 |109 40 |114 151 |44 1 |
19300.14 1216475.48
163 127 112 134 49 19 162 96 122 48 98 183 177 197 |80 74 159 174 85 79 152 66 119 157 192 89 166 23 156 107 |173 58 139 42 164 27 29 141 59 84 83 106 24 151 137 26 |102 99 32 77 117 17 25 31 170 71 76 30 93 13 195 |199 123 57 62 179 110 22 52 115 167 94 116 188 154 28 153 120 12 185 |128 65 118 72 142 11 140 69 155 75 35 56 34 15 47 81 |43 145 169 21 39 88 148 105 2 82 191 7 176 189 16 8 113 |136 172 138 6 55 54 168 111 90 38 4 126 9 181 193 182 |121 100 196 45 178 130 103 135 187 133 180 160 63 60 129 86 |200 108 78 104 33 73 37 97 1 70 46 147 51 144 146 95 171 5 ||109 198 |186 |92 |67 61 |175 3 |158 ||18 |64 184 |68 131 |132 |161 125 |36 ||91 190 |14 124 |194 10 |114 87 |150 |41 ||165 53 |149 40 |101 143 |50 44 |20 |
19282.56 1257506.20
163 127 112 134 19 162 96 122 48 98 183 177 197 |80 74 159 174 85 79 152 66 119 157 192 89 166 23 156 107 |173 58 139 42 164 27 29 141 59 84 83 106 24 151 137 26 |32 49 77 117 17 25 31 170 71 76 30 93 13 99 102 33 195 |199 123 57 62 179 110 22 52 115 167 94 116 41 188 154 28 153 120 12 185 |128 65 118 72 142 11 140 69 155 75 35 56 34 15 47 81 |43 145 169 21 39 88 148 105 2 82 191 7 176 189 16 8 113 |136 172 138 6 55 54 168 111 90 38 4 126 9 181 193 182 |121 196 45 178 130 103 135 187 133 180 160 63 60 129 86 |200 108 78 104 73 37 97 1 70 46 147 51 144 146 95 171 5 ||109 198 |186 |92 |67 61 |175 3 |158 ||18 |64 184 |68 131 |132 |161 125 |36 ||91 190 |14 124 |194 10 |114 87 |150 ||165 53 |101 40 50 |20 143 |149 100 |44 |
19255.34 1264180.24
187 103 73 177 197 137 200 45 140 116 38 76 148 126 89 26 |107 113 53 182 35 82 181 75 18 155 69 167 11 55 110 173 179 98 128 87 |117 120 17 157 13 33 118 48 172 174 32 144 162 112 146 46 |12 163 83 39 121 72 130 145 138 122 135 136 147 189 27 29 47 |106 196 142 183 62 74 96 176 7 191 19 49 134 95 132 166 |80 169 22 115 94 124 4 31 84 2 171 165 56 79 34 156 |159 70 15 152 105 60 25 119 170 71 188 90 30 93 108 52 168 20 |41 78 111 88 63 160 180 133 85 164 37 65 99 6 139 150 |16 123 43 42 178 21 104 161 28 59 141 129 5 3 192 195 |199 58 102 57 51 8 81 23 77 193 127 66 9 153 86 154 186 125 143 185 ||92 198 |36 184 |194 158 |67 50 |131 68 |10 ||24 64 |97 61 ||14 91 |149 175 |54 100 |190 101 ||114 |1 44 |109 40 151 |
19252.43 1283053.51
183 163 127 112 134 49 19 162 96 122 48 98 177 199 197 |80 74 159 174 85 79 152 66 119 157 192 89 185 166 23 156 107 |173 58 139 42 164 27 29 141 59 84 83 106 24 151 137 26 |102 99 32 77 117 17 25 31 170 71 76 30 93 13 195 |123 57 62 179 110 22 52 115 167 94 116 188 154 28 153 120 12 |33 128 65 118 72 142 11 140 69 155 75 35 56 34 15 81 47 |43 145 169 21 39 88 148 105 2 82 165 191 7 176 189 16 8 113 |136 172 138 6 55 54 168 111 90 38 4 126 9 181 193 182 |121 196 45 178 130 103 135 187 133 180 160 63 60 129 86 |200 108 78 104 73 37 97 1 70 46 147 51 144 146 95 171 5 ||109 198 |186 |92 |67 61 |175 3 |158 ||36 |18 |64 184 |68 131 |132 |161 125 ||41 91 |190 14 124 |194 10 |114 87 |150 ||143 50 |53 |40 101 |149 |44 |20 |100 |
19755.27 1216068.78
183 163 127 112 134 49 19 162 96 122 48 98 177 197 |80 74 159 174 85 79 152 66 119 157 192 89 166 23 156 107 |173 58 139 42 27 29 141 59 84 83 106 24 151 137 26 |102 99 32 77 117 17 25 31 170 71 76 30 93 13 195 |116 199 123 57 62 179 110 22 52 115 94 167 188 154 153 120 12 185 |33 128 65 118 72 142 11 140 69 155 75 35 56 34 15 47 81 |43 145 169 21 39 88 148 105 2 82 191 7 176 189 16 8 113 |136 172 138 6 55 54 168 111 90 38 4 126 9 181 193 182 |121 196 45 178 130 103 135 187 133 180 160 63 60 129 86 |200 108 78 104 73 37 97 1 70 46 147 51 144 146 95 171 5 ||109 198 |28 |186 |92 |67 61 |175 3 |158 |164 ||18 |64 184 |68 131 |132 |161 125 |36 ||91 190 |14 124 |194 10 |114 87 |150 |41 ||165 53 |149 40 |101 143 |50 44 |20 |100 |
19761.99 1209057.73
187 103 73 177 197 137 200 45 140 116 38 76 148 126 89 26 |113 53 182 35 82 181 75 18 155 69 167 11 55 110 173 179 98 128 |117 120 17 157 13 33 118 48 172 174 144 162 112 146 46 107 |12 163 83 39 121 72 130 145 138 122 135 136 147 32 27 189 29 47 |106 196 142 183 62 74 96 176 7 191 19 49 134 95 132 166 |169 22 115 94 124 4 25 31 84 2 171 165 79 34 156 |159 70 15 56 152 105 188 90 30 93 108 52 14 168 20 71 170 119 60 |41 78 111 88 86 63 160 180 133 85 164 92 37 65 6 139 150 |16 123 43 42 99 178 21 104 161 28 59 141 129 5 3 192 195 |87 80 199 58 102 57 51 8 23 77 193 127 66 9 153 154 186 143 185 ||68 198 |36 184 |194 158 |67 50 |131 ||97 61 |81 |125 24 |64 ||100 91 149 |54 175 190 |101 |10 ||109 40 |114 151 |44 1 |
19048.75 1303308.70
