Time:0
Last Iter:4
Last Update:4
Tabu:0
Last Time0
4
39 153 168 177 80 83 11 57 6 110 112 69 173 20 19 146 193 |50 71 143 197 92 171 194 16 52 133 166 22 10 |147 47 34 139 76 127 96 183 142 159 32 119 97 66 35 |4 145 180 63 124 135 195 99 103 93 182 14 78 154 152 |167 98 114 90 38 74 106 86 49 31 156 37 136 13 2 |149 81 131 82 108 175 70 75 148 172 25 59 100 155 129 |54 79 91 77 18 58 5 67 85 109 17 68 30 165 |141 94 169 9 84 150 41 111 36 44 184 181 29 23 130 33 51 |123 102 189 105 178 12 45 196 8 87 104 55 198 122 48 144 |40 24 62 121 7 88 186 113 132 170 115 42 190 199 46 179 ||53 160 |27 151 60 |191 161 |128 126 176 65 |188 187 21 118 ||140 192 |137 101 |120 163 |15 73 |64 61 ||56 72 185 |26 174 |162 134 |125 138 |157 1 ||107 200 |164 |117 95 |116 89 |28 3 |43 |158 |
14314.81 858703.82
39 177 80 83 11 57 6 110 112 69 173 20 19 190 146 193 |50 71 143 168 197 92 171 194 16 52 133 166 22 10 |147 34 139 76 127 96 183 142 159 32 119 97 66 45 35 |4 72 145 180 63 124 135 195 99 103 93 182 14 78 154 152 |167 98 114 90 38 74 106 86 49 31 156 37 136 13 2 |149 81 131 82 108 175 70 75 148 172 25 59 100 155 129 |54 79 91 77 153 18 58 5 67 85 109 17 68 30 165 |141 169 9 84 150 41 111 36 44 184 181 29 23 130 33 51 |47 102 189 105 178 123 12 196 8 87 104 55 198 122 48 144 |40 24 62 121 7 88 94 186 113 132 170 115 42 199 46 179 ||53 160 |27 151 60 |191 161 |128 126 176 65 |188 187 21 118 ||140 192 |137 101 |120 163 |15 73 |64 61 ||157 1 56 185 |26 174 |162 134 |125 138 ||43 |158 28 164 |117 95 |116 89 |200 3 107 |
14351.18 848862.83
39 177 80 83 11 57 6 110 112 69 173 20 23 19 146 193 10 |50 71 143 168 92 49 171 194 16 126 52 133 166 22 |147 34 139 76 127 96 183 142 159 32 119 97 66 45 35 |4 72 145 63 124 135 195 99 103 93 182 14 78 154 152 |167 98 101 114 90 38 74 106 86 31 156 180 37 136 13 2 |149 81 131 82 108 175 70 75 148 172 25 59 100 155 129 |54 79 91 77 153 18 58 5 67 85 109 17 68 30 165 |51 33 197 130 29 181 184 44 36 162 111 41 150 84 9 169 141 |47 102 189 105 178 123 12 196 8 87 104 198 122 48 144 |40 24 62 121 7 88 94 186 113 132 170 115 42 190 199 46 179 ||53 160 |27 151 60 |191 161 |128 176 65 |188 187 21 118 ||140 192 |137 163 120 |15 73 |64 61 ||138 174 125 157 |1 56 185 |26 134 ||158 55 |164 200 |117 95 |116 3 |89 107 |43 28 |
14224.57 897374.01
39 177 80 83 11 57 6 110 112 69 173 20 23 19 146 193 |50 71 143 168 197 92 171 194 16 52 133 166 22 10 |147 34 139 76 127 96 183 142 159 32 119 97 66 45 35 |72 4 145 63 124 135 195 99 103 93 182 158 14 78 154 152 |167 98 114 90 38 74 106 86 49 31 156 180 37 136 13 2 |149 81 131 82 108 175 70 75 148 172 25 59 100 155 129 |54 79 91 77 153 18 58 5 67 85 109 17 68 30 165 |141 169 9 84 150 41 111 36 44 184 181 29 130 33 51 |47 102 189 105 178 123 12 196 8 87 104 198 122 48 144 |40 24 62 121 7 88 94 186 113 132 170 115 42 190 199 46 179 ||53 160 |27 151 60 |191 161 |128 126 176 65 |188 187 21 118 ||140 192 |137 101 |120 163 |15 73 |64 61 ||1 157 174 |56 185 |26 162 134 |125 138 ||43 |117 95 |55 164 |200 3 107 |28 |116 89 |
14366.34 840981.80
45 77 145 172 100 190 130 85 46 |119 91 198 78 191 98 30 140 80 192 148 143 177 168 136 13 105 |193 167 27 59 63 31 132 131 9 121 176 90 127 55 22 152 |129 156 171 32 95 65 114 60 139 185 144 48 154 |64 194 74 41 104 110 34 25 71 56 1 5 33 92 51 123 |187 149 17 20 19 161 178 53 170 73 108 113 82 7 12 10 |84 164 111 162 93 14 36 44 57 68 50 83 181 89 69 47 147 157 |134 184 40 133 96 142 159 94 141 186 86 175 70 189 75 67 |26 87 150 103 126 88 39 153 124 18 2 42 155 199 116 109 11 29 23 |115 180 37 197 112 165 62 99 196 52 16 81 79 128 106 66 ||179 58 |188 38 |107 49 |72 4 |8 195 |61 200 ||151 163 28 |182 173 |122 138 15 |54 174 146 |137 118 ||158 24 |43 |3 160 |183 76 |166 97 |117 ||21 125 |35 120 |135 |101 |169 102 |6 |
14272.47 890793.81
39 177 80 83 11 57 6 110 112 69 173 20 23 19 146 193 |50 71 143 168 197 92 171 194 16 52 38 133 166 22 10 |147 34 139 76 127 96 183 142 159 32 119 97 66 45 35 |4 72 145 63 124 135 195 99 103 93 182 14 78 154 152 |167 98 114 90 74 106 86 49 31 156 180 37 136 13 2 |149 81 131 82 108 175 70 75 148 172 25 59 100 155 129 |54 79 91 77 153 18 58 5 67 85 109 17 68 30 165 |141 169 9 84 150 41 111 36 44 184 181 29 130 33 51 |47 102 189 105 178 123 12 196 8 87 104 198 122 48 144 |40 24 62 121 7 88 94 186 113 132 170 115 42 190 199 46 179 ||53 160 |27 151 60 |191 161 |176 128 |126 65 188 |187 21 118 ||140 192 |137 101 |120 163 |15 73 |64 61 ||1 157 125 174 |56 185 |26 134 |162 138 ||158 55 |164 200 |3 107 |28 43 |116 89 |117 95 |
14410.27 836998.56
152 190 100 46 85 172 145 77 45 |119 91 198 78 191 98 30 80 130 192 148 143 177 168 136 13 105 |193 167 27 59 63 31 132 131 9 121 176 90 127 55 22 |129 156 153 171 32 95 65 114 60 139 185 144 48 154 |64 194 74 38 41 104 110 34 25 71 56 1 5 33 92 51 123 |187 149 17 20 19 161 178 53 170 73 108 113 82 7 12 10 |93 84 164 111 162 14 36 44 57 68 50 83 181 89 69 47 147 157 |134 184 40 158 133 96 142 159 52 94 186 86 175 70 189 75 67 |26 87 150 103 126 88 39 124 18 2 42 155 199 116 109 11 29 23 |115 180 197 112 165 62 99 79 81 196 16 141 106 128 66 ||140 179 |58 188 |107 49 |72 4 |8 195 |61 200 ||151 163 28 |182 173 |122 138 15 |54 146 |174 137 118 ||24 160 |183 76 |166 97 |117 |43 |3 ||6 21 120 |135 37 |101 |169 125 |102 35 |
14184.73 937600.13
39 168 177 80 83 11 57 6 110 112 69 173 20 23 19 146 193 |71 50 143 197 92 171 194 16 52 133 166 22 10 |147 34 139 76 127 96 183 142 159 32 119 97 66 45 35 |4 145 180 63 124 135 195 99 103 93 182 14 78 154 152 |167 98 114 90 38 74 106 86 49 31 156 37 136 13 2 190 |149 81 131 82 108 175 70 75 148 172 25 59 100 155 129 |54 79 91 77 18 58 5 67 85 109 17 68 30 165 |141 169 9 84 150 41 111 36 44 184 181 29 130 33 51 |47 102 189 105 178 123 12 196 8 87 104 198 122 48 144 |40 24 62 121 7 88 94 186 113 132 170 115 125 42 199 46 179 ||53 153 |160 27 |151 60 |191 161 |128 126 176 65 |188 187 21 118 ||140 192 |137 101 |120 163 |15 73 |64 61 ||72 138 |157 1 56 185 |26 174 |162 134 ||55 158 |164 200 |3 107 |28 43 |116 89 |117 95 |
14520.80 835790.14
77 145 200 190 100 85 172 68 93 110 45 152 |119 91 198 78 191 98 30 140 80 130 192 148 143 177 168 136 13 105 |193 167 27 59 63 31 132 131 9 121 90 127 22 |129 156 171 32 95 65 114 60 139 185 144 48 154 |104 41 74 194 64 92 123 51 33 5 56 71 25 34 |187 149 21 17 20 19 161 178 53 170 73 108 113 82 7 12 10 |84 164 163 111 162 14 36 44 57 50 83 181 89 69 46 47 147 157 |134 184 40 133 96 142 159 52 94 141 186 86 175 70 189 67 |26 87 150 103 126 88 39 124 18 199 116 109 11 29 23 155 42 2 66 |115 180 37 75 197 1 112 165 62 99 196 16 81 79 128 106 ||58 188 |38 174 |118 55 |107 49 |72 179 4 |8 195 |6 |61 ||151 28 |182 173 |153 122 |138 15 |54 146 |137 ||97 160 |3 |183 76 |117 |176 |158 |43 24 ||169 125 |101 120 35 |135 102 |166 |
14183.06 949938.85
39 177 80 83 11 57 6 110 112 69 173 20 23 19 146 193 |71 50 143 168 197 92 171 194 16 52 133 166 22 10 |147 34 139 76 127 96 183 142 159 32 119 97 66 45 35 |4 145 180 63 124 135 195 99 103 93 182 14 78 154 152 |167 98 114 90 38 74 106 86 49 31 156 37 136 13 2 190 |149 81 131 82 108 175 70 75 148 172 25 59 100 155 129 |54 79 91 77 18 58 5 67 85 109 17 68 30 165 |141 169 9 84 150 41 111 36 44 184 181 29 130 33 51 |47 102 189 105 178 123 12 196 8 87 104 198 122 48 144 |40 24 62 121 7 88 94 186 113 132 170 115 42 199 46 179 ||153 53 |160 27 |151 60 |191 161 |128 126 176 65 |188 187 21 118 ||140 192 |137 101 |120 163 |15 73 |64 61 ||72 134 |1 157 174 |56 185 |26 162 |125 138 ||55 158 |164 200 |3 107 |28 43 |116 89 |117 95 |
14531.32 833248.86
45 77 61 200 145 1 172 68 93 110 85 100 190 152 |119 91 198 78 191 98 30 140 80 130 192 148 143 177 168 136 13 105 |193 167 27 59 63 31 132 131 9 121 90 127 22 |129 156 171 32 95 65 154 60 114 101 184 139 48 144 185 |104 41 74 194 64 92 123 51 33 5 56 71 25 34 |187 149 21 17 20 19 161 178 53 170 73 108 113 82 7 12 10 |84 164 163 111 162 14 36 44 57 50 83 181 89 69 46 47 147 157 |134 40 133 96 142 159 52 94 141 186 86 175 70 189 75 67 |26 87 150 103 126 88 39 124 18 199 116 109 11 29 23 155 42 2 66 |115 180 197 112 165 62 99 196 16 81 79 128 106 ||58 188 |38 174 |118 55 |107 49 |72 179 4 |8 195 |6 ||151 28 |182 173 |153 122 |138 15 |54 146 |137 ||183 76 |160 |166 97 |117 |176 |158 |43 24 ||3 |120 |135 37 |169 125 |102 35 |
14123.48 951678.23
