Time:0
Last Iter:3
Last Update:3
Tabu:0
Last Time0
3
43 5 37 50 45 42 18 4 8 7 32 36 |28 29 11 27 47 19 44 48 30 38 17 |6 41 12 1 15 33 21 23 26 14 ||40 |49 46 34 |10 |31 |13 |35 |3 |2 |9 |22 ||20 16 25 ||39 24 |
5487.90 99476.92
43 5 37 50 45 42 18 4 8 7 32 |29 11 27 47 19 44 48 30 38 17 28 |6 41 12 1 15 33 21 23 26 14 31 ||40 49 46 34 |10 13 35 3 |2 9 22 |36 ||20 16 25 ||39 24 |
5416.62 99819.50
4 21 14 23 26 30 18 42 45 43 17 28 |47 44 33 1 12 41 6 27 11 29 |5 37 50 38 48 19 8 7 15 32 ||35 24 |16 25 |39 22 |49 |20 |10 |46 |3 |2 |13 ||9 ||40 31 36 34 |
5886.68 94600.46
43 5 37 50 45 42 18 4 8 7 |17 38 30 48 44 19 47 32 27 11 29 28 |6 41 12 1 15 33 21 23 26 14 ||40 49 36 |46 34 10 31 |13 35 3 2 |9 22 ||20 16 25 ||39 24 |
5309.41 101356.01
