Time:0
Last Iter:3
Last Update:3
Tabu:0
Last Time0
3
22 30 14 1 27 42 39 18 35 40 |33 5 20 15 41 43 38 17 |44 3 36 50 31 9 11 45 26 47 8 46 ||13 25 49 |10 12 29 |48 19 7 |37 6 28 ||23 24 21 32 |2 4 ||16 34 |
4401.01 79342.64
22 30 14 1 27 42 39 18 35 40 |33 17 38 43 41 15 20 5 46 |8 47 45 11 9 31 50 36 3 44 26 ||16 34 19 |13 10 |25 |23 |49 |37 |48 |4 |7 |2 ||21 24 32 |29 6 ||12 28 |
4719.09 71411.57
22 30 14 1 27 42 39 18 35 40 |33 5 20 15 41 43 38 17 47 |44 3 36 50 31 9 11 45 26 46 8 ||28 49 |23 |37 6 |12 34 |25 |29 |7 |2 |48 |4 |10 ||24 21 19 32 ||13 16 |
4731.34 70131.42
22 30 14 1 27 42 39 18 35 40 |33 8 5 20 15 41 43 38 |26 44 3 36 50 31 9 11 45 17 47 46 ||34 19 49 37 |16 13 4 |25 2 48 |7 23 6 12 ||24 21 32 29 ||10 28 |
4353.76 88300.65
