Time:0
Last Iter:3
Last Update:3
Tabu:0
Last Time0
3
15 24 17 19 48 5 38 46 |9 27 25 13 35 12 6 2 |1 29 39 7 33 20 50 ||36 30 26 45 |42 16 3 |37 28 11 |18 23 43 40 |31 ||21 47 22 41 |14 8 ||34 32 44 10 |49 4 |
4717.26 75092.10
33 7 2 19 25 13 27 9 |35 15 24 48 29 39 38 46 |1 17 50 12 6 20 32 5 ||36 26 8 10 |47 30 |18 21 42 3 |49 |37 |14 |43 |11 |22 |16 |4 ||40 44 28 |45 23 ||34 |31 41 |
5042.20 71730.74
20 7 2 19 25 13 27 9 |35 15 24 48 1 29 39 38 |17 50 12 6 33 46 32 5 31 ||36 8 10 |42 3 |37 |21 41 |26 |18 |47 |14 |11 |43 |16 |40 ||44 28 |45 23 ||34 4 22 |49 30 |
5143.25 70905.69
15 24 17 19 48 1 38 46 |9 27 25 13 35 12 6 2 |5 29 39 7 33 20 50 ||31 36 30 26 45 |42 37 16 |3 11 18 23 |28 8 43 40 |14 ||21 47 22 41 ||4 34 32 10 |49 44 |
4668.86 80402.86
