Time:0
Last Iter:4
Last Update:4
Tabu:0
Last Time0
4
44 42 31 5 17 3 19 12 |39 22 7 37 32 4 35 50 38 15 |10 43 27 36 33 2 9 14 6 40 ||30 49 |23 11 |47 24 |8 45 41 |34 18 |1 ||28 13 |26 25 20 ||16 46 48 |21 29 |
10612.79 146795.29
22 9 4 38 36 48 20 15 18 |10 43 27 44 19 3 40 14 6 31 39 |8 42 35 50 12 33 29 17 5 ||16 24 |13 46 |21 2 |23 11 |37 1 ||28 25 |49 47 7 |26 30 ||34 45 |32 41 |
11305.60 145155.79
42 39 31 5 17 3 19 12 44 15 |1 22 7 37 32 4 35 50 38 |10 43 27 36 33 2 9 14 6 40 ||30 49 |23 11 |47 24 |8 45 41 |34 18 ||28 13 |26 25 20 ||46 16 48 |21 29 |
10455.75 160156.18
36 39 42 31 5 17 3 12 44 15 |27 22 19 4 35 50 38 46 |43 10 6 14 9 33 40 ||30 49 |11 23 |47 24 |8 45 18 |34 41 |32 |16 |37 |21 |1 |2 |7 |13 ||28 20 |26 |25 ||48 29 |
12176.36 135842.14
39 42 31 5 17 40 3 12 44 |1 22 7 37 32 19 4 35 50 38 15 |10 43 27 36 46 33 2 9 14 6 ||30 49 |11 23 |47 24 |8 45 41 |34 18 ||28 13 |26 25 20 ||16 48 |21 29 |
10434.40 171319.97
