Time:0
Last Iter:3
Last Update:3
Tabu:0
Last Time0
3
19 23 12 30 16 2 48 29 11 3 |24 27 45 36 21 20 22 39 17 |38 10 42 41 34 6 35 47 32 49 ||9 28 |8 33 |25 46 |1 18 |50 5 26 ||37 4 ||15 44 |13 43 |40 14 |7 31 |
9899.33 137089.69
19 23 12 15 30 16 2 48 29 11 3 |24 27 45 36 21 20 22 39 17 |38 10 42 41 34 35 47 32 49 ||9 28 |8 33 |25 46 |1 18 |50 5 26 ||37 4 |6 ||44 13 43 |40 14 |7 31 |
9941.67 136934.86
12 19 3 11 29 48 2 16 30 49 |24 27 45 36 21 20 22 39 17 |38 10 23 42 41 34 35 47 32 ||8 33 |7 31 |25 46 |1 18 |50 5 26 ||37 4 |9 6 |15 28 ||44 13 14 |40 43 |
9468.72 144614.32
12 47 30 35 15 33 16 2 48 29 11 3 |23 19 27 45 36 21 20 22 39 17 |24 38 10 42 41 34 32 49 ||26 50 |9 28 |5 |25 46 |18 |8 |1 |6 |13 ||37 4 ||7 31 |40 43 |44 14 |
10748.87 133983.04
