Time:0
Last Iter:2
Last Update:2
Tabu:0
Last Time0
2
45 9 10 37 29 50 |15 2 38 26 25 |48 7 11 18 21 35 ||28 |1 |14 |12 |42 |46 17 |6 |3 |36 |49 |13 |5 30 |39 |33 |41 |31 |40 |24 |44 |8 |32 |47 |19 |43 |27 |16 |22 ||34 |20 ||23 |4 |
9040.16 89668.40
45 10 9 2 37 29 50 |7 38 26 35 25 |48 15 11 18 21 ||42 20 1 |46 17 |6 3 36 |49 13 |19 43 |28 |30 39 |33 41 |40 |24 |32 47 |5 |14 |27 |31 |22 |12 ||34 16 |44 8 ||4 23 |
7845.76 94312.21
50 29 37 10 9 45 |2 35 26 38 25 |15 48 21 18 11 7 ||1 |42 |22 |46 17 |6 36 |49 13 |5 30 |39 |41 |31 |40 |24 |44 8 |47 |19 43 |27 |33 |12 |3 |14 |32 |28 ||20 |34 ||4 23 |16 |
9165.56 87367.87
