Time:0
Last Iter:2
Last Update:2
Tabu:0
Last Time0
2
37 2 24 18 15 33 9 48 22 31 |38 39 30 19 36 17 16 26 29 |5 12 47 10 32 23 45 44 14 46 11 4 27 ||40 42 |49 |20 |43 |8 |21 ||41 |1 25 |7 13 |50 ||6 28 |3 35 34 |
16095.13 174615.88
24 18 15 33 20 43 9 48 22 31 |39 2 5 30 36 47 16 26 4 27 29 |11 46 14 44 45 23 32 10 38 17 12 37 19 ||40 42 |49 ||41 8 |1 34 |7 13 |21 50 ||6 28 |3 35 25 |
14895.47 215386.11
12 2 24 18 15 33 9 48 22 31 |38 39 30 37 36 8 16 26 29 |5 19 41 1 17 10 32 23 45 44 14 46 11 4 27 ||40 42 |49 |20 |43 |47 ||34 7 13 |21 50 ||6 28 |3 35 25 |
16008.60 195873.51
