Time:0
Last Iter:4
Last Update:4
Tabu:0
Last Time0
4
36 27 15 30 35 16 49 18 40 6 10 7 |17 33 22 12 9 28 24 13 20 1 3 44 38 45 31 11 |37 47 50 21 14 32 42 46 39 5 2 26 ||41 |4 |43 ||29 |19 34 ||23 8 |25 |48 |
16905.96 261272.07
11 36 27 15 30 35 16 49 18 6 10 7 |17 33 22 12 9 28 24 13 1 40 3 44 38 45 31 |37 47 50 21 14 32 42 46 39 5 2 26 ||41 |4 |43 ||34 |29 |19 ||23 |48 |25 |8 |20 |
16803.86 265563.17
36 27 15 30 35 16 49 18 40 6 10 24 7 |17 33 22 12 9 28 13 1 3 44 38 45 31 11 |37 47 50 21 14 32 42 46 39 5 2 26 ||41 |4 |43 ||29 |34 19 ||20 |48 |8 23 |25 |
16512.20 271567.61
17 36 27 29 15 30 3 16 49 18 40 6 10 7 |11 31 45 38 44 35 4 1 13 24 28 9 12 22 33 |25 37 47 50 21 14 32 42 46 39 8 2 26 ||41 |43 ||19 34 ||5 23 |20 |48 |
16487.93 292092.06
9 1 49 16 37 48 44 30 31 11 7 |45 38 35 10 24 12 22 2 33 5 46 27 36 14 |15 21 32 42 17 39 8 28 13 6 4 3 47 ||50 |25 |40 |18 ||41 23 26 |29 |20 ||19 |43 |34 |
18093.11 260376.46
10 6 40 18 49 16 35 48 11 30 15 27 36 7 |33 22 12 9 28 24 13 20 1 4 3 44 38 45 31 |37 47 50 21 14 32 42 46 17 39 5 2 26 ||41 |43 ||29 |19 34 ||23 8 |25 |
16477.59 305535.73
9 1 49 16 37 44 30 31 11 7 |45 38 35 10 24 12 22 2 33 5 46 27 36 14 |15 21 32 42 17 39 28 13 6 4 3 47 48 ||8 |50 |25 |40 |18 ||20 41 |23 26 |29 ||43 |19 34 |
18223.77 250776.15
