Time:0
Last Iter:4
Last Update:4
Tabu:0
Last Time0
4
29 21 35 30 39 9 36 10 13 11 14 38 22 |7 4 49 41 6 43 17 18 24 47 19 33 27 |48 25 20 16 28 31 34 26 3 37 5 32 42 ||44 50 |45 ||23 2 |8 12 ||40 1 |15 46 |
17867.23 264881.64
21 34 45 20 25 41 43 24 19 33 32 50 |6 29 48 8 15 16 30 49 4 7 3 42 38 14 22 |27 18 17 47 5 37 10 13 26 36 9 39 31 28 35 ||11 |40 |46 ||2 1 |44 ||12 |23 |
17797.22 304030.23
29 21 35 30 39 9 36 10 13 11 14 38 22 |4 49 41 6 43 17 18 40 24 47 19 33 27 |48 25 20 16 28 31 34 7 26 3 37 5 32 42 ||44 50 |45 ||23 2 |8 12 ||15 46 |1 |
18027.72 264372.54
21 34 31 45 20 41 43 44 24 19 33 14 50 |6 29 48 8 15 25 16 30 49 4 7 3 42 38 22 |27 18 17 47 32 5 37 10 13 26 36 9 39 28 35 ||11 |40 |46 ||2 1 ||12 |23 |
17772.71 315732.25
29 21 35 30 39 9 36 10 13 11 14 38 22 |7 49 41 6 43 17 18 24 47 19 33 27 |48 25 20 16 28 31 34 4 26 3 37 5 32 42 ||50 44 |45 ||23 2 |8 12 ||15 46 |40 1 |
18149.17 261598.83
49 34 31 45 20 25 41 43 24 19 33 32 14 22 |42 3 13 26 36 7 4 30 16 15 8 48 29 6 21 |38 27 18 17 47 5 37 10 9 39 28 35 50 ||11 |40 |46 ||44 2 |1 ||12 |23 |
17320.61 341872.59
14 1 32 33 19 24 23 43 41 20 45 31 34 21 50 |6 29 48 8 15 25 16 30 49 4 7 3 42 38 22 |27 18 17 47 5 37 10 13 26 36 9 39 28 35 ||11 |40 |46 ||44 2 ||12 |
17725.68 337146.64
