Time:0
Last Iter:4
Last Update:4
Tabu:0
Last Time0
4
41 13 4 9 6 28 35 27 22 29 5 10 33 17 |20 39 45 18 3 19 15 49 37 47 31 26 1 8 14 |7 36 2 16 30 11 38 21 42 25 40 43 48 44 34 ||24 23 50 46 ||32 12 ||
22099.13 338454.57
24 41 13 4 9 6 28 35 27 22 29 5 10 33 17 |2 20 39 45 18 3 19 15 49 37 47 31 26 1 8 14 |7 36 16 30 11 38 21 42 25 40 43 48 44 34 ||23 50 46 ||32 12 ||
21824.11 358257.44
41 13 4 9 6 28 35 27 22 29 10 33 17 24 |2 20 39 45 18 3 19 15 49 37 47 31 26 1 8 14 |5 7 36 16 30 11 38 21 42 25 40 43 48 44 34 ||23 50 46 ||32 12 ||
21879.75 357343.44
41 17 9 6 28 35 27 22 29 10 33 24 |2 20 39 45 18 3 19 15 49 37 47 31 26 1 8 4 14 |5 7 36 16 30 11 38 13 21 42 25 40 43 48 44 34 ||23 50 46 ||32 12 ||
22040.83 352993.22
39 20 35 28 2 16 30 4 47 41 43 44 34 17 |33 10 15 29 5 27 6 9 38 11 1 26 8 31 24 12 |36 7 22 45 18 3 19 48 49 37 40 25 42 21 13 32 14 ||||50 23 46 |
20987.92 397141.84
44 43 41 47 14 4 30 16 2 6 28 35 20 39 17 |33 10 5 27 45 29 15 31 8 26 1 11 38 9 12 24 |32 13 21 42 25 40 37 49 34 48 19 3 18 22 7 36 50 ||||23 46 |
20947.23 419688.14
39 20 35 28 6 2 16 30 4 14 47 41 43 44 34 |17 5 27 29 15 10 33 24 31 8 26 1 11 38 9 12 |50 36 7 22 45 18 3 19 48 49 37 40 25 42 21 13 32 ||||23 46 |
20859.33 422166.79
41 29 7 22 27 35 28 6 9 24 33 10 5 |45 2 20 39 18 19 15 49 37 47 31 26 1 8 38 |11 16 36 17 34 44 3 48 43 40 25 42 21 13 ||23 50 46 |4 |30 |14 ||12 32 ||
23758.87 330507.02
