Time:0
Last Iter:4
Last Update:4
Tabu:0
Last Time0
4
50 34 24 31 2 9 33 27 6 19 17 13 39 11 14 45 |42 16 29 28 12 10 46 15 35 25 20 36 26 48 4 47 5 |32 40 37 49 44 23 18 43 7 21 3 30 8 1 22 41 |||38 ||
21750.24 402450.87
5 34 24 31 2 9 33 27 6 19 17 13 39 11 14 45 |42 16 29 28 12 10 46 15 35 25 20 50 36 26 48 4 47 32 |38 40 37 49 44 23 18 43 7 21 3 30 8 1 22 41 ||||
21682.58 414223.85
34 24 31 2 9 33 27 6 19 17 13 39 11 14 42 45 |16 29 28 12 10 46 15 35 25 20 50 36 26 48 4 47 5 |32 38 40 37 49 44 23 18 43 7 21 3 30 8 1 22 41 ||||
22023.11 396934.32
14 11 39 13 17 19 6 27 33 9 2 31 24 34 45 |42 16 29 28 12 10 46 15 35 25 20 50 36 26 48 4 47 5 |32 40 37 49 44 23 18 7 21 3 30 8 1 22 41 |||38 ||43 |
21674.87 445514.53
12 20 24 31 33 48 49 6 19 17 13 39 11 14 45 |34 5 47 4 38 9 2 36 50 25 35 46 10 21 29 42 7 41 |27 37 40 26 32 15 22 1 8 28 3 30 16 18 23 44 43 ||||
22774.59 395263.68
5 34 24 31 2 9 33 27 6 19 17 13 39 11 14 45 |42 16 29 28 12 10 46 15 35 25 20 50 36 26 48 4 47 32 |41 22 1 8 30 3 21 7 43 18 23 44 49 37 40 38 ||||
21598.42 486012.03
