Time:0
Last Iter:3
Last Update:3
Tabu:0
Last Time0
3
27 11 23 32 45 50 21 37 29 24 41 28 16 15 30 40 |8 22 17 31 42 38 44 7 5 39 9 49 34 2 26 13 46 |18 14 12 35 19 1 25 6 3 10 43 48 36 4 20 |||47 33 ||
21572.24 372819.08
27 11 23 32 45 50 21 37 29 24 41 28 16 15 30 40 |31 17 8 22 2 34 26 13 49 9 39 5 7 44 38 42 46 |18 14 12 35 19 1 25 6 3 10 43 48 36 4 20 |||33 47 ||
21555.54 382594.36
27 11 23 32 45 50 21 37 29 24 28 16 15 30 40 |8 22 17 31 42 38 44 7 5 39 9 49 34 2 26 13 46 |18 14 12 35 19 1 25 6 3 10 43 48 36 4 41 20 |||47 33 ||
21624.63 365311.88
27 11 23 32 50 21 37 29 24 41 28 16 15 30 40 |20 8 22 45 17 31 42 38 44 7 5 39 9 49 34 2 26 |18 14 12 35 46 19 1 13 25 6 3 10 43 48 36 4 |||33 47 ||
21490.32 398459.07
