Time:0
Last Iter:2
Last Update:2
Tabu:0
Last Time0
2
60 57 59 39 25 58 66 88 83 78 15 55 49 11 97 71 21 63 95 45 68 77 |80 27 96 32 17 93 23 70 85 4 73 13 29 26 67 43 33 98 9 100 2 16 |51 56 91 28 20 62 36 94 72 41 52 42 82 5 35 90 61 31 47 69 86 8 |65 75 3 84 81 53 46 44 22 24 48 7 38 50 64 40 18 89 6 37 19 79 34 |||12 92 87 ||14 54 74 |76 1 99 ||30 10 |
20655.74 702699.49
60 57 59 39 25 58 66 88 83 78 15 55 49 11 97 71 21 63 95 45 68 77 |80 27 96 32 17 93 23 70 85 4 73 13 29 26 67 43 33 98 9 100 2 16 |51 56 91 28 20 62 36 94 72 75 41 52 42 82 5 35 90 61 31 47 69 86 8 |65 3 84 81 53 46 44 22 24 48 7 38 50 64 40 18 89 6 37 19 79 34 |||12 92 87 ||14 99 74 54 |76 1 ||30 10 |
20703.46 696698.45
