Time:0
Last Iter:2
Last Update:2
Tabu:0
Last Time0
2
62 12 22 38 78 26 9 57 53 88 19 64 |18 45 72 94 15 73 1 7 8 33 37 67 68 10 |96 24 60 31 30 92 23 90 52 21 48 14 84 4 86 |17 54 66 5 29 59 41 46 77 32 ||82 27 3 93 |55 75 25 63 76 2 |35 40 69 |89 65 80 79 |11 |56 |70 |99 ||49 51 81 85 58 98 |50 100 71 28 42 36 |97 6 ||16 61 83 44 47 |34 87 ||39 13 95 43 91 |74 20 |
5294.80 169196.19
62 12 38 78 26 9 57 53 88 19 64 |18 45 72 94 15 73 1 7 8 33 37 67 68 10 |96 24 60 31 30 23 90 52 21 48 14 84 4 86 22 |17 54 66 5 29 59 41 46 77 32 92 ||82 27 3 93 55 |25 75 63 76 2 |69 35 40 89 |11 65 80 79 56 |70 99 ||49 51 81 85 58 98 |50 71 28 42 36 |97 6 ||34 87 100 16 61 83 |44 47 ||91 43 74 95 13 |20 39 |
5126.11 175768.84
