Time:0
Last Iter:3
Last Update:3
Tabu:0
Last Time0
3
8 69 16 72 29 93 40 58 82 89 7 98 71 73 |42 44 30 52 1 48 13 36 83 61 55 66 43 56 80 76 81 |14 70 2 25 67 96 27 60 92 3 78 97 31 45 6 |47 33 11 88 24 4 46 38 22 37 10 95 75 9 ||28 34 65 87 39 |77 57 49 15 54 |74 91 20 12 26 63 5 |62 32 51 79 |17 |50 ||84 94 68 23 86 18 |85 53 ||90 99 59 19 |35 41 ||100 64 21 |
8256.29 243471.26
8 81 16 72 29 93 40 58 82 89 7 98 71 73 |42 44 30 52 1 48 13 36 83 61 55 66 43 56 80 76 69 |14 70 2 25 67 96 27 60 92 3 78 97 17 31 45 6 |47 33 11 88 24 4 46 38 22 37 10 75 95 9 ||28 34 65 87 39 |77 57 49 15 54 |63 26 12 20 91 |74 5 62 32 51 |79 ||84 94 68 23 86 18 |53 85 ||90 99 59 19 |35 41 ||50 21 |100 64 |
8296.33 240103.63
98 73 66 43 55 61 45 58 3 27 11 81 69 76 8 |88 96 33 44 47 63 82 92 40 37 83 22 75 9 71 89 7 39 |56 36 2 13 48 4 67 72 94 49 60 78 97 31 86 |29 24 25 1 52 16 30 42 41 95 10 38 70 34 14 93 46 ||23 21 19 12 80 |32 85 84 20 91 |28 65 79 26 51 |90 100 50 ||53 35 5 15 74 54 ||17 99 |77 87 18 ||59 68 62 64 57 6 |
7911.89 255926.41
