Time:0
Last Iter:5
Last Update:5
Tabu:0
Last Time0
5
26 42 40 44 74 64 70 11 81 16 77 92 84 88 50 95 76 9 |18 55 48 91 34 85 60 90 31 17 6 89 93 8 87 21 51 97 10 5 71 |99 19 13 1 78 79 69 67 24 38 29 56 80 52 58 62 46 37 33 30 |73 14 83 68 28 100 98 53 4 57 63 61 39 7 2 96 54 35 66 41 25 ||86 72 47 20 |22 59 |23 45 ||75 36 ||65 94 |82 3 |43 15 ||12 49 |27 32 |
14203.83 469385.84
80 42 26 40 44 74 64 70 16 77 92 84 81 88 50 95 76 9 |11 55 48 91 34 85 60 90 31 17 6 89 93 8 87 21 51 97 10 5 71 |99 19 13 1 78 79 69 67 24 38 29 56 52 58 62 46 37 33 30 |73 14 83 68 28 100 98 53 4 57 63 61 39 7 2 96 54 35 66 41 25 ||86 72 47 20 |22 59 |23 45 ||75 36 ||18 65 94 |82 3 |43 15 ||12 49 |27 32 |
14024.27 478602.74
62 9 44 74 43 70 34 16 77 92 84 81 88 50 95 76 36 |40 11 55 48 19 90 17 6 89 93 87 21 42 25 26 51 97 10 5 71 |99 64 37 46 33 30 3 58 52 80 56 29 38 24 67 69 78 1 13 79 |73 14 83 68 28 100 4 53 57 91 63 85 60 61 39 7 2 96 54 35 66 41 ||31 8 |86 72 47 20 |22 59 |23 45 ||75 ||65 94 |82 18 |98 15 ||32 27 |12 49 |
16133.54 465437.28
55 62 40 44 74 70 34 81 16 77 92 84 83 88 50 95 76 36 9 |19 26 11 48 90 17 6 89 93 87 42 51 97 5 71 |64 85 99 37 46 33 30 58 52 80 56 29 38 24 67 69 78 1 13 79 |60 73 14 68 28 100 4 53 57 91 63 61 39 7 2 96 54 35 66 41 25 ||86 |72 47 20 |22 59 |23 45 |31 |8 |21 |10 ||3 ||75 65 |94 82 |18 |98 15 |43 ||32 27 |12 49 |
16489.34 424686.59
95 50 88 84 92 77 16 81 59 34 70 64 43 74 44 40 62 26 9 |55 48 91 85 60 90 31 17 6 89 93 8 87 21 42 58 51 97 10 5 71 76 |80 52 56 29 38 24 67 69 79 78 1 13 11 19 99 37 46 33 30 |73 14 83 68 28 100 4 53 57 63 61 39 7 2 96 54 35 66 41 25 ||86 72 47 20 |22 23 45 ||75 36 |3 ||65 94 |82 18 |98 15 ||32 27 12 49 |
13652.06 532452.77
