Time:0
Last Iter:5
Last Update:5
Tabu:0
Last Time0
5
36 100 45 59 44 84 87 18 92 81 97 90 78 50 27 6 12 |8 75 34 51 53 24 63 99 46 31 88 62 77 22 67 15 96 98 |26 28 2 56 10 20 30 69 29 58 80 74 55 95 83 39 9 |13 41 37 19 86 7 42 85 5 76 72 32 60 89 94 23 64 66 ||47 43 |79 |1 54 |70 93 38 |33 14 ||68 65 |40 52 |73 57 16 ||17 21 |82 35 |11 4 |48 ||25 61 |91 3 |71 49 |
14053.93 440038.14
29 74 45 99 19 84 31 5 76 15 81 72 50 27 |8 43 20 10 2 21 28 26 87 22 77 85 42 88 62 14 |98 32 92 18 38 93 25 24 82 53 51 58 36 75 64 54 13 |67 70 96 90 40 56 60 89 94 91 34 55 59 86 7 ||16 73 35 |100 1 |39 9 41 |63 79 |97 61 71 ||17 49 |95 11 |69 65 |78 52 ||23 30 |80 68 |37 12 ||44 46 |47 6 |33 3 |66 48 |83 57 4 |
14476.58 382084.80
29 13 74 45 99 19 84 46 31 76 15 81 50 27 |8 43 20 10 2 21 28 26 87 22 77 85 42 88 62 14 |98 32 92 18 38 93 25 24 82 53 51 58 36 75 64 54 |5 70 67 7 86 59 55 34 91 94 89 60 56 40 90 96 ||16 73 35 |100 1 |39 9 41 |63 79 |97 61 71 |72 ||17 49 |95 11 |69 65 |78 52 ||23 30 |80 68 |37 12 ||44 |66 48 |33 3 |83 57 |47 6 4 |
14805.45 379945.12
6 12 13 36 100 45 59 44 84 87 18 92 81 97 90 78 50 27 |8 75 43 34 51 53 24 63 99 46 31 88 62 77 22 67 15 96 98 |26 28 2 56 10 20 30 69 29 58 48 74 55 95 83 39 9 |80 41 37 25 19 86 7 42 85 5 76 72 32 60 79 94 23 64 66 ||1 54 |70 93 38 |33 14 ||68 65 |40 52 |73 57 16 ||17 21 |82 35 |11 4 ||47 91 |61 71 3 |89 49 |
13879.50 488988.78
29 13 74 45 99 19 84 31 76 15 72 50 27 |8 43 20 10 2 21 28 26 87 22 77 85 42 88 62 14 |98 32 92 18 38 93 25 24 82 53 51 58 36 75 64 54 |5 70 67 7 86 59 55 34 91 94 89 60 56 40 90 96 81 ||16 73 35 |100 1 |39 9 41 |63 79 |97 61 71 ||17 49 |95 11 |69 65 |78 52 ||23 30 |80 68 |37 12 ||44 46 |47 6 |33 3 |66 48 |83 57 4 |
14878.78 378818.12
