Time:0
Last Iter:4
Last Update:4
Tabu:0
Last Time0
4
6 32 89 15 50 88 30 67 41 62 90 44 28 82 8 11 84 49 43 |45 59 72 10 54 52 76 39 56 61 92 70 24 35 13 33 51 47 42 34 21 100 |53 22 17 14 29 3 93 64 55 16 78 18 94 87 79 97 75 95 2 20 69 71 |99 91 37 26 80 38 58 9 77 60 36 46 4 73 1 63 83 86 81 48 96 68 40 ||27 19 |74 25 |66 |65 |7 |98 |31 ||12 85 57 ||23 ||5 |
24897.33 752742.06
98 32 6 99 66 82 28 44 90 62 8 11 84 41 67 30 88 15 50 89 49 43 |45 59 72 10 54 52 76 39 56 61 92 70 24 35 13 33 51 47 42 34 21 100 |22 53 17 14 29 3 93 64 55 16 78 18 94 87 79 97 75 95 2 20 69 71 |91 37 26 80 38 58 9 77 60 36 46 4 73 1 63 83 86 81 48 96 68 23 ||27 19 |74 25 |65 7 |31 |40 ||12 85 57 |||5 |
24517.80 789787.24
99 32 43 49 89 50 15 88 30 67 41 84 11 8 62 90 44 28 82 |45 59 72 10 54 52 76 39 56 61 92 70 24 35 13 33 51 47 42 6 21 100 |53 17 14 29 3 22 93 64 55 16 78 18 87 79 97 75 95 2 20 69 71 85 |66 91 37 26 80 38 58 9 77 60 36 46 4 73 1 63 83 86 81 48 96 68 23 ||27 19 |74 25 |65 7 |98 |31 |40 |94 |34 ||12 57 |||5 |
24804.20 784337.85
32 6 82 28 44 90 62 8 11 41 67 30 88 15 50 89 49 43 |59 72 10 54 52 76 39 56 61 92 70 24 35 13 33 51 47 42 21 100 71 |98 53 17 14 29 3 22 93 64 55 16 78 18 94 87 79 97 75 95 2 20 69 45 |99 66 91 37 26 80 38 58 9 77 60 36 46 4 73 1 63 83 86 81 48 96 68 ||27 19 |74 25 |65 7 |34 |84 |31 ||57 85 12 |40 ||23 ||5 |
24877.04 781920.52
