Time:0
Last Iter:5
Last Update:5
Tabu:0
Last Time0
5
7 23 12 49 34 30 16 2 48 29 3 |19 27 26 45 50 36 21 20 22 39 17 |41 42 10 38 24 5 11 47 33 35 32 ||28 9 6 |25 |18 46 |8 15 ||37 4 |31 1 ||44 14 13 |40 43 |
10820.18 167271.90
49 3 29 48 16 30 34 12 23 |19 27 26 45 50 36 21 20 22 39 17 |41 42 10 38 24 5 11 47 2 33 35 32 ||9 28 |25 7 |18 46 |6 8 15 ||37 4 |31 1 ||44 14 13 |40 43 |
11019.95 164630.39
12 23 34 30 16 48 29 3 |19 27 26 45 50 28 36 21 20 22 39 17 |41 42 10 38 24 5 11 47 2 33 35 32 49 ||9 6 |25 31 46 |1 18 |7 |8 |15 ||37 4 ||44 13 43 |40 14 |
11072.01 163376.73
36 20 39 34 30 16 48 29 50 3 |22 21 28 45 27 19 12 23 |41 42 10 38 24 5 11 47 2 33 35 32 49 17 ||9 6 |25 31 46 |1 18 |8 15 |26 |7 |40 ||37 4 ||14 44 |13 43 |
11469.86 161556.82
49 3 29 48 16 30 34 12 23 |31 19 27 26 45 50 36 21 20 22 39 17 |42 41 32 35 33 2 47 11 5 24 38 10 ||9 28 |25 7 |18 46 |6 8 15 1 ||37 4 ||44 14 13 |40 43 |
10662.38 174929.56
