Time:0
Last Iter:5
Last Update:5
Tabu:0
Last Time0
5
14 29 44 26 30 28 5 22 48 50 39 31 |9 18 24 16 45 23 32 10 36 17 1 19 |41 12 37 38 47 49 46 11 4 27 15 40 2 33 ||43 20 |21 7 |42 8 ||34 6 ||3 35 |13 25 |
16611.39 236049.09
38 10 32 49 24 18 20 43 9 48 22 31 |39 2 5 37 36 47 16 26 44 4 27 29 |25 30 12 19 41 1 17 8 23 45 14 46 11 15 33 ||40 42 ||34 7 13 |50 21 ||6 3 |35 28 |
16346.01 269220.20
8 38 10 32 49 24 18 20 9 48 22 31 |39 43 5 6 34 37 36 16 26 44 4 27 29 |30 12 19 41 1 17 47 23 45 14 46 11 15 2 33 ||42 40 ||13 7 |50 21 ||35 28 |3 25 |
16006.17 293282.11
8 38 10 32 49 24 18 20 43 9 48 22 31 |39 2 5 6 28 34 37 36 47 45 26 16 4 27 |29 17 23 44 14 46 11 15 33 30 12 41 19 ||42 40 ||7 21 |50 13 ||25 35 3 |1 |
15964.03 294549.54
5 14 44 26 29 30 22 48 50 39 31 |9 18 24 16 23 45 32 10 36 17 1 19 |4 41 12 37 38 47 49 46 11 27 15 40 2 33 ||43 20 |21 7 |42 |8 |28 ||34 6 ||3 25 |35 13 |
17005.10 234528.53
