Time:0
Last Iter:3
Last Update:3
Tabu:0
Last Time0
3
15 6 19 26 40 36 24 39 42 43 33 17 7 |38 1 49 14 35 20 12 13 48 44 37 8 18 46 21 |3 31 32 22 30 16 27 2 25 5 45 34 41 29 ||4 10 50 |23 ||28 11 ||47 9 |
18909.41 288893.24
9 26 21 29 25 2 27 16 37 48 15 20 49 32 24 |7 38 43 28 35 14 12 13 22 8 30 18 40 34 |44 19 47 46 41 36 5 45 23 42 3 1 33 31 17 39 ||11 6 50 |||4 10 |
18770.21 382527.74
36 26 19 6 15 7 33 43 42 39 24 |38 1 49 14 35 20 12 13 48 44 37 8 18 46 21 |3 31 32 22 30 16 27 2 25 5 45 34 41 29 40 ||47 9 |4 10 50 |17 |23 ||28 11 ||
18971.58 270156.77
