Time:0
Last Iter:4
Last Update:4
Tabu:0
Last Time0
4
14 32 19 33 43 41 25 20 45 31 34 49 22 |6 29 48 8 15 16 30 4 7 36 13 3 42 50 |21 35 28 39 9 26 10 37 5 24 47 17 18 27 38 ||11 |40 |46 ||2 1 |44 ||12 |23 |
17901.78 324689.90
14 32 33 19 24 43 41 25 20 45 31 34 49 |42 3 13 26 36 7 4 30 16 15 8 48 29 6 22 |21 35 28 39 9 10 37 5 47 17 18 27 38 50 ||40 |11 |46 ||2 44 |1 ||12 |23 |
17822.32 348160.66
14 26 32 33 19 24 43 41 20 45 31 34 49 |42 3 13 7 4 30 16 8 48 29 6 22 |21 35 28 39 9 10 37 5 47 17 18 27 38 50 ||11 |40 |46 |25 ||2 |1 |36 |44 ||15 |12 |23 |
19108.49 320650.18
14 32 33 19 24 43 41 25 20 45 31 34 49 |42 3 13 26 36 7 4 30 16 15 8 48 29 6 22 |50 38 27 18 17 47 5 37 10 9 39 28 35 21 ||40 |11 |46 ||2 44 |1 ||12 |23 |
17801.17 355679.80
