Time:0
Last Iter:5
Last Update:5
Tabu:0
Last Time0
5
41 13 4 9 6 28 35 27 22 29 10 33 17 24 |2 20 39 45 18 3 19 15 49 37 47 31 26 1 8 14 |5 7 36 16 30 11 38 21 42 25 40 43 48 44 34 ||23 50 46 ||32 12 ||
21879.75 357343.44
45 39 20 35 28 6 2 16 30 4 47 41 43 44 34 |17 5 27 29 18 15 10 33 24 31 8 26 1 11 38 9 12 |50 36 7 22 19 3 48 49 37 40 25 42 21 13 32 14 ||||23 46 |
21876.03 411529.57
17 45 39 20 35 28 6 2 30 4 47 41 43 44 34 |33 10 15 18 29 5 16 9 38 11 1 26 8 31 12 24 |50 36 27 7 22 19 3 48 49 37 40 25 42 21 13 32 14 ||||46 23 |
21862.61 429677.53
17 41 13 4 9 6 28 35 27 22 29 5 10 33 |20 39 45 18 3 19 15 49 37 47 31 26 1 8 14 |7 36 2 16 30 11 38 21 42 25 40 43 48 44 34 ||24 23 50 46 ||32 12 ||
22099.13 356574.82
17 45 39 20 35 28 6 16 30 4 47 41 43 44 34 |10 5 36 27 29 18 15 49 31 8 26 1 11 38 9 12 |33 50 2 7 22 19 3 48 37 40 25 42 21 13 32 14 24 ||||23 46 |
21845.10 431254.01
