Time:0
Last Iter:5
Last Update:5
Tabu:0
Last Time0
4
51 2 35 13 33 37 91 87 26 47 38 97 79 80 75 42 6 99 71 |58 95 44 61 83 92 86 16 78 70 18 81 48 90 62 63 96 40 28 82 21 100 ||32 20 9 69 45 59 53 77 17 14 60 3 15 93 76 11 |24 52 8 39 56 55 64 41 67 30 4 88 54 10 29 50 22 72 89 49 43 ||34 |74 |27 |57 |68 |98 |7 5 |66 |94 |73 |65 46 12 |85 25 19 |23 84 |1 |36 |31
26055.19 583989.70
51 2 35 13 33 37 91 87 26 47 38 97 79 80 75 42 6 99 71 |58 95 44 61 83 92 86 16 78 70 18 81 48 90 62 63 96 23 28 82 21 100 ||32 20 9 69 45 59 53 77 17 14 60 3 15 93 7 22 72 89 49 43 |24 29 50 10 54 52 88 4 30 67 41 64 55 31 56 39 76 11 8 ||94 |27 85 |57 |98 5 |66 |65 |68 |19 |36 |1 |12 |84 |25 |40 |46 |73 |74 34
27201.47 561642.19
54 99 32 9 59 53 77 17 14 60 3 93 22 72 89 49 43 |58 88 50 15 52 4 30 67 41 64 55 61 62 90 44 28 21 82 100 ||29 24 6 91 13 33 51 47 26 87 42 80 79 97 38 75 95 2 20 69 45 71 |10 37 35 76 39 56 83 92 86 16 78 70 18 81 48 96 63 1 8 11 ||74 |73 |36 |23 |85 |94 |31 |12 |57 84 |7 65 |25 27 |40 68 |98 |5 |19 |34 66 |46
28879.89 544058.35
51 69 2 95 33 35 13 37 91 87 26 47 38 97 79 80 75 42 6 99 21 82 100 |32 20 71 28 44 24 86 92 78 18 81 48 96 90 83 62 63 61 56 8 11 |70 29 10 54 52 4 88 30 41 67 55 64 39 76 49 |16 45 58 9 59 53 77 17 14 60 3 50 15 93 22 72 89 43 ||40 68 |12 |1 |98 25 19 |57 65 |66 |94 23 |84 85 |73 |46 7 |36 |34 74 |27 |5 |31
27734.01 561549.54
