Time:0
Last Iter:5
Last Update:5
Tabu:0
Last Time0
4
30 27 44 35 97 78 58 3 92 53 82 89 7 |67 52 1 88 25 4 24 48 13 29 2 56 66 73 81 |11 47 42 10 22 83 38 70 36 14 93 46 43 8 76 69 |16 72 96 33 60 40 31 45 61 37 55 75 95 9 71 ||34 12 |100 50 |59 80 98 18 |91 84 |74 15 41 6 63 23 |79 86 51 49 68 77 |19 |57 64 32 62 94 21 5 39 26 |65 87 17 |28 99 20 90 |54 85
4348.08 132377.87
9 95 75 60 64 33 11 96 72 67 16 52 81 |2 29 13 48 24 4 25 88 1 30 47 42 76 8 69 |55 37 61 45 31 97 78 58 3 92 40 82 89 7 71 |44 27 10 22 83 38 70 36 14 93 46 56 43 66 73 ||32 79 54 |34 |65 |85 94 15 |62 17 |68 49 26 86 35 74 91 |100 21 41 |39 98 |53 50 |90 51 5 |77 87 |99 |63 6 19 12 28 |20 59 80 |84 23 57 18
4960.89 121515.68
67 72 96 33 97 78 58 3 92 82 89 75 95 9 71 |7 55 10 22 83 38 70 36 14 93 46 56 43 66 73 |2 29 13 48 24 4 25 88 52 16 11 30 47 42 81 69 |37 61 45 31 40 60 44 27 1 76 8 ||86 41 49 |94 68 |5 23 |35 |28 20 34 |57 63 26 53 77 50 100 65 98 |62 32 85 74 |90 |79 |21 |39 |99 84 59 |64 18 17 |91 12 |80 |87 51 6 54 15 19 |
5100.72 111532.95
37 61 45 31 97 78 58 3 92 40 89 75 95 9 71 |30 52 1 25 4 24 48 13 29 2 56 43 8 76 |7 82 22 83 38 70 36 14 93 10 55 46 66 73 69 |88 67 72 96 16 11 33 44 60 27 47 42 81 ||65 |17 100 ||85 54 |21 12 |28 59 91 |23 63 51 |20 |77 50 79 |74 87 |19 |80 98 49 53 |57 64 32 |6 |26 18 |99 |41 86 15 94 68 5 |34 |39 35 |62 |90 |84
7077.30 107099.71
