Time:0
Last Iter:5
Last Update:5
Tabu:0
Last Time0
4
24 56 67 80 52 58 51 26 14 5 73 71 65 38 23 29 95 76 |68 54 44 33 17 39 2 7 46 6 89 62 93 41 25 30 9 |37 55 81 1 13 4 57 48 91 19 34 |64 61 60 74 99 77 92 84 83 88 69 50 79 11 ||97 |90 75 |85 36 |59 27 |15 |47 78 32 72 94 45 |22 42 35 66 |63 43 49 |96 |53 20 |100 16 |87 40 82 |31 |70 |18 21 8 |86 12 28 |98 |3 10
11322.32 246420.84
96 57 60 74 99 34 19 91 55 48 11 |64 24 67 38 71 73 5 14 51 58 26 52 56 76 |68 37 30 44 33 61 39 17 2 7 46 6 89 62 93 41 25 80 9 |54 4 83 84 92 13 77 1 59 81 88 69 50 79 29 95 ||98 |75 49 47 12 20 |45 72 65 |90 85 |100 ||35 82 40 |36 63 43 |70 |31 87 22 |86 23 97 |53 15 |3 42 8 66 |94 32 27 78 28 16 |10 18 |21
11438.70 239481.84
93 68 67 24 14 5 73 71 38 29 95 76 |84 74 34 17 7 46 6 89 62 58 51 26 52 80 56 9 |91 99 60 37 54 2 39 61 33 44 41 25 30 |64 11 19 48 55 57 4 13 77 92 1 81 83 88 69 50 79 ||16 |31 |27 |43 85 36 45 |59 63 |49 94 86 |47 |28 |8 82 66 3 |20 72 42 22 |90 35 |100 98 75 |65 97 |40 87 |70 53 |10 |96 |32 |12 78 |15 |23 18 21
12250.73 230057.60
68 60 99 74 33 54 17 39 7 46 89 6 41 25 30 |2 5 24 73 71 38 67 83 88 69 50 79 95 29 76 |64 37 93 62 58 51 26 52 80 56 9 |14 61 44 34 19 91 55 48 57 4 13 77 1 92 84 81 11 ||98 53 |75 |59 |12 28 |32 100 ||36 45 86 94 20 |96 66 35 |72 47 |97 3 21 42 |43 |49 |23 |40 |63 |10 |18 82 |15 70 |65 78 |85 22 |87 31 |90 |8 |16 27
12632.77 224608.57
