Time:0
Last Iter:5
Last Update:5
Tabu:0
Last Time0
4
25 3 28 49 7 18 86 88 21 1 16 |32 83 62 82 34 56 29 36 66 87 26 84 |100 95 54 5 73 47 15 44 89 12 35 98 53 10 19 |55 38 92 90 91 70 64 30 11 31 43 79 69 6 ||99 |68 48 |93 61 33 |75 27 85 17 74 |40 96 97 46 |42 39 |8 58 81 |57 59 80 |52 24 20 60 |9 71 |65 37 |45 22 76 |13 94 67 |78 41 2 4 51 |50 23 |72 63 14 77
11296.79 247411.01
95 12 89 44 83 34 56 65 36 72 |47 4 55 28 18 86 74 88 21 78 1 54 19 98 53 10 35 3 |5 30 31 64 70 91 59 90 92 71 38 100 79 43 69 6 |32 62 82 29 66 87 9 48 26 84 ||11 33 |25 |37 |24 61 81 |97 |22 |73 |14 77 68 40 |52 50 57 |63 46 |15 |13 |42 39 7 49 |60 45 58 8 |17 75 93 |99 |23 85 16 |20 67 94 76 |96 80 |41 2 51 27
12334.39 227564.40
9 47 54 95 28 55 86 18 88 21 1 6 |5 100 92 90 91 70 64 30 31 43 79 69 |32 38 62 82 83 44 89 35 98 10 53 19 |26 87 66 29 36 56 34 84 ||16 |57 97 |80 71 59 67 |37 72 |73 3 |58 13 76 |27 75 42 74 |22 96 |65 25 |11 23 81 60 52 24 |85 |93 4 61 17 |14 12 |33 45 94 8 |77 63 48 |78 49 39 7 |99 |68 15 |20 50 46 |51 41 |2 |40
13970.65 198034.45
36 34 56 29 66 87 26 84 |47 54 95 28 55 86 18 88 21 1 6 |5 100 92 90 91 70 64 30 31 43 79 69 |32 38 62 82 83 44 89 35 98 10 53 19 ||97 9 40 |2 99 16 |80 71 59 67 |37 72 |73 3 |58 13 76 |14 |17 |27 |74 |96 |65 25 |11 23 81 |12 |93 4 61 |33 |8 |60 52 20 |85 75 24 |78 42 39 7 49 |15 |22 |45 94 |77 63 48 |68 |51 |41 |50 46 |57 |
17048.72 178671.54
