Time:0
Last Iter:5
Last Update:5
Tabu:0
Last Time0
3
86 9 1 66 29 79 12 84 69 20 7 51 31 61 2 39 94 13 24 |47 50 23 53 88 80 44 21 6 38 42 32 25 52 18 46 83 33 74 60 |22 56 99 72 49 70 73 19 75 71 64 34 4 8 65 5 |100 59 93 16 78 27 58 77 96 85 76 37 14 41 28 15 57 67 10 89 43 ||45 |54 |97 |82 |40 95 |81 87 |98 |92 |36 |55 |3 |48 |26 |68 |11 35 30 |91 |63 |17 62 |90
18733.62 439752.92
29 89 56 21 6 38 42 32 25 18 46 61 33 83 74 60 2 39 94 13 24 |51 59 86 80 88 44 53 99 23 4 8 50 |84 9 28 15 47 10 57 100 22 49 70 73 19 75 71 64 72 65 5 |85 31 69 7 20 12 79 66 1 93 16 78 58 77 27 96 76 37 41 14 43 ||55 |3 |17 |97 |36 |92 |26 87 |62 |52 |67 95 |48 40 82 |11 |45 |90 54 |35 91 |98 |81 |34 |30 68 |63 |
19391.79 411529.59
22 86 56 53 88 44 80 42 32 83 33 25 18 46 61 74 60 2 39 94 13 24 |21 72 99 23 8 4 71 64 75 19 73 70 49 47 100 10 65 50 |57 6 31 7 51 69 20 12 79 29 59 9 |38 84 66 1 93 16 78 77 58 27 96 85 76 37 41 14 43 28 15 89 5 ||98 |90 |55 |95 82 |35 91 |3 |30 52 |34 |26 |92 |48 40 |68 |63 |17 |87 |11 |54 |45 |67 |97 |62 |36 |81
18818.18 416580.63
