Time:0
Last Iter:5
Last Update:5
Tabu:0
Last Time0
4
79 95 61 51 27 83 57 64 4 84 62 88 11 55 24 94 19 25 89 17 82 63 3 |90 36 31 59 91 32 69 65 54 96 47 71 48 73 15 13 56 20 43 |85 29 45 46 42 37 5 28 23 93 75 44 39 52 40 97 41 12 53 |2 80 34 26 70 60 21 6 99 30 76 49 33 100 9 38 7 74 77 ||67 16 98 |66 |81 |14 |68 |8 |78 |50 |18 86 |87 |10 22 58 |35 |92 72 |1
26133.33 576821.05
2 83 95 36 31 71 47 65 69 32 59 80 54 96 48 73 15 13 56 20 |6 91 60 21 34 26 33 53 81 12 100 30 49 9 38 76 7 52 40 97 67 74 77 |70 75 25 89 19 94 24 55 11 85 57 4 62 88 84 27 61 51 29 43 |64 99 39 44 41 23 93 28 5 46 42 37 90 79 1 68 17 45 82 63 3 ||58 22 |72 |10 |86 |50 |92 16 |66 |87 |8 |35 |78 98 |14 |18
26880.68 576334.29
34 36 56 13 15 95 83 57 64 62 4 84 88 55 11 27 61 51 29 43 20 |46 85 19 24 94 25 89 45 17 79 90 37 5 75 44 39 52 40 97 74 77 |60 31 65 32 73 48 71 96 47 54 80 69 59 91 26 2 21 6 99 33 100 12 53 |42 70 30 9 49 38 76 7 93 28 23 41 82 63 3 ||16 98 |67 92 |35 8 |81 |10 58 |86 |50 |68 |72 |18 |78 |87 |1 |66 |14 |22
27501.76 560842.53
31 25 76 2 70 60 6 99 33 100 30 49 9 38 7 67 74 |21 94 24 89 23 41 97 40 52 39 44 93 28 75 5 37 90 79 45 17 82 63 3 |46 36 26 34 91 59 32 69 65 80 54 47 96 71 48 73 15 13 56 53 |42 12 19 95 83 57 85 64 62 4 84 88 55 11 27 61 51 29 43 20 77 ||58 |18 |87 |78 10 |81 72 |16 98 |86 |8 35 22 |50 66 |68 |92 |1 |14
27885.47 547972.07
