Time:0
Last Iter:5
Last Update:5
Tabu:0
Last Time0
3
11 80 100 59 15 2 97 10 70 47 48 88 1 74 86 33 83 65 18 |78 60 31 39 98 61 89 99 92 79 43 76 45 57 30 17 12 37 42 29 63 82 24 |55 58 71 44 8 95 13 7 73 91 50 81 3 66 52 34 53 69 28 6 |36 49 14 90 20 46 26 5 87 68 51 32 67 85 9 56 54 ||72 4 |94 62 |96 |75 |93 25 |84 |35 64 |23 41 |22 19 |27 77 |40 |21 |38 |16
27539.10 550123.78
7 12 42 15 2 59 97 10 80 70 47 78 48 1 65 18 |67 36 37 17 55 45 76 57 30 63 29 100 24 82 |11 74 86 33 83 50 91 73 13 95 8 44 71 34 52 66 3 81 69 53 28 6 |88 32 85 49 51 58 68 5 87 26 60 46 31 20 90 39 14 43 79 92 99 89 61 98 9 56 54 ||41 |96 |40 |94 77 |38 93 64 |23 |21 |84 4 |27 |19 |25 35 |75 |72 |22 |62 |16
26497.27 560279.85
5 80 48 33 74 73 91 50 13 95 8 44 71 66 52 3 81 69 53 34 75 28 6 |11 68 49 46 20 76 45 57 30 17 12 36 37 42 29 63 82 24 |31 78 86 1 88 47 70 10 97 15 2 59 100 83 65 18 |7 55 60 26 87 58 51 32 67 85 56 9 90 39 14 43 79 92 99 89 61 98 54 ||96 |19 |40 |21 |62 94 |77 |38 4 |41 |84 |64 25 |72 23 |27 22 |93 35 |16
29718.36 546062.96
