Time:0
Last Iter:5
Last Update:5
Tabu:0
Last Time0
4
95 54 94 42 36 63 12 7 39 99 27 62 48 86 89 |28 29 58 71 83 51 6 33 78 1 66 20 52 |18 64 75 11 16 37 15 77 82 49 43 44 73 84 91 93 |24 13 98 47 61 74 35 76 97 26 25 40 87 2 ||45 |9 57 31 59 79 |46 100 81 |17 4 3 60 21 72 68 |70 |56 92 14 88 5 41 34 30 10 67 |90 65 55 |53 96 23 69 32 80 22 85 50 |19 8 38
4138.37 138037.56
64 7 99 27 12 58 36 29 28 54 89 20 |63 83 51 6 66 1 33 78 13 24 93 52 |71 84 98 97 26 74 47 61 35 76 25 40 91 87 |16 75 11 37 15 77 82 49 43 73 44 18 62 48 86 2 ||46 92 19 |81 56 94 |88 14 100 39 38 |55 85 9 57 32 31 69 |59 72 |50 45 79 4 10 68 |60 65 42 8 22 53 |5 |70 30 23 90 3 67 96 |95 21 41 34 80 17 |
5104.22 131396.26
44 73 37 15 77 82 49 43 16 11 75 64 18 52 |36 71 58 99 7 63 12 27 62 48 86 20 |13 74 47 61 35 97 26 25 40 98 84 93 |76 87 91 24 1 78 33 6 51 83 66 28 29 54 89 2 ||9 10 67 |70 79 41 |30 42 |60 |65 |68 |38 88 |34 96 |57 17 8 92 |94 56 95 14 81 |32 |53 23 90 3 69 |59 72 |21 |85 |4 19 |100 46 39 |55 5 |50 45 22 80 |31
5689.73 112774.64
51 83 71 58 63 12 7 99 27 20 52 |87 91 40 84 98 47 61 74 35 76 25 26 97 13 24 93 |64 75 11 16 37 15 77 82 49 43 73 44 18 89 |6 33 78 1 66 36 29 28 54 48 62 86 2 ||100 46 |10 14 95 |96 |4 80 85 |79 53 70 |59 72 67 90 |38 60 |65 17 68 |88 5 56 |8 |9 57 |41 94 |23 50 42 |22 |69 31 |32 |19 55 |30 34 3 |92 |45 |21 |81 39
6543.12 106589.49
