Time:0
Last Iter:5
Last Update:5
Tabu:0
Last Time0
4
25 60 10 78 89 20 94 64 54 50 27 |2 74 53 51 68 58 34 36 43 29 69 75 8 91 65 |95 24 45 90 98 72 81 96 28 15 76 5 31 88 62 |55 59 87 22 67 70 26 38 84 86 19 42 7 85 99 13 ||83 |100 ||18 |41 |63 3 37 |9 |56 |48 33 49 66 |12 14 97 52 |46 77 17 |79 30 |1 35 |61 71 93 |23 |32 |92 |47 40 21 6 |4 16 39 44 |82 80 11 73 57
11803.80 243651.16
82 45 24 55 74 33 51 53 13 |8 75 36 34 1 58 62 27 |87 69 94 20 10 60 56 2 90 28 96 81 50 |29 59 37 19 42 86 84 67 22 38 26 15 76 5 88 31 85 99 ||77 |100 ||46 39 7 9 83 |23 54 |63 57 25 44 |21 |70 92 |11 |18 93 |4 3 48 |61 52 |64 89 |95 41 |30 79 66 49 14 12 |72 97 16 |73 80 35 |43 |47 40 98 6 |17 71 |65 91 68 |32 78
13476.42 231905.57
55 94 20 89 10 60 2 90 28 96 81 50 27 |75 74 24 59 84 19 86 42 39 85 99 |29 95 45 87 67 22 26 15 76 5 31 88 62 |8 36 34 58 51 53 13 ||4 |93 |71 |25 16 7 83 61 14 |66 30 |91 1 |11 41 |77 |49 23 97 |98 52 56 |43 69 |57 |44 |46 9 |73 82 |79 78 |32 |37 |70 92 38 |6 12 72 47 40 21 |54 65 64 |63 35 48 |3 80 100 68 |33 |18 17
14756.48 189448.45
60 20 10 2 90 96 28 15 26 76 5 81 50 27 |74 55 24 45 99 62 |59 29 75 8 36 34 58 51 53 13 |94 22 67 87 84 86 19 42 85 31 88 ||4 |78 |70 18 38 6 |32 |71 46 39 |80 65 12 |79 |30 |89 |69 43 |93 7 57 |100 73 |37 |63 82 |11 |72 77 |64 |49 |23 54 |52 |44 83 25 |1 33 48 35 |41 |3 16 |68 |9 14 |95 |92 |47 98 40 97 |17 |66 61 |91 |21 56
16450.11 168422.83
