Time:0
Last Iter:5
Last Update:5
Tabu:0
Last Time0
4
37 21 55 13 73 25 66 17 35 69 2 95 60 10 |46 33 14 94 41 54 58 70 84 24 50 85 23 97 79 87 88 76 61 100 ||27 47 19 12 4 56 32 68 51 53 96 8 26 5 |36 82 83 67 48 93 16 43 81 74 45 99 15 39 59 1 78 71 ||3 |63 |77 |86 |11 |62 |42 |40 |30 92 |98 |72 6 |75 |80 52 |49 |31 |28 |20 |29 |7 |38 |90 |34 44 |18 64 9 |89 22 91 |57 65
20121.66 394625.13
56 67 26 85 23 70 58 54 41 37 94 14 84 24 63 79 50 87 76 55 13 64 9 |4 48 20 83 93 16 82 69 6 61 100 ||36 47 12 15 81 73 66 17 95 72 43 60 10 |46 27 8 49 53 96 51 68 32 19 78 59 39 98 1 71 91 ||35 |29 90 |2 |62 |28 92 86 |38 |42 |74 |40 11 |75 |57 65 |33 |88 18 |30 89 |3 |80 |7 |97 |99 45 |52 |77 |22 5 31 |21 44 |25 |34
22322.42 360699.83
16 85 23 14 94 37 54 58 70 84 24 79 50 76 100 |27 41 36 69 48 93 67 83 55 13 61 |46 43 95 66 73 81 15 39 59 1 78 71 10 60 |82 19 47 12 4 56 32 68 51 96 8 26 ||86 92 |6 |3 |62 |7 |75 |53 |17 |44 28 |38 |5 90 9 64 |42 |49 |88 97 |89 30 |40 91 |31 33 |57 65 22 |74 98 |18 |87 20 |34 |29 |99 45 |77 |2 35 |72 25 |63 |80 52 |11 |21 |
25198.36 303952.06
27 46 69 16 93 67 83 13 55 76 61 |68 82 66 73 81 15 43 95 60 10 |48 8 96 51 59 39 47 12 4 56 19 78 1 71 |32 36 14 94 37 41 54 58 70 84 24 79 23 85 50 26 100 ||42 |31 |33 64 |57 90 |40 92 |98 |7 |53 |34 |30 |63 |20 |21 18 |45 |65 |62 |6 72 |2 35 |3 |52 |99 |28 |25 |17 9 |89 5 |91 |22 |38 |97 |11 |44 |29 |74 |80 |88 87 |86 |75 |49 |77
27689.96 301472.41
