Time:0
Last Iter:5
Last Update:5
Tabu:0
Last Time0
4
9 59 78 26 3 41 46 35 77 90 23 92 32 |5 8 29 57 53 67 60 31 2 30 38 82 68 10 88 19 |7 1 62 12 73 15 84 14 48 21 74 52 94 4 72 95 45 18 |37 33 66 89 54 96 17 24 86 22 ||87 |25 99 |83 61 63 49 97 36 79 98 44 81 |56 40 47 69 70 |6 71 75 20 28 51 13 |50 34 27 |76 16 39 64 100 55 |85 |43 58 91 93 11 42 65 80
4222.03 133198.53
78 26 46 77 21 52 72 45 86 22 |7 66 89 54 96 17 24 53 67 60 31 10 68 88 19 |62 1 73 12 15 48 94 14 84 4 18 90 23 92 |5 33 8 37 57 29 9 30 59 41 38 32 ||25 6 |83 |65 |81 51 27 3 13 95 87 |100 97 |11 80 93 91 70 58 43 44 98 64 |71 75 40 47 74 |85 82 79 2 42 16 63 28 39 |76 61 50 49 20 36 |35 69 34 |56 99 |55
5662.64 125865.97
22 86 14 84 15 12 73 62 1 7 |46 59 38 30 17 54 96 24 31 10 68 19 |41 26 78 9 29 8 5 66 33 37 57 53 67 60 88 |77 48 21 52 94 72 4 45 18 90 23 92 32 ||47 |20 |28 95 |11 63 |65 |87 50 49 |91 85 |76 61 42 64 98 93 |55 |27 44 82 13 100 99 97 71 6 |16 83 89 |58 43 70 3 51 80 79 39 |25 75 |69 74 34 35 56 36 2 81 |40 |
6086.81 112855.76
9 29 66 5 33 37 8 57 53 67 31 10 68 19 |15 12 73 62 1 7 54 96 17 24 60 88 |46 77 94 52 21 48 14 84 4 72 45 18 86 22 |26 78 41 59 30 38 23 90 92 32 ||16 |91 58 |34 |25 39 61 83 42 64 51 82 81 |56 87 43 27 85 |76 28 20 |65 11 80 |3 70 |6 49 100 ||79 |75 2 |71 99 50 |95 69 35 47 93 |97 63 |55 40 13 98 |89 44 36 |74
6835.33 96902.92
