Time:0
Last Iter:5
Last Update:5
Tabu:0
Last Time0
2
90 58 28 20 84 36 94 3 72 80 65 97 15 55 |32 4 40 93 68 17 45 95 47 69 79 19 37 6 73 85 18 70 23 34 77 |89 35 27 63 82 21 42 71 96 41 11 49 100 83 98 33 66 44 43 57 2 16 |5 62 81 46 88 67 26 24 48 91 25 7 56 39 60 29 13 64 59 50 ||14 12 |51 |99 78 10 |74 |30 |22 |1 |38 54 |75 |31 |86 92 |8 |61 |52 |53 87 |9 76 |
19878.71 462954.52
7 36 62 3 72 94 81 20 46 28 44 33 53 98 83 100 2 16 |80 4 50 59 64 13 29 60 39 56 58 91 25 48 24 26 67 43 57 |65 70 95 45 23 69 79 19 37 6 89 18 85 73 40 34 77 93 |84 97 47 68 17 32 90 35 5 63 82 21 42 27 71 96 41 11 49 15 55 ||88 |54 92 |75 |78 |31 |87 |86 |1 10 |38 74 |61 |99 |76 |52 |9 14 |22 66 |51 |8 |30 12 |
20347.92 428374.77
