Time:0
Last Iter:5
Last Update:5
Tabu:0
Last Time0
4
34 94 2 67 35 16 58 5 19 55 89 32 93 47 17 |37 12 90 49 80 76 84 82 3 24 62 38 51 83 48 86 |61 95 63 46 13 70 14 20 23 21 79 56 69 68 97 |45 57 42 33 26 9 88 43 98 15 59 7 54 91 75 53 ||8 25 |11 |39 4 40 |27 99 73 60 44 28 64 |22 36 31 66 10 81 74 50 85 |100 ||96 41 78 6 72 29 65 |1 92 |18 30 71 52 87 77
4486.70 146849.80
88 43 26 33 42 41 28 57 45 61 71 15 98 91 |69 37 56 21 14 70 13 46 95 63 7 59 54 75 |12 90 49 80 76 62 38 82 84 83 67 68 53 97 86 |24 51 48 16 58 5 32 89 55 19 9 93 47 17 ||78 |50 |40 23 20 79 |3 34 94 2 100 52 87 |72 66 |6 96 |99 |92 |29 73 |11 85 8 27 10 18 31 |35 36 44 64 |39 4 |74 30 65 25 22 77 60 |1 81
4988.51 137445.36
32 83 67 49 80 76 90 12 82 84 68 53 97 |9 93 89 55 19 5 58 16 35 62 24 38 51 48 86 |37 56 69 21 14 70 46 13 7 59 54 98 91 75 |15 63 95 61 45 57 42 33 26 88 43 47 17 ||100 ||28 96 34 |64 |78 6 60 71 31 |94 27 20 29 85 99 3 |30 18 44 41 |66 4 23 50 73 8 2 74 |72 40 79 10 |87 92 |36 77 |25 39 52 1 11 |22 |65 81 |
5421.88 124842.06
9 26 33 42 57 45 61 15 98 7 59 54 91 75 |95 63 46 13 70 14 21 56 69 68 53 97 |37 48 32 5 19 55 89 93 88 43 47 17 86 |58 16 62 24 76 80 49 90 12 84 82 38 51 83 67 ||28 |22 |60 |4 73 |11 |66 |96 30 36 |81 27 |77 52 |2 79 |72 99 94 50 29 |41 44 |23 |78 74 6 65 |64 40 85 |8 25 18 39 20 |92 34 |71 |35 |1 87 |10 31 |3 100 |
5965.79 114045.93
