Time:0
Last Iter:5
Last Update:5
Tabu:0
Last Time0
3
19 47 24 94 41 52 54 27 42 73 44 23 34 5 57 53 75 55 |70 32 51 35 7 93 91 46 100 14 74 79 77 98 96 12 13 63 50 80 |61 40 2 8 43 85 6 58 38 78 92 33 89 20 9 83 66 56 37 69 31 81 49 36 |72 90 86 88 65 11 84 21 68 10 82 25 28 3 29 76 22 ||17 |1 |30 |18 |95 |60 |62 67 |15 26 |4 |87 |39 |71 48 |97 45 |64 |16 59 99
26965.12 566525.55
54 13 96 98 74 79 77 90 14 100 46 91 93 29 39 76 3 28 25 80 |43 47 7 52 32 34 41 94 35 51 24 57 5 23 40 27 42 44 53 55 |73 12 19 61 72 88 86 65 11 84 21 68 63 10 50 |70 75 8 2 6 58 85 38 78 92 33 89 20 9 83 66 56 37 69 31 81 49 36 ||1 |16 |60 |95 |30 |18 |71 |15 |59 99 |64 |87 |67 |48 |62 4 |26 45 |22 17 |82 |97
27088.53 529837.03
72 81 11 84 21 98 96 12 88 65 86 13 63 68 10 50 |70 53 7 47 93 91 46 100 14 74 79 77 90 3 29 39 76 28 25 80 |61 73 44 2 6 58 85 38 78 92 33 89 20 9 83 66 56 37 69 31 64 49 36 55 |19 8 43 42 57 5 23 40 27 32 54 34 52 41 94 24 51 35 75 ||16 |15 26 |22 |60 |95 45 |71 97 |87 |59 |82 48 |1 18 |67 |4 |17 99 |62 30
26116.02 581579.65
