Time:0
Last Iter:5
Last Update:5
Tabu:0
Last Time0
4
67 28 74 52 57 32 37 63 43 70 47 83 12 82 95 54 77 5 4 89 36 96 |91 41 8 97 51 68 13 59 53 50 45 46 64 66 79 25 61 84 |30 29 44 80 33 100 55 34 87 24 40 94 26 6 81 16 |65 27 60 49 38 62 93 75 78 48 92 39 ||2 |1 |69 |58 |76 |71 |19 35 20 |98 |14 |10 86 |22 |9 |72 |3 |18 |23 |85 |99 73 |42 |31 7 21 |17 |90 11 |15 |88 |56 |
17718.37 395261.28
100 4 36 89 64 66 65 46 45 59 53 50 25 84 |68 12 67 54 5 77 95 82 83 47 70 29 43 63 37 28 32 57 52 96 |13 48 75 62 38 49 60 93 27 8 51 97 61 92 |91 78 26 24 40 34 55 30 33 80 44 94 6 81 16 39 ||1 31 |9 |88 |41 |18 35 |58 |74 86 |2 |10 72 |21 22 42 20 |14 |71 |99 |17 |56 73 |23 7 |69 |98 |3 |85 |19 11 |15 |90 |79 |87 |76
17763.41 359699.05
91 78 44 80 33 30 55 34 24 40 94 26 6 81 16 39 |100 4 36 89 64 66 65 46 45 59 53 50 25 84 |68 12 67 54 5 77 95 82 83 47 70 29 43 63 37 28 32 57 52 96 |13 48 75 62 38 49 60 93 27 8 51 97 61 92 ||31 |79 |11 71 9 |23 |69 |74 |2 18 |10 72 |21 22 42 20 |14 |41 |99 |3 |86 |56 73 |35 7 |58 |98 88 |17 |85 |19 |15 |90 |1 |87 |76
19363.45 358603.14
43 68 36 54 5 77 95 82 12 83 47 70 63 29 37 28 32 57 52 96 |49 44 80 30 55 34 94 40 24 78 26 6 81 16 |100 38 60 62 75 93 27 8 51 97 92 48 39 |33 67 4 89 64 66 91 13 59 53 50 45 46 65 25 61 84 ||87 |31 |72 10 |76 |98 |35 19 18 |41 |20 |58 |3 |17 |56 73 |99 71 |42 21 69 |9 |23 |85 |1 |90 |86 |14 15 11 |22 |88 |7 |74 |79 |2
18906.18 359076.42
