Time:0
Last Iter:5
Last Update:5
Tabu:0
Last Time0
4
82 87 14 65 50 73 58 85 61 72 2 79 71 77 7 48 6 |59 60 3 57 46 54 23 17 51 12 95 |22 91 63 47 16 32 70 25 88 83 28 45 99 |26 81 52 27 1 76 55 20 34 84 97 41 67 ||44 |37 49 |24 |68 |9 21 96 |18 80 35 |4 10 15 56 |92 86 |74 30 36 64 8 |90 11 40 |62 94 |33 |29 66 38 75 89 |53 98 |19 |93 |43 69 78 |5 39 42 13 |31 100
11093.94 228122.62
76 87 85 73 50 71 77 12 95 45 28 83 99 |26 82 16 32 70 47 63 81 15 52 59 38 91 |1 88 65 14 61 72 58 2 79 17 51 48 7 6 |57 22 27 3 55 54 46 23 60 20 34 84 97 41 67 ||33 |29 18 94 |37 10 |62 11 |75 |40 24 |89 49 44 |90 78 |93 |42 39 8 36 |4 66 74 |98 92 100 ||35 53 21 |56 |68 30 64 5 |86 |31 80 69 |9 43 96 13 |25 |19 |
11674.75 226595.40
16 95 2 79 17 51 60 23 46 54 20 84 34 97 41 |55 57 3 27 67 91 |70 1 26 22 81 52 59 63 47 88 83 28 45 99 |76 32 82 65 14 85 87 61 72 58 71 73 50 77 12 7 48 6 ||9 92 |86 39 8 |68 80 96 |62 |4 38 |64 30 |11 |42 |36 69 5 |37 33 |93 75 |74 |89 |24 40 |98 56 |90 |19 |78 |53 43 21 |31 |35 94 100 ||25 |15 13 |10 18 |49 66 29 |44
12864.73 211117.36
76 88 65 14 85 87 61 72 58 2 79 71 77 73 50 12 6 |70 51 17 23 60 48 7 95 45 28 83 99 |47 1 84 34 20 57 46 54 55 3 27 97 41 67 |82 16 32 63 26 22 81 59 52 91 ||80 21 |94 62 |38 66 |18 29 |15 33 |36 |100 96 98 |25 |75 44 |37 4 |89 10 |35 68 8 |92 13 30 64 |74 19 |49 78 |31 |93 |69 53 43 9 5 |56 |40 |24 90 86 39 |42 |11
13649.71 204440.87
