Time:0
Last Iter:5
Last Update:5
Tabu:0
Last Time0
7
183 175 42 106 22 159 144 200 154 36 63 24 12 156 38 127 155 162 54 |102 70 3 115 17 83 149 32 113 43 90 137 19 101 172 40 |145 60 104 100 167 110 114 165 190 80 51 150 169 148 177 |163 87 64 143 166 16 120 57 5 73 56 18 178 |30 58 170 94 52 14 96 197 76 161 |97 21 4 1 81 8 45 153 28 182 125 129 11 34 134 158 65 171 |66 191 79 128 199 123 71 157 2 151 91 78 122 108 140 107 |152 59 20 98 62 192 44 185 99 109 50 105 84 85 147 92 |124 168 126 141 25 173 37 53 6 164 160 193 176 27 117 132 186 184 142 |139 93 88 95 118 29 111 69 121 180 131 77 49 86 46 189 67 135 89 68 55 75 ||9 |23 |13 179 |181 74 |15 |196 |103 |174 |26 |138 |35 |41 |47 |194 |188 |112 |33 61 31 |39 136 |119 |146 187 10 |72 |82 |198 |48 |133 |130 |7 |116 195
19248.28 777814.85
173 145 88 93 59 121 77 131 138 49 46 189 79 135 68 55 56 |168 66 16 74 120 130 140 147 195 76 |104 159 26 4 1 42 144 24 63 36 154 106 8 129 134 158 65 172 40 |64 163 95 191 69 118 199 123 71 157 2 151 29 111 57 73 |166 72 86 22 81 45 12 21 153 90 19 54 |97 70 38 37 53 100 6 160 164 25 141 58 170 94 110 114 126 87 14 165 190 96 150 142 18 |137 82 125 11 34 30 89 75 |128 52 179 35 91 78 146 107 |200 60 152 115 83 186 80 51 167 193 176 27 188 117 132 32 113 155 162 184 148 |17 143 62 192 124 185 99 109 50 23 105 20 85 103 92 197 177 ||174 171 |31 41 |133 108 122 |3 |139 |136 |84 161 169 |175 39 |44 |67 |194 7 |48 |28 |5 |102 |33 10 |101 182 112 196 |47 61 |15 |156 |127 |119 |9 |98 |13 |181 |149 43 |180 |183 187 116 198 178
23282.37 722747.06
9 102 23 27 115 83 127 38 12 21 153 129 125 134 137 19 172 40 |145 126 124 192 62 98 78 56 |71 66 44 20 147 107 |64 88 93 123 97 128 199 69 157 2 29 111 13 35 91 57 73 |42 152 58 70 176 193 104 37 168 173 53 6 100 160 164 25 141 170 94 110 80 150 47 142 |151 200 11 30 86 49 46 189 77 131 121 79 59 68 55 135 89 75 |163 90 22 159 144 154 36 24 63 45 8 106 81 1 4 194 34 158 65 |118 143 166 16 120 140 85 92 76 |17 99 41 165 114 190 51 167 117 132 32 113 162 184 54 148 |95 185 109 105 50 60 87 14 52 96 197 177 ||139 |195 |130 |138 |26 |175 183 |171 186 196 161 |7 187 198 146 |182 28 |188 149 |119 |133 |72 |156 |179 108 |3 39 |18 101 116 |15 |191 |180 |82 |31 61 |84 48 103 |74 122 |174 |178 33 5 112 169 |43 136 |67 181 |10 155
27873.59 714442.94
88 122 16 120 130 78 91 107 |98 71 157 2 151 29 111 69 57 59 68 56 73 |53 45 156 12 21 63 36 144 106 8 81 129 153 125 158 65 172 40 |154 87 80 51 167 193 173 168 104 70 176 27 117 132 197 |97 42 1 4 49 86 30 34 134 137 19 184 |159 37 115 17 83 38 90 32 113 162 54 148 |22 152 6 110 94 160 164 25 141 58 170 126 114 165 190 96 150 142 177 |200 123 166 143 66 64 192 62 20 85 147 140 |100 124 185 99 109 50 105 60 52 92 |24 128 118 199 163 145 95 93 121 79 77 131 46 189 135 89 55 75 ||119 |139 |138 |31 |11 |35 |108 |136 169 18 |171 103 48 |72 67 |195 146 198 181 |180 174 |102 |182 43 |188 |15 |175 196 |14 |41 |5 |187 |194 |116 |3 39 |178 112 47 61 |186 |149 |82 |26 |23 |7 161 |191 |76 84 |28 |44 |101 |179 74 |9 |127 |183 13 |133 10 |155 33
28497.67 679623.14
97 19 90 137 129 45 8 81 1 4 30 89 |70 106 159 200 36 63 24 12 21 153 125 134 158 65 172 40 |152 52 109 99 105 50 60 87 165 114 190 96 197 |154 168 104 193 167 188 117 132 150 177 |38 126 6 160 100 164 25 141 58 170 94 110 80 51 142 |128 144 22 34 86 49 46 116 79 181 59 68 55 |166 173 53 37 176 27 115 17 83 149 32 113 162 184 54 148 |71 124 64 143 66 192 62 20 85 92 147 140 107 |42 123 69 118 163 145 95 88 93 121 131 77 189 135 75 |185 199 111 29 157 2 151 35 16 120 78 91 5 57 56 73 ||14 |169 |174 |11 101 18 |136 171 183 |156 7 |155 186 |26 |127 |61 |76 |31 48 |108 179 |47 146 161 |187 |112 |191 |138 |39 |122 130 |23 |10 74 |102 |41 |13 |15 |119 |72 |178 84 196 33 |3 |44 |9 |133 195 |28 43 |175 82 |139 |180 67 |98 103 |194 |182 198
29601.80 618414.27
97 19 90 137 129 45 8 81 1 4 30 89 |70 106 159 200 36 63 24 12 21 153 125 134 158 65 172 40 |152 52 109 99 105 50 60 87 165 114 190 96 197 |154 168 104 193 167 117 132 150 177 |38 126 6 160 100 164 25 141 58 170 94 110 80 51 142 |128 144 22 34 86 49 46 79 59 68 55 |166 173 53 37 176 27 115 17 83 32 113 162 184 54 148 |71 124 64 143 66 192 62 20 85 92 147 140 107 |42 123 69 118 163 145 95 88 93 121 131 77 189 135 75 |185 199 111 29 157 2 151 16 120 78 91 5 57 56 73 ||47 |116 |174 |138 |136 |112 196 |156 |26 |127 |61 186 76 |31 48 |108 179 |67 146 161 |187 183 171 7 101 |43 39 |122 130 |23 |11 82 |10 74 |102 |41 |13 |15 |119 |72 |178 18 84 |133 98 |149 188 |28 |44 |35 181 198 |139 14 |195 182 |175 169 |194 |103 |3 |9 |180 33 |155 |191 |
36507.33 617720.52
163 34 30 86 49 46 77 131 121 79 189 68 55 135 89 75 |126 123 71 166 16 78 91 107 73 |42 88 93 59 69 118 157 151 2 29 111 57 56 |128 120 143 66 64 192 62 20 85 147 140 92 |90 32 113 162 184 54 148 |199 4 22 106 36 24 63 45 129 125 134 158 65 172 40 |97 1 81 144 159 200 154 8 21 153 137 19 |145 12 152 193 83 17 115 70 176 27 167 51 117 132 142 177 |95 50 104 173 37 168 53 6 100 160 164 25 141 58 170 94 110 114 165 52 197 |38 124 185 109 99 105 60 87 190 80 150 96 ||108 |127 |183 180 |179 |48 84 |119 |181 |149 |15 |174 |98 |138 187 |41 |182 |103 |156 |72 |67 |161 |31 14 |61 28 |44 |39 |35 |33 |146 130 |133 |82 101 196 |194 7 |195 122 76 |3 155 18 |112 47 186 |175 |9 |191 |23 178 |102 171 |26 |116 198 5 |43 188 |10 11 |136 169 |74 |13 |139
36513.70 614408.09
