Time:0
Last Iter:5
Last Update:5
Tabu:0
Last Time0
7
94 113 97 98 143 111 40 23 58 166 156 |95 127 76 172 154 103 139 179 9 193 137 62 119 |16 148 44 21 15 37 131 185 65 80 122 120 5 32 88 75 184 81 |138 27 114 42 142 86 109 25 151 186 194 51 126 |178 197 34 171 22 162 49 164 160 20 106 176 102 152 79 165 43 104 39 |158 48 31 33 129 146 168 13 7 125 183 170 153 24 77 |82 130 60 182 145 10 121 200 144 167 99 134 87 26 63 92 189 107 19 |78 163 96 101 177 12 2 187 72 149 198 155 69 54 91 159 45 56 157 |36 68 71 17 150 100 70 29 169 50 141 123 115 195 59 |90 174 67 85 11 64 30 135 74 136 105 53 147 83 47 41 118 190 ||93 181 |191 28 161 |84 |140 |128 108 |55 |3 |73 117 |133 199 196 |35 14 |6 |180 52 |116 124 18 |1 |173 8 110 |188 |89 |61 |112 |66 |57 192 |46 38 |4 |175 |132 |
22440.15 1766993.17
110 111 78 195 106 56 45 159 125 39 71 153 77 |142 116 114 4 97 115 13 57 91 132 88 5 120 183 51 80 189 47 130 |42 8 60 48 129 59 75 168 113 53 156 |112 127 95 172 190 7 174 134 103 40 86 21 100 |162 49 164 61 169 104 65 185 107 19 37 101 121 30 |62 64 34 143 98 163 152 72 166 179 17 26 92 |105 194 196 44 31 23 79 9 193 33 160 20 141 118 63 83 |58 24 2 148 177 158 25 137 151 74 184 178 102 147 198 122 54 94 167 157 99 |165 43 139 16 145 186 182 191 200 96 146 119 135 81 22 27 123 50 76 29 69 68 41 |32 70 3 155 131 175 170 12 109 18 171 90 154 126 ||133 55 |89 |136 |82 |161 |38 |73 |66 187 |6 |11 67 |15 |36 87 |117 |150 |35 1 |199 |52 138 |173 197 |124 84 |108 |14 |85 |128 192 |180 |28 10 |140 |188 |149 |46 176 144 181 93 |
23128.11 1678292.93
32 200 94 88 61 141 159 50 91 169 190 126 172 7 |129 146 30 106 99 195 20 75 59 163 85 160 78 22 27 98 174 143 144 |119 120 122 5 54 26 63 70 92 69 127 3 68 104 |100 80 125 76 89 113 51 39 183 95 87 41 |29 96 171 167 49 157 56 45 134 115 188 13 154 123 |168 74 184 142 33 137 109 86 193 25 23 158 177 148 44 10 103 |81 170 178 34 64 111 62 42 40 9 79 121 140 101 110 173 182 186 191 102 |118 107 156 19 165 185 131 53 179 150 155 35 65 17 198 147 83 |151 77 105 37 43 14 189 4 47 71 |135 130 31 48 152 145 16 194 139 58 21 15 166 24 149 72 153 60 ||117 |52 |82 |124 11 |162 |138 67 |133 114 |93 108 |175 |112 |164 46 |176 161 |84 |196 66 |116 28 8 |187 1 199 |97 |2 |132 |90 181 192 |38 |197 18 |57 |128 |36 |73 |180 55 |6 12 |136
23173.16 785323.57
69 48 23 109 86 81 74 129 151 135 137 142 193 9 79 10 182 103 |127 75 119 111 42 40 64 18 121 140 101 161 184 178 |105 25 177 12 44 148 2 58 21 139 194 6 153 |30 26 5 88 190 50 141 159 169 91 57 76 38 172 94 192 7 |43 63 189 35 179 53 131 19 165 72 16 145 152 186 102 |158 100 166 136 77 37 156 107 185 155 65 17 198 147 83 130 170 |24 45 27 22 171 11 84 96 34 200 ||126 62 146 78 163 59 195 99 164 49 167 98 174 143 |33 20 106 168 56 134 157 115 13 154 123 52 |31 125 80 122 92 70 54 120 118 32 29 113 51 39 183 95 87 36 68 104 41 47 71 ||144 |149 |128 |8 110 |85 |15 187 |3 |55 82 1 |4 133 |180 112 |138 90 162 |117 73 |175 |160 |132 |188 |61 |173 66 |97 46 |114 197 |196 |14 |150 |93 108 116 |67 |89 |176 199 191 60 |181 124 28
26454.30 703643.98
54 77 105 37 43 156 107 155 179 53 131 185 65 17 198 |56 76 49 195 168 106 20 75 59 163 160 78 22 27 98 174 144 46 |5 172 88 32 29 113 87 189 147 83 71 |91 48 40 158 23 25 109 86 137 33 142 42 62 30 111 146 96 11 171 143 |45 74 81 9 79 8 182 186 |166 24 19 165 72 6 102 |100 31 177 148 58 21 15 139 194 16 145 152 153 130 170 |99 129 193 119 200 34 64 197 121 110 101 140 184 178 103 |135 175 118 127 80 122 69 92 70 63 26 183 95 51 39 68 104 41 47 |151 120 141 190 125 126 169 159 50 94 154 13 134 115 157 167 123 7 ||173 |117 |161 84 |73 55 |85 |35 |128 108 |44 |191 |112 |18 |57 |199 114 |14 |4 |132 |180 3 |60 187 82 |176 93 192 |138 90 |1 |164 |12 |97 |116 |188 |36 |61 |38 89 |136 |150 |28 10 66 |67 |133 196 |149 |2 |52 162 124 |181
32698.94 702507.80
166 129 151 135 40 42 62 30 111 64 34 96 171 200 |189 74 33 48 31 177 158 109 86 137 142 193 9 79 101 121 184 178 103 |23 105 100 156 19 131 53 179 185 165 65 17 198 147 83 71 |78 120 125 5 118 29 113 51 39 68 41 47 |107 32 80 122 127 69 92 70 63 26 183 95 104 |155 88 76 172 126 190 169 91 141 159 50 94 7 |119 45 56 134 115 13 154 123 |81 146 163 168 106 20 75 59 195 99 157 49 167 98 22 27 174 143 |25 37 24 58 21 139 194 72 153 130 170 |54 43 77 148 16 145 152 186 182 102 ||138 |197 |188 |93 |116 |12 |15 |112 |110 10 |44 |14 |2 |160 |52 192 |1 |73 |164 |61 |132 |150 |35 117 4 |89 38 |128 90 |11 84 |108 46 |6 82 191 |196 187 66 |162 97 |57 |133 199 28 |149 |173 |136 |36 180 |3 |55 |181 124 |8 140 18 |60 |87 |85 |67 |176 144 |175 |114 |161
34436.20 629567.89
157 69 54 120 5 118 32 29 113 51 39 183 95 68 104 41 47 147 83 71 |80 195 20 106 56 45 134 115 13 154 123 |99 141 26 76 88 125 126 190 169 91 159 50 94 7 |63 43 105 77 166 24 58 21 139 194 16 145 152 186 102 |127 151 111 62 30 119 146 34 96 171 143 |37 92 122 189 155 179 53 131 185 165 65 17 198 130 170 |70 100 107 156 19 72 153 |42 168 75 59 163 78 22 27 49 167 98 174 |172 74 48 40 193 9 79 101 121 64 184 178 200 ||129 148 31 135 142 33 137 81 86 109 25 23 158 177 182 103 ||46 |82 |161 |187 199 |90 |144 |114 |14 |52 |176 |85 |11 |6 |12 |132 |87 |188 |10 |197 84 |181 |110 |4 180 |73 |164 |150 |97 |67 |128 |61 |18 |93 |108 55 |35 |28 173 |140 |136 |3 |57 192 |138 |60 |117 |36 |2 |175 |89 |196 191 |1 |160 116 |112 |8 |38 |15 |66 |162 133 |124 |44 |149
37968.75 618597.79
