Time:0
Last Iter:5
Last Update:5
Tabu:0
Last Time0
7
2 172 109 10 132 116 167 34 111 4 21 171 112 173 |145 155 28 139 110 143 33 183 180 140 101 26 55 75 100 |142 66 13 63 144 58 128 133 160 149 48 3 31 67 53 80 69 129 141 65 |50 192 117 29 38 135 70 170 14 |49 62 96 146 195 157 185 188 122 198 115 154 175 61 125 20 197 |199 5 102 85 123 124 44 47 153 137 106 119 138 |130 200 79 98 23 7 189 126 178 16 35 108 68 |42 6 43 179 15 76 163 193 74 113 24 176 187 78 156 |131 164 162 71 169 182 19 72 151 18 166 73 168 |30 152 17 104 134 51 59 190 40 12 120 45 165 57 86 ||150 177 159 60 92 |105 |136 127 93 |91 11 |39 |84 8 87 |54 88 32 |196 114 194 |107 121 37 |1 81 147 36 99 |97 118 |82 90 95 191 |174 158 |56 |184 161 148 94 |41 64 77 52 46 |186 83 181 22 |25 103 |27 89 9 |
16048.83 1224525.65
153 91 3 71 176 23 111 115 43 |114 41 193 147 13 195 194 |107 197 119 53 49 125 20 145 30 165 188 57 86 199 102 85 |127 35 157 190 50 95 65 33 31 101 144 |158 96 146 137 15 59 32 44 126 89 28 14 19 200 24 109 61 163 103 |172 149 140 38 106 68 117 76 192 129 79 74 |173 29 58 62 77 10 110 80 138 69 185 18 4 |9 189 124 78 45 198 181 179 75 84 169 187 17 67 |136 166 154 100 171 112 55 151 66 27 120 34 168 113 152 70 48 180 160 2 |21 118 156 5 175 63 8 42 26 128 133 162 104 183 143 170 141 40 142 178 ||134 131 |161 88 |105 22 184 |191 92 130 60 159 81 51 |52 11 182 |98 37 |122 54 39 |186 82 155 |36 99 |6 108 |73 |16 148 |116 7 90 |56 12 139 |196 93 150 25 87 |1 47 177 |167 |83 97 72 |94 123 |132 64 174 164 |135 46 |121 |
18377.34 1205647.72
43 5 115 136 28 129 110 53 109 31 |144 121 134 172 3 162 148 86 100 4 138 145 69 23 30 |177 195 40 45 56 73 18 199 185 80 61 33 187 14 141 |39 111 168 198 83 171 42 160 183 79 153 76 |37 117 24 17 107 62 114 146 49 67 157 93 105 21 102 165 192 120 |140 149 101 26 112 158 35 127 166 65 170 |180 71 36 139 9 15 196 175 118 85 55 |20 19 152 200 113 60 |34 2 50 44 191 159 163 51 142 188 178 57 154 63 173 133 176 197 74 |156 66 190 124 82 81 125 48 70 104 169 119 128 96 75 137 ||12 88 16 |94 32 184 147 46 72 |29 38 84 |10 116 |78 122 13 151 179 |25 58 8 |143 |108 91 22 |150 54 |189 123 126 27 |181 97 |41 6 |11 52 59 |161 87 |135 106 |90 155 |99 130 |89 98 |182 |64 77 174 193 |47 186 1 92 132 |131 |7 167 95 |164 194 68 |103 |
20397.56 1048707.57
148 171 43 112 195 55 26 146 114 62 31 67 |144 200 113 138 19 152 145 79 69 129 30 116 110 80 |85 133 149 169 71 140 119 160 162 128 96 101 172 3 49 153 |173 4 115 102 21 156 166 18 165 |198 180 125 74 61 53 |199 175 100 154 5 86 57 66 185 76 |42 65 23 170 70 187 176 197 17 33 48 109 2 |28 14 141 34 120 50 163 |188 45 178 111 168 44 40 192 190 142 |183 24 20 75 117 35 157 15 137 ||179 |143 99 64 |56 136 |89 189 |167 95 |90 60 139 59 22 |193 11 107 77 41 |105 106 |174 177 |104 121 37 |78 150 127 54 |58 38 8 87 25 |73 |98 155 81 |16 88 126 184 |36 10 46 147 132 72 |6 29 164 91 |32 196 13 94 |123 39 181 |68 158 |7 |118 |27 51 |93 122 |135 103 |47 159 191 92 |63 83 |130 1 82 |134 194 131 |84 |9 97 161 |108 151 |52 182 |124 12 186
26483.22 434167.94
14 23 170 129 30 28 80 153 |65 115 165 168 45 111 178 166 156 4 54 57 188 161 66 185 |85 149 169 180 183 48 109 132 52 53 67 |141 34 9 120 50 44 40 192 190 142 |101 128 133 160 71 119 140 172 3 49 |198 33 17 176 197 70 24 20 200 163 |144 162 102 21 18 86 100 5 154 175 199 117 35 157 15 76 |138 125 74 2 62 31 |19 152 79 69 145 113 110 61 |187 173 42 171 43 112 195 26 96 146 55 75 137 ||72 91 |95 |179 64 1 |135 46 |47 88 12 |11 182 37 99 |181 25 191 159 |130 143 107 |39 16 148 83 51 |134 121 60 139 |27 123 56 |131 38 108 174 114 |158 59 |126 122 |167 82 |189 |98 155 |106 |77 194 |150 127 97 124 |116 92 78 |118 73 |87 89 |81 186 90 22 |41 |136 93 196 13 |147 8 29 |164 105 151 |63 6 184 |104 10 193 |103 68 58 |177 7 32 |36 94 |84 |
26668.49 430421.91
30 129 14 23 170 69 79 80 163 |65 152 28 141 34 120 50 44 40 192 190 165 142 153 |74 125 200 20 19 145 138 113 110 61 |33 24 70 197 176 17 183 48 109 2 53 67 |149 180 169 140 119 160 162 31 |133 128 96 101 62 172 3 49 |187 42 173 144 112 26 195 55 146 75 137 |43 171 100 5 154 175 199 185 |71 168 85 198 102 115 4 21 156 166 18 76 |86 57 178 111 45 188 66 117 35 157 15 ||11 |93 161 123 |104 |13 |95 59 |78 9 159 |107 41 114 |46 147 |143 |29 39 |179 87 91 92 |139 |89 |60 82 27 |12 126 54 |182 132 191 81 |167 |88 97 |106 158 |22 150 127 118 |121 77 151 |181 196 |16 73 |174 194 8 |47 122 105 |68 103 38 |99 58 |136 94 |63 52 |135 84 |1 37 184 |83 |155 98 |7 90 |25 36 10 134 |186 189 |193 64 |6 51 |164 108 131 |116 |56 |124 177 32 |148 |130 72 |
28856.54 395809.53
30 129 14 23 170 69 79 80 163 |65 152 28 141 34 120 50 44 40 192 190 165 142 153 |74 125 200 20 19 145 138 113 110 61 |33 24 70 197 176 17 183 48 109 2 53 67 |149 180 169 140 119 160 162 31 |133 128 96 101 62 172 3 49 |187 42 173 144 112 26 195 55 146 75 137 |43 171 100 5 154 175 199 185 |71 168 85 198 102 115 4 21 156 166 18 76 |86 57 178 111 45 188 66 117 35 157 15 ||11 |59 164 |124 54 51 |82 134 |36 104 41 |9 116 92 186 |39 179 114 |143 107 |60 89 78 |29 |56 |93 27 191 81 |88 12 126 |167 |132 |97 |106 158 |22 150 127 118 |151 182 121 |181 196 |16 73 |77 |194 |159 |8 |47 |68 87 |103 38 |122 |99 58 |136 94 |1 52 |63 105 |37 184 |83 |155 90 |98 |135 84 |72 |174 139 |7 |189 |25 193 |6 108 |95 |91 |147 |32 13 |130 |161 46 |131 |148 123 |10 177 |64
33625.84 385902.07
