Time:0
Last Iter:5
Last Update:5
Tabu:0
Last Time0
7
2 3 143 175 64 25 84 28 86 88 155 83 91 39 |105 19 46 29 146 34 112 79 160 56 95 134 23 5 166 |93 193 180 27 135 172 159 70 107 73 177 199 80 197 |7 31 141 127 181 66 9 59 117 153 188 163 154 71 119 17 120 12 129 60 158 185 |75 37 103 130 169 145 98 65 102 62 194 137 192 |116 123 128 122 138 48 42 74 179 72 6 139 173 33 |152 191 148 69 76 90 111 94 140 167 30 106 20 190 4 157 26 |171 43 57 118 110 21 58 149 121 195 |35 115 108 183 55 78 142 52 196 13 45 54 200 ||99 144 133 15 162 32 176 85 147 51 174 136 187 96 47 113 132 156 ||67 124 |14 |164 1 |89 50 109 |104 |11 |61 182 |82 |92 |41 168 22 |10 36 8 |77 |49 |178 |150 |44 81 |125 24 161 |165 63 |18 170 |100 40 |184 101 97 |38 186 114 151 |87 198 68 |131 |53 126 |16 189
19099.63 752520.61
152 33 195 168 41 175 4 200 |130 177 57 99 145 98 43 138 122 68 135 172 92 159 73 199 80 |105 121 30 69 163 28 120 170 188 90 76 83 38 125 157 |103 173 102 37 128 123 164 70 156 46 107 |127 144 95 134 47 96 27 15 133 162 32 176 85 147 51 174 136 |2 62 169 74 179 118 72 6 110 58 21 183 78 142 55 39 67 137 50 197 |59 161 111 116 20 26 |42 56 35 141 181 9 75 66 148 126 60 129 12 117 153 86 71 88 155 84 31 25 185 |187 94 167 140 93 115 108 52 13 11 196 45 192 |48 193 113 180 7 191 29 19 146 112 79 160 63 165 171 182 23 5 166 ||34 |77 |189 |24 |87 |106 186 |139 131 |82 |10 198 36 44 |101 184 89 |119 17 18 61 |40 149 100 194 |1 16 |104 190 3 |158 |54 91 |109 |81 49 |53 132 |114 22 14 |97 |65 |178 |8 |154 143 |150 64 124 151
23422.56 729884.10
133 161 116 24 20 4 200 192 |176 105 69 90 76 188 163 86 28 153 117 12 129 60 185 3 26 |11 128 138 57 103 48 42 98 145 169 74 179 72 118 173 62 102 131 33 177 199 80 |99 175 52 54 39 100 121 195 197 |144 152 171 59 66 148 18 120 119 71 88 155 84 31 25 |122 9 182 79 19 29 191 7 180 15 27 96 8 47 113 156 46 107 |162 43 123 44 187 85 147 51 174 136 164 92 172 97 159 37 198 73 |130 70 58 6 110 178 21 183 78 142 55 13 45 14 137 |32 154 181 2 141 127 35 193 160 112 146 134 95 23 5 166 |75 115 108 93 94 140 167 111 30 106 38 83 157 ||168 |165 |109 150 101 |126 89 |124 114 149 104 |189 16 |81 |82 |143 22 |91 67 |196 |65 |139 |63 |1 40 |34 |50 61 158 |125 |49 |10 36 132 |64 |17 170 |56 |68 135 |77 |186 |53 184 87 |194 190 41 151
28529.51 679292.54
169 115 183 78 142 45 13 52 108 93 140 167 94 111 116 24 4 200 137 192 89 |144 50 39 91 55 173 121 195 |51 69 58 21 110 6 72 118 179 74 102 62 33 177 199 80 |103 7 147 96 27 176 32 162 133 15 180 191 29 19 146 134 95 23 156 46 |98 127 9 59 117 153 86 163 188 90 76 83 155 157 |120 12 129 5 |148 42 145 172 37 159 73 197 |48 85 113 47 112 79 160 193 35 2 181 75 66 60 185 26 |105 130 99 128 57 43 138 122 123 174 187 70 107 166 |30 152 141 171 71 88 84 31 25 ||64 |182 126 |189 |38 186 |34 |178 |101 |190 41 |106 |170 |184 |81 |104 22 |16 |53 |61 |1 136 |44 68 |135 92 |56 132 |20 143 124 |154 |131 109 |14 67 |149 150 |65 |158 17 18 |165 |11 |196 161 |164 |139 |151 194 40 3 |77 125 |10 97 36 |28 |49 8 |63 |175 |82 |168 |87 |119 |198 |114 54 100
31907.39 642123.43
35 115 108 52 140 94 111 83 188 28 86 71 88 84 185 |141 96 134 95 146 34 112 79 160 193 171 23 5 166 |128 152 105 127 59 181 66 148 60 31 155 157 4 200 192 137 |9 167 116 90 76 69 163 153 117 120 12 129 25 26 |78 162 187 147 27 85 176 32 144 133 15 180 7 191 29 19 47 113 156 46 |2 30 93 13 39 121 159 |75 142 183 118 37 73 80 |51 103 57 43 138 122 123 172 70 107 |45 130 99 169 42 48 145 98 102 62 177 199 |174 55 74 179 72 6 110 21 58 173 33 195 197 ||132 |131 40 |184 |170 154 |135 36 |106 175 |38 125 194 |126 87 |82 |17 18 89 |92 44 10 |16 |65 |161 186 190 |41 |63 53 |49 56 |136 164 |149 |143 168 |109 |119 |101 97 68 |150 139 |14 91 |77 165 |124 67 |182 81 |189 8 |196 |114 20 3 |11 |54 22 64 |158 |24 151 50 |61 |104 100 |178 |1 198
32053.72 632078.29
35 111 116 20 157 185 |152 193 163 28 120 117 148 12 129 60 23 5 |171 115 93 94 140 167 30 106 83 4 200 ||102 51 187 29 160 79 112 146 95 134 156 166 |98 174 147 144 133 162 32 176 85 27 15 180 7 191 19 47 113 46 107 |99 62 42 145 57 43 138 122 128 123 172 159 37 73 80 |183 103 48 74 179 118 72 6 110 58 173 121 33 177 199 197 |130 21 55 78 142 108 52 13 45 39 195 137 192 |169 70 76 90 69 188 71 155 26 |96 105 141 127 2 66 181 75 9 59 153 86 88 84 31 25 ||50 124 |126 |135 |119 |89 194 87 |22 |198 1 |184 3 |8 |149 54 |139 |178 40 |190 114 24 |92 68 |56 |165 |82 |154 143 |91 41 |17 |186 |77 53 |44 36 |16 132 |81 189 |18 158 |168 |151 |164 10 |14 161 |38 125 |196 |11 |150 109 |104 |49 |97 |131 |101 61 |64 100 67 |65 |182 |170 |175 |63 |136 |34
34913.11 602489.57
130 21 110 118 173 121 195 200 4 157 192 137 |183 103 74 169 99 42 48 145 98 102 62 33 177 199 80 197 |45 32 172 123 128 122 138 43 57 37 159 73 |72 174 15 176 85 27 96 187 70 107 |179 51 147 144 162 133 180 7 191 47 113 46 |6 152 127 2 181 59 9 75 66 148 117 120 12 129 60 25 |55 105 153 86 163 69 76 188 71 88 84 31 26 |90 35 193 171 23 5 166 |30 141 160 79 112 29 19 146 134 95 156 |115 58 39 78 142 13 52 108 93 140 167 94 111 116 83 155 185 ||132 |178 |184 164 |198 1 |175 |168 151 3 |165 |109 10 |92 |154 143 |22 50 |182 61 |8 |104 150 |18 119 |196 |63 |54 40 |149 114 |126 |189 44 |136 36 |67 161 |82 |56 |16 |17 170 |190 |65 |20 41 |11 |77 |14 |125 |89 |101 |28 |135 |34 |87 |158 |91 100 194 |38 |81 |124 |24 |97 |49 53 |139 |106 |64 |131 |186 |68 |
37271.53 587152.03
