Time:0
Last Iter:5
Last Update:5
Tabu:0
Last Time0
4
141 18 158 196 74 177 198 147 154 64 114 188 14 |79 65 187 112 117 109 165 13 37 129 1 113 156 84 17 186 43 34 92 |164 47 130 23 193 32 149 62 189 169 178 7 168 89 176 124 119 157 160 8 54 |182 120 41 55 71 150 195 100 60 87 185 56 86 104 10 51 16 |58 181 81 146 138 142 140 145 30 126 82 72 68 139 128 88 118 3 179 |194 151 97 175 9 93 76 22 199 46 143 83 59 108 161 63 101 |31 152 4 136 21 50 171 36 167 6 163 127 11 19 |144 78 166 180 90 80 28 49 48 170 40 174 |61 131 85 197 125 27 15 111 190 53 66 107 57 122 12 77 183 20 110 25 |75 33 137 35 121 155 26 135 102 103 105 172 38 162 ||96 42 |192 |29 2 |184 148 |132 |173 159 |133 |123 |116 69 |45 153 |67 |44 |94 191 |91 95 |52 |70 98 |115 |24 106 39 |5 |73 |99 |134 200 ||
21911.91 997410.39
181 85 118 28 49 88 170 3 174 |144 9 140 81 33 166 180 90 80 128 126 30 68 139 72 82 145 175 148 40 63 |75 151 78 120 97 93 76 22 199 58 137 143 46 59 108 162 16 8 70 |182 158 27 164 114 4 136 21 50 171 36 167 6 163 11 19 14 |15 165 168 157 119 124 7 169 129 37 13 1 113 194 84 17 186 43 34 |61 197 152 196 74 177 198 147 64 154 111 190 125 53 66 57 107 188 25 |18 176 156 141 131 187 47 65 77 12 122 183 110 92 |138 89 31 79 112 117 109 189 62 32 149 193 23 130 54 |142 178 185 60 100 195 150 135 26 155 83 55 41 161 101 |146 160 121 35 71 87 56 86 102 103 105 104 51 10 172 38 ||67 |179 |99 |24 |73 132 |153 |48 |123 |29 |95 69 |42 2 115 173 |98 192 |91 20 |96 94 |159 106 45 |184 |44 |52 5 |200 134 |116 |191 |39 133 |127 |
23865.49 949990.41
79 152 4 49 28 118 50 171 136 21 36 167 123 11 19 |158 165 8 86 104 56 102 105 103 10 172 51 16 162 38 161 63 45 |61 198 190 85 65 47 12 122 57 107 188 163 6 99 3 |77 181 144 166 180 80 128 126 30 140 82 68 139 72 116 175 148 40 |182 88 187 131 156 31 13 62 32 149 37 129 1 113 84 17 183 20 110 |90 141 109 169 178 7 168 89 176 124 119 157 160 130 23 193 186 43 34 92 54 |112 75 81 146 138 142 33 120 78 145 170 174 |189 97 185 87 60 100 195 71 35 121 155 26 135 55 41 |117 151 150 83 59 143 46 137 58 199 22 76 9 108 101 |93 18 196 74 177 147 64 154 114 111 15 164 27 197 125 53 66 14 25 ||179 52 2 |94 67 |115 184 |39 73 |29 |132 |194 |153 42 |69 5 |91 |173 24 |96 |48 |127 |70 |106 |192 |44 191 |134 133 |200 159 |95 |98 |
23858.02 991090.49
137 75 138 33 175 78 120 97 151 22 76 93 9 115 63 |61 23 124 119 157 41 172 160 8 70 54 |181 79 168 89 100 60 87 185 56 86 103 105 102 104 10 51 16 38 162 |166 130 58 199 59 195 71 150 135 26 155 46 143 83 55 108 161 101 |182 121 146 90 180 144 81 142 140 30 126 128 68 139 72 82 145 170 40 |112 178 84 47 53 190 111 64 167 6 11 19 |35 196 66 110 183 156 131 187 65 77 12 122 57 107 163 |7 125 152 36 171 50 21 136 4 28 49 118 88 3 174 |18 80 85 197 27 15 164 74 198 177 147 154 114 188 14 25 |158 176 141 31 113 1 13 165 117 109 189 169 62 32 37 149 129 193 186 17 43 34 92 ||184 |44 |179 5 |153 |67 24 |194 |200 ||29 |20 |159 45 |98 192 42 |133 127 |99 |48 |116 |106 134 |2 69 |148 94 |123 |52 95 |96 |73 91 |132 |39 191 |173
31518.06 945933.92
