Time:0
Last Iter:5
Last Update:5
Tabu:0
Last Time0
7
25 50 140 68 188 151 171 67 32 100 75 57 175 9 55 |89 125 98 58 194 52 12 82 144 93 119 163 53 8 97 |71 122 165 106 170 126 129 176 195 41 128 91 105 |66 34 112 104 70 192 44 59 11 78 185 177 64 42 |62 164 54 187 179 74 181 26 96 21 124 141 117 |136 190 31 94 95 18 17 143 147 45 28 80 36 197 29 3 |145 157 86 169 37 150 63 7 138 193 38 162 107 160 |198 1 191 148 134 23 99 14 174 153 60 16 133 88 51 24 |189 200 90 79 13 35 199 109 166 182 156 146 131 127 |132 69 139 123 73 111 180 159 137 15 22 167 92 161 ||4 49 46 87 110 |19 27 48 47 116 84 |172 118 |81 154 135 30 113 101 33 183 76 |61 121 103 158 10 |168 |5 152 39 83 6 85 |149 72 114 120 196 |108 |186 20 130 142 155 115 77 56 |43 65 40 173 178 2 |102 184 |
6946.47 611783.11
111 177 182 57 174 167 24 161 83 126 133 41 98 18 191 |51 28 124 87 70 89 104 31 32 156 119 |194 1 34 95 75 163 138 199 187 29 193 92 131 |125 188 52 68 86 36 55 42 195 78 |100 178 30 129 101 53 80 50 192 198 190 35 185 |139 12 11 117 45 59 4 130 175 183 160 127 153 165 93 171 |137 135 3 106 26 64 173 176 2 7 66 151 150 82 112 17 140 |96 166 146 67 90 157 123 5 105 33 107 |164 128 200 44 141 25 37 97 197 8 38 14 60 144 22 |152 134 9 88 162 19 114 71 94 73 91 145 54 ||85 77 120 158 122 15 99 13 76 |23 189 110 103 49 102 |69 143 58 |184 181 56 74 43 61 132 |62 21 63 6 113 |39 84 |118 155 116 170 27 115 |20 169 79 136 196 10 172 |148 186 46 168 147 |142 121 179 65 48 16 81 |72 149 40 47 180 159 154 109 |108 |
7447.85 547090.97
4 103 155 54 198 98 125 89 200 91 145 128 151 94 187 |147 70 12 104 150 188 164 189 90 67 111 185 31 190 |168 37 140 5 50 8 167 153 119 174 106 35 |152 11 191 68 132 157 41 78 171 144 32 138 199 |113 85 42 64 182 176 163 56 19 170 14 |57 2 75 48 93 166 53 142 102 133 |100 3 165 134 186 28 39 97 80 121 130 36 38 193 175 |22 7 156 177 95 110 18 82 123 52 192 86 124 169 59 |131 129 24 84 108 118 55 161 92 107 184 88 183 51 83 162 126 116 29 |195 60 160 127 197 9 105 46 45 117 141 25 ||172 |194 17 |1 |33 |58 178 115 101 69 61 |158 47 16 73 143 148 20 |76 10 6 154 74 196 109 |120 26 |15 21 136 44 23 79 13 |114 27 173 72 112 34 66 |96 |122 135 181 65 146 62 139 |87 159 180 71 77 |81 149 |49 30 137 63 40 43 179 99
8662.45 272706.13
44 46 52 70 150 188 58 98 198 54 |8 183 130 152 45 37 140 50 124 86 59 |100 73 95 149 177 146 144 32 138 65 3 165 153 119 199 35 |129 55 92 161 107 88 127 33 142 53 29 193 175 14 |93 60 131 118 160 197 49 97 80 28 134 |166 167 24 126 162 51 184 9 121 36 133 38 |22 57 7 156 47 195 96 182 64 135 42 27 174 106 74 136 |12 104 82 112 18 111 67 66 78 171 94 31 190 43 |56 163 176 75 185 123 200 91 145 157 |105 141 117 11 147 191 192 68 128 151 41 187 ||159 179 |17 |20 81 |120 164 |143 139 109 |63 |168 103 |72 173 |76 170 |2 |30 15 21 79 |83 77 114 13 |125 |1 23 61 148 169 |102 115 26 158 48 |6 |189 99 108 |132 90 110 |62 |137 |85 113 84 |186 25 5 87 172 4 101 |178 |16 122 181 |155 |69 39 71 |154 194 |196 |34 89 40 180 19 10 116
10616.56 212981.76
52 192 191 11 37 140 50 141 134 124 59 86 |117 105 28 80 97 9 197 127 160 88 29 14 |18 72 200 98 188 198 54 68 187 |135 167 131 118 161 92 51 8 36 133 38 |180 57 22 163 15 42 60 153 119 199 |67 111 95 177 93 174 106 35 |100 144 32 185 171 78 94 190 31 |156 7 195 75 176 182 64 166 165 3 138 |70 12 104 82 123 150 91 145 128 151 41 |129 24 55 107 162 126 53 193 175 ||58 89 137 |114 120 10 108 |56 77 113 |173 63 21 27 79 |2 122 66 90 |132 157 71 96 109 115 83 76 |99 159 74 16 26 85 101 |186 103 87 194 81 178 |39 169 147 62 179 170 6 |183 158 47 181 |139 5 152 4 |19 23 61 20 25 45 43 |48 146 34 110 112 17 125 |121 |149 189 73 13 130 102 |142 69 136 164 154 |40 30 172 |1 |65 116 184 155 49 |148 46 168 44 143 |196 84 33 |
12205.58 187665.26
124 50 140 37 117 105 134 28 97 80 |195 75 176 182 64 42 60 153 119 174 106 |163 22 57 7 156 144 32 138 190 31 |11 191 70 68 54 91 145 128 151 41 |12 104 123 82 67 111 185 78 171 94 |18 200 150 98 198 188 52 192 86 59 |141 9 197 127 160 88 8 193 175 |167 131 107 161 92 162 126 29 14 |129 24 55 51 53 36 133 38 |95 177 100 93 166 3 165 199 35 187 ||39 183 |87 |125 89 194 157 136 |1 130 83 155 85 |148 72 62 114 |154 146 189 132 61 |2 137 |33 147 |169 186 |47 173 |48 |81 16 21 |179 170 30 |44 110 17 40 15 |120 26 116 13 102 108 159 |46 121 79 115 10 |103 152 27 23 |113 84 49 |181 178 65 73 34 58 139 |142 172 4 |118 76 |5 45 |135 |164 90 143 69 20 |149 112 66 |19 |71 |158 122 109 77 180 56 |168 63 |43 101 74 |96 184 |99 |196 6 |25 |
14095.86 165084.43
176 75 7 156 195 144 32 138 199 35 |95 177 100 93 166 165 3 190 31 187 |18 91 67 111 185 171 78 94 |12 104 82 123 200 150 188 98 198 145 128 151 41 |105 141 117 11 140 50 124 86 59 |37 191 70 52 192 68 54 |134 28 197 9 97 80 36 133 38 |107 127 160 88 8 53 29 14 |167 131 129 24 55 161 92 51 162 126 193 175 |57 22 163 182 64 42 60 153 119 174 106 ||27 |87 45 |76 |130 |135 102 |73 89 139 61 |143 |189 34 |158 149 |146 65 180 19 173 |17 |109 155 10 196 4 132 |1 |26 164 125 183 |170 184 113 179 99 |2 25 49 33 |39 152 77 |168 90 5 157 |83 |112 |20 136 |44 |120 |108 |96 |115 |85 169 |79 74 |16 |121 |116 |122 181 101 |194 |147 |148 |172 |103 |69 58 |71 48 84 |46 |63 142 118 |23 21 |110 72 137 15 154 178 |66 62 |159 47 114 |56 43 186 6 |81 13 |30 |40 |
17336.56 153959.52
