Time:0
Last Iter:5
Last Update:5
Tabu:0
Last Time0
3
38 116 51 103 52 104 82 166 61 178 93 23 146 177 123 79 157 4 9 118 124 63 |94 170 120 40 97 34 111 148 110 42 181 145 194 6 121 159 144 |132 5 46 105 89 137 139 174 7 193 75 |171 113 168 125 106 78 115 184 101 131 164 73 190 92 2 3 |31 161 69 98 191 72 24 163 83 80 136 26 59 102 |185 141 112 35 140 114 150 67 81 153 19 142 91 77 47 54 12 |45 41 173 198 134 199 95 133 182 43 21 68 57 27 196 126 96 |8 138 172 44 99 71 15 85 200 22 90 130 62 25 |186 187 158 20 17 32 65 84 87 48 183 11 156 |33 127 197 175 189 151 58 53 60 128 162 66 55 154 100 ||49 |119 |180 |88 |36 |167 |149 |1 |74 14 28 |155 109 |179 64 |30 13 |192 |56 16 |188 76 |37 122 |39 195 |160 |18 |10 50 165 |169 |29 176 129 135 |70 86 |108 143 152 |107 |147 117 |
23243.88 884006.64
38 116 51 103 52 104 82 166 61 178 93 23 146 177 123 79 157 4 9 118 124 63 |94 170 120 40 97 34 111 148 110 42 181 145 194 6 121 159 144 |132 5 46 105 89 137 139 174 7 193 75 |171 113 168 125 106 78 115 184 101 131 164 73 190 92 2 3 |31 161 69 98 191 72 24 163 83 80 136 26 59 102 |185 141 112 35 140 114 150 67 81 153 19 142 91 77 47 54 12 |45 41 173 198 134 199 95 133 182 43 21 68 57 27 196 126 96 |8 138 172 44 99 71 15 85 200 22 90 130 62 25 |186 187 158 20 17 32 65 84 87 48 183 11 156 |33 127 197 175 189 151 58 53 60 128 162 66 55 154 100 ||49 |119 |180 |88 |36 |167 |149 |1 |74 14 28 |155 109 |179 64 |30 13 |192 |56 |188 |76 |37 122 |39 195 |160 |18 |16 |10 50 165 |169 |176 29 135 129 |108 143 152 |107 |70 86 |147 117 |
25483.44 880194.40
38 116 51 103 52 104 82 166 61 178 93 23 146 177 123 79 157 4 9 118 124 63 |94 170 120 40 97 34 111 148 110 42 181 145 194 6 121 159 144 |132 5 46 105 89 137 139 174 7 193 75 |171 113 168 125 106 78 115 184 101 131 164 73 190 92 2 3 |31 161 69 98 191 72 24 163 83 80 136 26 59 102 |185 141 112 35 140 114 150 67 81 153 19 142 91 77 47 54 12 |45 41 173 198 134 199 95 133 182 43 21 68 57 27 196 126 96 |8 138 172 44 99 71 15 85 200 22 90 130 62 25 |186 187 158 20 17 32 65 84 87 48 183 11 156 |33 127 197 175 189 151 58 53 60 128 162 66 55 154 100 ||49 |119 |180 |88 |36 |122 |18 |1 74 |14 |28 |179 |64 13 |30 155 109 |192 |188 76 |56 16 |37 |160 |39 195 149 |50 |10 |165 |169 |29 135 129 |70 86 |167 143 |108 152 |107 |147 117 176 |
26661.75 867516.90
