Time:0
Last Iter:5
Last Update:5
Tabu:0
Last Time0
4
36 69 116 16 198 31 167 37 61 56 188 104 113 |200 179 146 12 77 107 54 51 91 6 197 177 14 114 9 43 42 11 97 149 191 |95 108 145 79 102 115 187 182 158 154 18 123 156 35 27 164 67 151 |47 98 41 40 29 118 103 106 25 7 169 74 183 33 22 32 10 70 93 142 88 23 128 |172 55 117 85 4 89 112 78 81 139 17 72 84 39 186 162 135 83 |143 58 122 160 140 193 13 110 138 137 34 184 196 26 8 80 |49 96 192 119 101 165 92 50 94 20 59 180 24 |5 15 100 170 131 199 111 134 99 60 168 73 181 3 |155 129 157 163 48 173 124 82 126 125 64 87 144 |136 174 141 147 38 68 90 30 121 65 195 185 178 76 109 21 166 46 133 75 ||176 |44 |150 |2 |130 |159 |120 |1 |45 |190 |132 53 175 |153 |105 |28 57 |19 |127 |189 52 |152 86 |66 |194 |148 |171 62 |161 63 71
27187.91 952742.45
5 192 92 181 165 101 119 13 110 193 196 184 138 34 26 |36 73 16 96 116 141 68 90 71 198 20 59 180 24 |102 140 164 47 145 27 17 126 125 64 8 87 80 3 |41 35 7 54 146 108 12 9 115 187 182 154 156 123 18 158 42 97 149 191 |107 172 179 40 22 33 183 74 143 51 91 6 197 177 14 43 114 62 10 70 93 142 88 23 128 |129 67 112 89 78 139 81 186 72 84 39 151 83 |79 137 48 55 173 157 163 85 4 124 82 162 135 |15 136 95 38 147 58 30 121 65 195 178 185 133 167 31 75 |77 200 168 60 99 134 100 69 199 131 170 174 111 160 122 94 52 50 |117 155 169 32 25 106 103 29 118 49 76 109 21 166 98 37 61 56 188 104 113 132 ||189 |144 |176 |175 |63 |86 |150 |105 |148 190 |2 |194 |120 |127 |57 |19 |1 |11 |53 152 161 |46 44 |159 |130 |28 171 |66 |45 |153 |
24306.20 954549.17
112 160 168 60 73 24 |29 15 200 116 96 69 100 99 134 199 131 170 174 111 122 190 94 59 180 |49 77 177 7 6 91 169 74 41 40 183 33 22 32 10 70 93 142 66 |155 13 48 55 129 157 163 85 4 89 82 126 125 8 87 80 3 |27 103 143 51 197 54 107 108 146 12 115 9 43 114 11 97 149 88 23 128 |110 139 140 26 196 184 34 138 193 192 119 101 165 92 50 |117 181 137 173 124 78 17 81 72 84 39 186 162 135 151 83 |65 14 106 42 158 182 187 102 79 145 35 47 156 154 18 123 164 67 191 |179 90 118 136 95 172 5 178 185 195 76 109 21 166 37 98 61 56 188 104 |36 25 167 133 121 58 30 68 147 38 141 16 20 198 63 31 75 44 144 ||120 |57 |175 |161 28 |53 52 |105 |86 113 |153 64 |150 |148 |176 |45 |71 19 |2 |194 |130 |171 |159 |152 |46 |62 |127 |1 132 |189
23219.29 1001371.41
25 141 38 68 58 30 121 133 167 132 75 24 |36 147 31 73 168 60 99 134 111 160 122 189 |29 15 200 116 96 69 100 199 131 170 174 16 190 94 20 198 59 180 |49 77 177 7 6 91 169 74 41 40 183 33 22 32 10 70 93 142 66 |155 13 48 55 129 157 163 85 4 89 82 126 125 8 87 80 3 |27 103 143 51 197 54 107 108 146 12 115 9 43 114 11 97 149 88 23 128 |110 139 140 26 196 184 34 138 193 192 119 101 165 92 50 |117 181 137 173 124 112 78 17 81 72 84 39 186 162 135 151 83 |65 14 106 42 158 182 187 102 79 145 35 47 156 154 18 123 164 67 191 |179 90 118 136 95 172 5 178 185 195 76 109 21 166 37 98 61 56 188 104 ||63 44 144 |120 |175 |161 |53 52 |86 113 |150 |176 |28 |57 |2 |148 |171 |153 64 |45 |105 |19 194 |130 71 |159 |152 |46 |62 |127 |1
23518.14 955895.49
