Time:0
Last Iter:5
Last Update:5
Tabu:0
Last Time0
7
96 161 193 159 169 152 42 91 179 17 173 123 166 19 144 107 192 106 |138 196 147 36 165 46 68 64 |51 6 45 21 140 133 70 50 30 151 82 132 113 |61 93 155 10 83 148 41 104 43 184 176 58 149 101 153 29 154 100 26 |141 73 5 188 79 109 164 127 62 200 177 9 56 160 115 195 190 |89 116 168 40 94 80 170 97 136 124 39 |74 78 18 163 130 84 20 49 88 187 126 13 174 156 54 1 67 85 |53 3 38 167 112 129 181 59 180 69 183 |32 75 86 110 34 57 117 105 11 142 72 145 65 119 4 35 98 28 118 |22 135 108 71 178 182 143 63 189 37 25 95 186 139 48 131 111 27 23 99 31 ||199 |92 |102 |162 |16 146 44 |120 81 |76 194 87 |90 2 8 |172 122 |66 |24 55 |185 |150 191 |157 103 |134 |137 121 |171 |114 175 |125 47 |12 |60 |77 |14 |52 7 |15 197 198 |158 128 33
21834.87 825575.00
22 178 120 137 9 56 109 60 37 164 62 45 48 61 21 140 32 121 191 54 150 |50 177 42 59 179 75 73 135 3 94 38 167 65 8 119 107 106 |189 18 152 19 166 40 53 89 96 168 66 15 17 173 102 158 181 199 |116 72 145 4 76 28 118 |16 170 195 196 190 136 124 |141 108 147 34 57 10 83 41 117 148 104 153 29 100 68 |6 24 93 110 43 149 176 184 86 155 36 185 162 165 80 26 |78 105 11 154 35 98 64 |70 51 160 63 143 182 71 79 5 188 95 139 131 111 27 151 99 1 132 113 67 85 |138 133 25 47 82 156 193 13 126 84 187 163 130 161 74 88 20 49 159 169 180 172 69 ||186 |12 |91 |197 |14 |87 192 |97 33 90 |2 134 |55 114 128 |7 |157 81 |174 |115 127 |23 |146 112 129 198 |125 46 |194 52 |183 77 175 103 |92 |142 |101 |58 |44 |171 |144 123 |200 31 |30 |122 39
23052.48 772932.63
165 179 183 82 151 31 1 67 85 |184 21 140 32 141 133 50 13 193 120 |93 147 153 155 176 110 57 138 10 83 148 104 128 35 46 194 154 29 100 80 170 26 87 |105 116 53 89 96 18 91 42 152 169 180 59 |34 177 37 109 188 51 71 79 178 182 143 63 189 56 9 115 190 136 124 146 |5 61 195 160 62 164 25 95 48 45 131 111 139 186 27 23 99 132 113 |86 43 49 20 126 174 156 191 54 |108 36 11 117 8 4 145 65 167 38 94 3 12 135 73 75 166 19 158 181 106 |162 78 119 40 168 92 66 15 17 173 102 107 192 28 98 68 64 118 |41 70 6 22 163 130 161 74 88 187 84 159 69 ||101 |2 |171 |76 |121 112 39 |175 150 16 |114 77 |14 |60 |134 142 |72 |52 |149 |44 137 |90 7 |103 122 |55 123 |24 144 198 |97 125 200 ||127 196 |33 |81 197 |129 47 |30 |199 157 172 |58 185
24162.67 746771.66
22 160 51 5 108 188 109 79 178 182 143 63 189 56 9 177 25 164 62 99 132 113 |71 50 193 156 32 140 21 61 48 131 111 139 27 151 1 54 67 85 |70 37 45 133 13 187 163 130 161 74 88 20 49 42 152 169 69 |126 78 18 96 168 40 19 181 |6 53 3 135 75 73 166 173 17 179 180 59 |116 11 4 145 38 94 65 167 119 107 106 |141 95 82 64 35 98 28 118 |84 104 41 153 29 100 80 26 |89 105 117 93 138 83 10 57 34 110 148 154 68 |159 43 86 184 176 155 36 165 147 195 190 136 124 ||194 |102 |24 123 144 |58 |158 91 |31 127 |81 120 |199 114 90 198 |183 77 97 |15 |121 |55 |76 |92 |8 |52 |47 |12 |149 |142 |103 146 |162 170 |171 |16 150 |60 |115 |112 39 172 175 |122 |23 |33 |191 174 |30 |186 |137 128 |72 2 |196 200 125 |134 7 87 |197 157 |46 14 |66 |44 129 |192 |185 |101
31671.93 645860.35
51 49 169 42 152 18 168 179 180 59 |116 156 5 108 188 37 25 164 62 177 56 9 190 136 124 |96 141 20 70 50 22 163 130 161 74 88 187 84 126 13 193 159 69 |93 4 145 65 119 107 181 |143 38 117 138 10 57 34 110 104 153 29 154 35 98 28 118 |54 1 82 113 67 85 |53 147 6 133 32 140 21 61 48 45 131 111 139 27 151 99 132 |167 95 109 71 79 182 63 189 160 195 80 26 |178 11 83 41 148 43 176 184 86 155 36 165 100 68 64 |105 89 40 78 94 3 135 75 73 166 17 173 19 106 ||199 |8 72 |66 |142 |58 |170 144 |121 120 183 |2 90 16 |23 127 |158 |185 46 |149 |60 |15 |196 |146 81 |30 |197 87 |33 |115 |125 97 14 |47 |44 |175 |122 91 102 |150 174 |129 192 114 |194 134 |55 39 |7 |200 ||186 |171 157 |101 |77 172 103 112 |128 76 |24 |12 |92 |123 |162 |198 |137 |31 |52 |191
32636.42 628832.72
70 75 34 110 43 176 184 86 155 36 165 147 80 26 |152 93 138 57 10 83 148 104 153 29 154 100 68 |169 11 4 28 64 |18 51 79 109 177 37 25 164 62 82 132 113 85 |74 195 21 32 133 50 156 193 13 187 163 130 161 88 49 20 84 126 159 69 |40 141 140 95 139 111 131 45 48 61 151 27 99 1 54 67 |53 42 168 135 73 166 19 173 17 179 180 59 181 |6 96 89 116 78 3 94 38 145 65 167 119 107 106 |105 160 5 108 188 71 178 182 143 63 189 56 9 190 136 124 |22 117 41 35 98 118 ||183 |30 |146 |174 |142 |55 |199 |14 125 |158 197 |185 7 |103 172 |144 122 |24 123 |149 |15 |58 |77 81 |23 |2 8 |102 |12 192 |157 |186 |127 31 112 39 |115 97 16 87 129 |44 175 120 |66 |76 114 128 46 |72 198 |162 170 |90 137 150 |196 47 200 ||171 91 |52 194 |191 121 |134 33 |60 |92 |101 |
36038.05 600611.46
6 21 13 193 156 133 50 70 22 163 187 84 126 159 69 183 |78 57 43 176 184 86 155 36 165 147 80 26 |110 96 18 168 17 166 19 173 179 59 181 |34 51 5 188 109 79 71 178 182 143 63 189 160 56 9 190 136 124 |10 89 116 135 73 75 3 38 94 167 65 145 4 119 107 106 |40 138 83 117 148 104 153 29 100 68 |53 11 105 41 154 35 28 98 64 118 |93 95 139 61 48 45 131 111 27 151 1 54 67 85 |108 140 141 130 74 88 20 49 42 152 169 180 |161 32 195 177 37 25 164 62 99 132 82 113 ||30 |127 146 |174 |142 |55 24 |199 81 |14 125 |158 197 |185 7 |103 172 |144 122 |123 |149 |15 |58 |77 |23 |2 8 |102 |12 192 |157 |186 |31 112 39 |115 97 16 87 129 |44 175 120 |66 |76 114 128 46 |72 198 |162 170 |90 137 150 |196 47 200 ||171 91 |52 194 |191 121 |134 33 |60 |92 |101 |
36697.40 594084.34
