Time:0
Last Iter:5
Last Update:5
Tabu:0
Last Time0
7
65 142 45 82 26 78 17 20 137 32 146 |179 52 37 31 67 77 97 136 182 102 127 |34 13 121 56 161 126 191 103 48 55 162 |21 9 73 23 91 123 138 148 58 115 10 94 98 113 1 |116 74 158 88 200 85 33 76 92 79 84 57 87 7 49 |154 8 144 38 72 193 167 46 75 164 112 124 |128 100 53 86 122 168 28 192 24 196 44 185 163 16 |147 117 93 69 165 2 151 3 5 60 59 19 109 186 42 15 195 83 171 95 152 |40 184 150 70 66 198 119 194 90 189 71 22 12 27 104 30 139 118 |133 156 6 64 172 174 145 199 190 110 129 131 39 63 ||89 47 105 14 61 96 |11 159 181 125 169 35 |18 132 187 178 183 |143 4 51 81 130 175 |160 107 157 41 |99 |120 54 153 140 176 50 111 134 180 |141 197 29 62 135 43 188 |25 68 177 80 166 170 |149 114 36 155 108 101 106 173 |
7058.33 576644.85
31 42 25 57 142 115 195 118 159 122 30 |165 63 170 117 148 66 7 55 75 67 84 |188 113 88 85 33 104 97 64 161 146 179 163 16 109 162 127 137 138 |196 166 32 3 90 147 175 123 12 139 200 116 |102 24 5 153 56 47 136 92 141 190 145 1 |157 2 41 69 93 121 79 27 11 9 78 191 129 131 150 10 65 98 |74 82 158 26 103 45 94 87 60 80 38 171 193 152 174 |28 50 176 155 52 44 181 83 |107 76 23 77 133 20 58 119 39 143 49 70 37 |17 192 95 6 72 105 172 132 114 48 68 169 154 120 59 15 151 124 182 126 ||185 19 149 43 53 29 |130 110 73 144 8 |198 101 |134 156 34 86 140 |100 187 128 164 36 96 40 18 89 |160 197 167 |135 61 178 183 180 51 35 177 14 |194 13 106 99 112 125 173 |199 4 |168 111 21 62 46 184 |22 91 |186 108 54 81 189 71 |
7557.76 545197.20
26 116 74 113 48 58 15 |17 42 162 109 179 146 195 |160 193 20 80 194 14 163 31 37 88 174 78 77 138 63 127 148 |161 38 144 132 150 119 102 117 12 9 171 |189 165 196 44 185 60 52 198 87 142 98 172 84 152 30 |126 33 97 175 118 45 |49 101 59 32 34 69 71 79 136 122 191 200 75 94 131 |169 56 21 11 62 139 67 82 76 91 123 90 65 |13 2 124 182 27 64 178 1 158 188 103 55 7 66 10 115 5 |135 187 149 140 145 190 176 168 134 95 92 192 130 147 83 151 16 137 93 ||96 128 57 39 |4 70 19 186 143 173 89 |100 164 50 177 |106 54 120 154 114 167 |111 |40 68 3 107 110 |183 72 6 156 23 129 153 |25 |155 46 199 105 180 104 141 |99 112 108 8 41 181 |22 157 |184 61 43 36 53 86 29 18 35 51 |125 121 159 133 28 197 85 73 |47 81 166 24 170 |
9031.58 514997.24
138 93 123 117 90 124 83 |27 192 12 92 97 79 20 136 118 |77 17 126 95 193 84 171 56 38 |200 191 30 78 9 139 152 190 64 |103 113 26 116 74 82 158 1 |10 142 150 55 37 48 45 98 94 31 |44 148 127 63 165 102 137 147 182 |88 67 75 145 174 172 15 161 |87 7 66 65 49 52 115 163 60 179 146 5 |162 109 42 131 16 32 119 58 151 195 ||99 |41 |167 73 |43 |177 18 |140 |6 39 143 46 |175 |28 199 2 194 |100 36 4 108 68 154 8 14 |176 166 101 57 155 25 |50 132 61 111 144 |34 189 19 196 21 |70 186 59 125 129 198 |122 168 181 51 47 |71 157 170 81 |53 156 |89 3 62 29 85 104 107 91 133 |197 |11 72 180 153 184 114 |135 164 105 169 112 |185 106 |130 159 149 96 |173 69 86 24 35 |54 22 |121 160 187 40 188 |23 |178 128 |120 33 141 76 134 110 |183 80 13 |
11999.64 177297.53
138 93 123 117 90 124 83 |27 192 12 92 97 79 20 136 118 |77 17 126 95 193 84 171 56 38 |200 191 30 78 9 139 152 190 64 |103 113 26 116 74 82 158 1 |10 142 150 55 37 48 45 98 94 31 |44 148 127 63 165 102 137 147 182 |88 67 75 145 174 172 15 161 |87 7 66 65 49 52 115 163 60 179 146 5 |162 109 42 131 16 32 119 58 151 195 ||29 23 |153 73 |22 |140 13 |143 198 181 |2 |121 183 |111 |176 33 199 |180 99 57 186 25 132 |114 189 39 |21 184 112 |100 36 107 133 68 8 |175 108 70 14 |197 |122 |104 170 89 62 |69 141 110 |35 135 19 |128 187 |81 86 53 85 168 72 |34 24 196 157 |28 160 156 91 50 169 144 |4 125 185 166 194 71 11 |59 154 129 149 |47 |61 96 130 159 173 |177 3 |167 40 188 155 54 |43 41 |101 164 |178 105 |120 106 46 76 134 51 |18 80 6 |
14153.18 169300.21
26 116 113 74 158 67 75 1 |103 45 98 94 37 48 42 31 |66 52 65 7 87 142 162 109 16 131 161 |49 44 127 148 151 58 119 32 5 |82 88 200 145 174 172 195 |63 165 102 90 124 147 182 117 193 95 171 |27 30 191 139 152 190 64 38 |17 77 78 9 126 84 118 56 |55 150 10 115 163 60 179 146 15 |137 138 93 123 12 192 92 97 79 20 136 83 ||100 |160 129 111 |106 |80 |70 |196 104 141 156 21 |29 4 132 |122 197 |35 185 155 |73 91 130 |183 112 19 25 |135 |8 |99 |96 199 24 34 175 71 |14 105 89 181 170 |176 |47 |133 |143 81 189 3 |120 |61 140 178 |173 |43 59 |76 |164 167 |180 |144 153 177 62 53 |13 101 186 54 |50 188 128 36 |28 33 23 11 6 |85 69 |121 41 2 |39 |194 |125 187 |40 |107 |68 |57 184 |157 |18 |46 |169 149 72 |114 154 |86 |166 |134 159 |110 168 51 108 |198 22 |
15362.28 161673.74
150 10 7 142 87 162 109 16 195 |66 115 52 49 60 179 131 161 |116 94 98 45 37 55 48 42 31 |103 26 113 74 82 88 158 75 1 145 |67 126 9 78 30 190 174 172 |17 77 200 191 152 139 84 64 38 |83 117 79 97 92 12 192 27 95 193 171 |182 137 138 93 123 20 136 118 56 |148 127 63 165 102 147 90 124 58 151 15 |44 65 163 119 32 5 146 ||36 73 |141 135 |170 |183 |81 |86 |19 |110 6 173 105 72 |176 |194 |29 |91 |68 153 21 |197 85 |8 |62 178 |53 101 164 |25 35 154 |156 180 |169 108 155 |140 |157 |199 186 188 |89 |80 |134 |130 24 166 167 |2 114 96 |71 181 |54 14 |13 111 |144 177 |196 |159 |189 |39 47 121 22 69 |120 |185 |198 |106 143 |122 |160 |40 107 |4 |149 |129 34 |175 |104 |57 99 |18 |41 |128 28 |184 |3 112 |187 |51 50 132 |125 |168 33 |76 46 133 11 |59 70 43 |23 |100 61
16266.11 149021.70
