Time:0
Last Iter:5
Last Update:5
Tabu:0
Last Time0
7
105 168 70 92 29 184 68 114 84 88 |21 165 93 44 139 17 25 71 19 145 180 |133 127 111 14 110 12 123 31 196 74 |41 121 43 9 82 119 186 132 170 190 130 85 48 78 198 40 |144 35 22 193 129 146 178 67 177 37 77 113 116 72 50 |79 65 138 45 154 115 51 161 33 13 136 58 148 199 69 7 171 86 141 |150 159 81 87 96 91 194 94 39 108 59 155 20 181 57 |23 4 10 66 106 99 90 120 101 6 151 83 167 34 30 2 18 |60 187 36 89 179 27 117 192 147 197 189 61 128 24 55 104 103 183 |152 137 46 100 42 102 107 5 157 175 156 124 135 32 16 38 76 162 112 11 98 109 80 ||200 174 64 |173 134 26 |176 126 160 166 |182 |140 |54 62 158 |169 52 8 |143 |142 |153 |56 47 172 49 |118 195 95 97 |63 |131 |75 |73 53 125 3 188 |163 28 |1 |191 185 122 |15 164 |149 |
16484.27 1407550.28
107 19 123 180 32 16 111 110 139 83 |89 11 112 101 166 99 164 81 9 7 39 108 190 100 130 109 48 |67 145 13 148 156 66 106 84 196 87 194 |63 170 200 5 189 70 80 17 50 57 104 74 |44 158 55 38 121 82 113 31 92 51 10 69 181 25 71 175 |15 171 86 94 91 52 54 24 114 93 36 40 167 59 178 12 152 |45 163 28 198 133 41 159 176 186 64 132 3 42 20 197 |126 103 150 96 60 151 98 179 46 23 155 199 168 147 136 18 105 115 22 |184 29 56 102 33 125 124 77 119 169 120 177 |192 172 85 161 2 135 141 88 95 128 79 8 90 26 78 165 14 154 144 193 ||146 195 118 62 35 |65 183 |30 |37 143 |122 187 21 134 |72 |191 34 68 173 |129 174 97 43 |27 47 |127 138 |4 61 |116 1 |73 153 |149 182 |131 |157 75 |76 162 6 137 |160 |140 117 188 185 |49 53 |142 |58 |
16989.21 1221602.83
89 11 139 112 36 101 14 21 78 165 152 |16 156 119 82 7 88 194 94 186 86 171 39 77 108 135 61 31 132 113 32 106 195 66 12 129 |184 98 30 72 83 167 181 23 19 |198 114 93 182 40 151 6 110 48 144 |180 44 68 50 17 71 85 46 130 155 42 51 123 |199 80 140 109 25 69 29 20 137 188 |189 99 133 183 96 142 87 41 38 103 74 90 150 159 196 121 84 9 81 79 22 |162 104 111 76 62 28 166 154 10 |105 67 148 143 168 177 5 1 117 59 100 190 |57 115 170 175 18 70 136 13 197 58 157 145 33 3 178 92 193 ||169 52 |27 |34 |64 43 |146 173 120 |54 164 24 138 |49 97 95 187 |192 200 174 4 |163 191 |56 124 73 |75 |149 55 |47 116 |102 2 |179 147 |53 63 |37 172 |35 15 |134 |161 185 118 |160 |126 26 |125 60 |158 127 |107 |153 |91 131 |141 |128 45 122 |176 65 8
22665.91 516846.26
21 79 81 99 26 101 22 154 |137 199 47 59 130 155 193 |34 77 115 31 170 156 180 18 175 67 105 42 178 51 123 |16 197 189 136 145 33 3 100 190 12 |92 109 71 85 46 19 |5 168 177 148 80 25 23 |133 108 132 113 32 82 119 39 171 86 186 94 194 88 7 9 106 66 10 |11 98 50 17 83 167 181 69 29 20 |110 36 40 44 57 184 139 112 48 144 |70 103 121 84 196 159 74 90 150 41 87 104 111 198 114 93 14 78 165 152 ||120 |54 |157 192 |45 122 53 |1 117 27 4 188 |183 142 |102 143 |127 163 138 |89 68 72 |56 160 |176 187 |65 |166 97 |38 28 |63 64 |128 15 |131 |30 |75 |172 |162 |153 |151 |35 169 125 |140 2 |62 149 158 |134 191 |61 195 |96 24 |135 37 |141 |116 |76 55 |161 49 73 129 185 |52 118 60 |147 200 146 |124 |6 |164 |58 13 |174 95 43 |182 173 |107 179 |8 126 91
28175.77 491244.37
111 87 150 90 41 103 74 159 99 81 22 |189 78 112 139 11 167 181 69 29 20 195 45 152 |57 33 145 37 136 197 168 143 5 67 59 100 42 51 190 |178 105 177 148 199 130 155 19 144 48 |70 40 184 83 98 50 17 109 80 25 71 85 46 23 |156 180 18 175 170 115 92 123 193 |36 14 93 114 198 133 104 154 |31 108 77 82 32 7 106 |44 88 194 94 186 86 171 39 119 113 132 66 12 |110 165 121 196 16 84 9 79 10 ||128 76 |149 21 |172 47 1 |6 134 191 188 |187 28 129 2 |200 13 27 |120 65 60 185 |89 137 101 |53 146 161 125 |91 52 95 |141 |169 153 124 |142 164 |43 131 |127 |75 |63 179 |116 |182 55 |102 |15 97 49 138 |163 166 62 26 |140 72 34 |64 |54 24 158 118 |174 160 176 8 |183 |192 173 35 122 |147 58 117 56 |151 162 |68 30 |126 73 |96 |61 107 |157 3 |38 |135 |4
30871.80 445813.73
99 150 90 103 41 87 104 111 76 154 48 144 |181 167 17 83 11 139 112 |69 29 20 23 85 46 130 56 155 19 |88 25 109 80 71 199 102 59 100 42 51 123 193 |194 50 98 184 44 40 36 14 93 198 114 78 110 165 152 |94 145 136 157 197 168 148 177 5 67 178 190 |39 186 86 171 119 32 79 22 |57 74 159 121 196 16 84 7 9 81 |106 82 113 77 108 132 66 10 |133 189 105 33 70 18 175 180 156 170 31 115 92 12 ||153 |68 |21 169 |125 173 60 122 4 |58 75 |63 61 129 138 195 |131 97 49 |118 27 179 200 ||2 161 147 117 |137 116 89 |73 134 |143 172 192 |34 101 |142 183 28 |54 55 162 24 |8 91 |124 64 |127 96 |140 47 |126 176 166 187 |62 163 |141 95 |188 26 149 35 |30 |52 65 128 |146 158 |135 |15 |43 120 |191 |6 |45 107 |72 |38 |182 174 |37 1 |160 151 |185 |53 |13 3 |164 |
31865.48 429845.15
196 36 40 139 184 57 98 50 17 83 167 181 69 29 20 |156 180 175 18 70 189 136 145 33 92 |115 170 105 67 59 100 155 190 |198 93 114 14 78 110 165 48 144 |177 112 148 199 80 109 25 71 85 46 130 23 19 |31 108 77 113 82 32 106 10 |84 121 16 88 7 9 22 154 |44 194 94 186 86 171 39 119 132 66 12 193 |11 133 111 104 87 41 103 74 90 150 159 99 81 79 152 |197 168 5 178 42 51 123 ||62 |64 |161 |129 55 |120 |35 |160 45 138 122 187 |118 126 169 128 |65 182 24 166 |147 58 102 |135 47 |91 61 |151 6 34 |63 |142 54 |76 21 |164 |163 |117 |141 |153 15 95 |131 195 |188 97 174 53 |52 |37 157 2 200 3 |8 43 49 |146 4 125 56 27 173 |134 72 30 |137 89 179 |1 143 172 |127 101 |96 183 |68 |13 75 |107 |116 |158 162 |176 28 60 |140 185 |124 |38 26 |192 |73 |191 |149 |
34833.53 404945.09
