Time:0
Last Iter:5
Last Update:5
Tabu:0
Last Time0
7
136 165 9 157 75 144 16 70 119 38 91 66 168 |56 187 106 54 160 178 73 171 29 |51 64 25 175 8 92 114 135 15 199 84 134 145 |112 196 63 123 150 50 167 154 62 101 166 142 33 |46 159 76 96 65 3 12 22 86 127 121 185 200 111 184 80 |41 37 180 131 194 107 18 23 53 57 27 126 90 139 |45 188 153 138 102 137 39 11 115 17 104 183 85 124 122 13 |149 177 191 95 49 31 68 42 69 148 133 103 161 120 21 158 79 26 189 |197 198 146 36 47 94 116 89 28 105 20 93 190 163 195 |174 74 60 32 19 77 152 172 186 5 128 43 125 98 40 ||179 99 109 155 14 118 |181 24 71 162 52 6 |78 97 82 |87 10 164 44 61 59 4 |1 83 193 176 141 |34 7 |173 88 147 2 |117 143 48 |182 140 100 |192 151 30 58 132 81 169 |129 72 55 67 108 110 |35 156 170 130 113 |
7085.41 633436.32
86 110 50 136 20 4 6 40 122 184 42 |31 112 45 36 134 156 119 23 59 190 78 160 167 74 168 |62 85 114 79 22 188 171 29 199 98 80 |11 27 93 39 158 135 162 125 163 159 21 120 94 149 177 89 25 200 174 |189 60 32 51 67 26 137 109 38 145 13 17 142 33 |16 144 8 101 157 175 90 34 10 19 138 57 18 |178 46 131 187 106 180 154 43 72 166 81 128 91 185 54 |195 24 165 147 64 66 44 139 146 47 5 76 15 133 |127 121 105 87 7 150 53 196 95 69 111 148 169 161 75 92 |123 192 102 141 88 9 37 113 124 107 84 194 100 73 68 63 ||170 49 116 151 193 132 |83 117 140 118 198 130 |153 |97 103 58 96 52 56 173 |35 143 126 181 48 129 71 |55 77 99 179 191 197 30 |14 82 104 176 61 164 3 |28 108 115 12 155 65 2 172 183 |41 70 182 1 186 152 |
7289.91 595839.52
151 65 23 115 17 135 43 181 54 91 50 29 13 133 122 |82 15 76 42 112 128 127 102 26 |12 153 123 138 93 154 103 120 161 |199 78 145 177 25 174 121 165 62 180 158 27 57 |85 47 188 68 139 63 119 |186 30 176 20 9 166 142 185 200 ||86 137 152 167 173 72 41 16 40 124 21 80 1 160 5 18 22 150 189 74 136 |184 84 140 33 159 163 75 96 53 94 149 19 90 66 134 |157 24 92 195 37 52 125 46 98 169 132 14 100 73 45 198 197 11 106 168 51 |39 79 126 87 89 38 196 36 49 31 171 111 148 101 114 8 ||172 194 58 118 |179 164 109 95 182 107 144 |141 105 28 110 143 44 146 156 3 61 |69 59 2 4 104 97 70 178 113 |191 130 34 129 |83 71 |147 60 99 7 108 77 56 162 |48 10 192 155 170 |64 175 |193 81 6 117 190 116 67 |187 55 32 88 131 183 35 |
7653.89 536012.46
71 147 32 51 91 25 127 67 121 102 86 26 79 27 |157 101 43 165 167 20 106 39 151 |171 68 134 196 188 45 31 73 42 100 47 119 94 22 53 |120 117 80 133 13 160 148 18 5 23 11 |50 66 200 185 174 54 168 74 90 189 87 105 136 19 55 |112 111 122 124 40 6 15 199 17 |113 142 98 159 163 46 16 125 162 75 93 |195 166 9 114 92 56 85 62 154 8 180 135 158 |29 145 44 89 128 38 63 177 150 138 123 149 192 57 |33 21 161 84 184 132 104 76 ||118 |164 129 |141 |126 108 77 96 155 139 |144 88 1 |4 81 182 14 190 65 |131 12 3 186 69 58 140 |198 146 116 143 7 181 60 |30 41 52 37 72 97 |191 83 |197 109 179 |70 178 194 156 130 |64 34 175 24 193 107 |115 49 |152 137 172 187 173 28 48 110 2 |61 36 78 95 153 35 99 |10 |103 82 169 183 176 170 59
8748.84 205521.73
168 25 185 91 51 127 102 86 26 79 27 |157 9 101 43 165 121 57 22 |174 50 66 200 89 128 177 150 138 123 149 |29 145 68 112 188 38 63 94 53 |42 171 31 73 45 196 134 47 119 11 |120 161 21 33 40 199 160 17 76 |124 15 98 142 159 163 46 16 135 158 |125 195 166 114 92 85 62 154 8 180 75 |54 74 189 90 136 19 167 20 106 39 93 |122 80 84 184 133 13 111 18 5 23 ||87 99 |44 36 170 198 59 148 97 14 |28 105 147 108 152 194 193 131 |117 140 6 4 172 100 65 176 30 |197 109 116 12 3 137 77 67 126 110 |52 88 179 155 78 |71 24 178 118 81 107 1 96 |191 113 190 49 |153 41 103 |10 144 56 |95 7 181 55 183 |70 |69 156 104 182 |141 151 |34 132 58 187 186 |192 35 48 60 129 32 2 |175 162 82 |173 72 143 139 |146 |83 |169 115 37 |64 130 164 |61 |
11792.91 176241.64
157 9 43 75 167 20 106 39 93 |189 74 54 168 174 50 66 200 185 91 127 102 86 26 |120 161 122 84 184 133 13 160 17 23 |177 29 68 112 45 196 134 119 11 |166 195 85 92 114 101 62 154 8 180 |90 165 19 136 121 51 138 150 123 149 79 27 |145 89 25 128 38 63 94 57 22 53 |111 42 171 31 73 188 47 18 5 |33 21 124 40 199 15 98 76 |80 142 159 163 125 46 16 135 158 ||141 2 |179 |36 191 109 |104 182 83 |3 10 129 |137 |183 |173 |192 |151 |4 |44 99 |97 |81 |96 194 |115 176 |139 |140 |113 107 |172 147 37 |12 52 |87 148 |100 77 197 170 198 95 |175 110 7 59 65 |82 190 152 108 |41 181 |130 |164 67 55 64 |78 146 69 132 103 |61 116 32 155 |14 178 56 6 |35 105 126 72 |156 |153 |1 30 193 |118 143 |187 28 48 60 34 |131 49 |144 58 70 169 186 |117 88 71 162 24 |
13306.69 153633.45
80 120 161 122 84 184 133 13 160 17 27 |145 29 68 171 112 31 73 47 119 94 22 53 |168 54 90 189 51 123 149 79 |74 174 66 50 89 177 150 138 57 |38 63 128 25 200 185 91 127 102 86 26 |159 43 165 19 136 121 106 39 |166 157 9 92 114 101 167 20 93 |111 42 45 188 196 134 18 5 23 11 |199 124 21 33 40 15 98 46 125 16 135 76 |142 163 195 85 62 154 8 180 75 158 ||88 100 |82 |130 |56 97 |183 |103 |182 1 |49 |87 10 108 192 3 148 |36 96 |198 126 34 147 173 |61 190 |172 181 48 60 105 |2 |155 |110 170 |28 143 70 |24 |141 55 67 12 |175 |140 95 153 30 |35 193 77 164 |41 |139 |178 |152 7 144 194 176 |69 107 |146 104 99 |81 |83 71 |6 |65 132 |169 52 |78 109 197 |59 |118 113 129 151 131 187 |116 162 186 4 |37 |179 44 |117 |64 |32 |191 72 58 |14 |156 |137 115 |
15353.15 150121.79
