Time:0
Last Iter:5
Last Update:5
Tabu:0
Last Time0
7
37 66 132 148 79 22 192 172 90 106 155 |200 177 156 56 179 162 153 92 120 44 80 2 18 |7 41 191 188 64 125 184 154 168 53 |29 123 70 165 99 33 150 58 194 189 175 |6 5 16 55 8 25 32 1 20 170 69 193 173 141 159 65 |21 131 121 135 85 96 81 102 114 9 88 93 198 130 28 149 87 54 144 164 |110 181 186 157 76 113 158 35 47 62 146 142 |24 199 182 105 124 3 152 160 60 84 166 23 137 50 27 117 185 195 |89 72 116 169 86 38 138 108 42 34 136 57 95 97 196 45 |171 104 128 133 13 77 103 180 100 174 147 63 78 68 126 74 48 91 139 ||98 15 145 |52 122 |127 134 |118 |11 129 |10 17 140 176 |61 71 |19 46 |83 82 75 |12 101 |94 115 49 4 51 |190 26 109 |67 31 59 |73 119 36 |183 |178 40 |39 14 30 143 |197 112 167 |163 161 151 |107 111 43 |187 |
15537.51 1225941.97
67 181 195 142 171 128 170 6 54 64 27 88 |125 102 119 198 108 117 33 87 144 104 131 |114 122 184 74 11 28 63 162 177 156 186 150 |113 60 166 20 116 164 10 5 95 57 194 188 86 38 50 |140 13 157 196 136 90 134 71 175 47 172 |2 139 191 24 105 25 16 45 69 135 193 97 120 92 44 |189 30 145 4 176 152 55 160 89 1 79 169 149 56 58 |200 185 61 132 158 84 72 7 199 190 81 168 126 159 155 65 |23 80 29 35 192 70 118 85 76 133 8 167 31 187 153 |99 182 124 123 37 101 53 110 106 179 19 115 130 62 173 141 154 18 22 ||127 59 112 |17 121 148 |151 111 42 161 |137 75 197 |143 78 |103 34 68 94 |165 66 109 |40 |73 82 48 |43 |178 |41 52 26 |100 39 77 146 |96 |147 15 183 107 |129 36 |163 93 46 138 |51 32 3 21 12 |14 49 |83 9 91 |180 174 98 |
16802.86 1162026.37
67 181 195 142 171 128 170 6 54 64 27 88 18 |179 125 102 119 198 108 117 33 87 144 104 131 |114 122 184 74 11 28 63 162 177 156 186 150 |113 110 60 166 20 116 164 10 5 95 57 194 188 86 38 50 22 |140 13 157 196 136 90 134 71 175 130 173 47 172 |2 53 139 191 105 25 16 45 69 135 193 97 120 92 44 |189 30 145 4 24 176 152 55 160 89 1 79 169 149 56 58 |200 185 61 132 158 84 72 7 199 190 81 168 141 126 159 155 65 62 |23 80 29 35 192 70 118 85 76 133 8 167 31 187 106 153 |37 99 182 124 ||123 101 197 |127 59 112 |17 121 148 |151 111 42 161 19 115 |137 75 |143 78 154 |103 34 68 94 |165 66 109 |40 |73 82 48 |43 |178 |41 52 26 |100 39 77 146 |96 |147 15 183 107 |129 36 |163 93 46 138 |51 32 3 21 12 |14 49 |83 9 91 |180 174 98 |
18247.33 1024623.10
10 148 155 42 43 28 149 87 54 144 |27 158 102 38 80 7 139 81 35 96 166 123 128 66 72 20 1 24 116 99 199 |130 198 126 141 168 154 172 73 36 33 |164 104 170 37 160 113 135 131 132 171 16 97 152 8 |2 194 178 156 195 187 110 177 95 57 140 |192 45 61 181 200 58 146 56 103 106 120 |179 189 159 49 111 78 117 62 |85 23 79 173 47 74 88 18 50 22 125 86 137 44 188 64 169 52 |67 69 196 186 55 150 6 53 5 109 25 133 |70 65 162 161 175 63 90 30 153 92 ||3 |93 108 |100 68 105 |163 32 |76 101 118 |21 41 |40 4 |190 112 77 145 |121 122 |82 143 |83 91 114 |46 48 119 |147 183 15 |184 |185 142 |115 11 |98 |107 39 136 |191 29 165 |75 |157 12 |14 71 |138 9 |51 176 26 197 89 |180 127 34 151 |129 19 134 |13 31 |84 |174 94 182 124 |59 167 |60 193 17
27793.79 537035.01
167 196 186 97 8 152 95 57 |45 139 157 150 53 5 112 133 76 104 128 72 20 7 116 24 17 99 199 |189 179 63 98 175 19 15 90 153 92 |156 69 166 170 37 84 35 2 81 102 80 79 23 188 44 64 169 54 87 |6 38 122 114 192 27 88 18 50 22 86 73 144 |183 198 126 141 168 74 172 47 173 149 33 |31 181 58 200 59 110 177 |85 195 178 194 185 56 77 106 |162 160 135 70 158 193 12 131 132 171 25 164 |65 155 159 28 130 117 62 120 ||138 75 83 |143 |91 |136 |11 52 |101 16 |82 68 134 |13 66 113 32 |109 10 96 51 |176 36 43 151 78 |9 41 |30 145 100 147 71 |93 123 |21 148 124 |154 163 108 |146 |129 |46 |103 39 182 |48 111 |34 42 |40 |174 49 115 |67 |61 14 180 190 |94 125 29 |184 191 105 |26 165 89 |197 60 140 107 |142 4 |161 127 |187 3 |121 118 55 |119 137 1
28740.83 448669.42
172 50 18 88 74 168 141 126 130 117 62 120 |24 170 37 70 158 160 128 72 104 164 |56 146 110 177 106 |35 80 38 79 23 188 44 64 169 54 87 |65 155 11 198 47 173 149 33 |85 86 27 192 2 102 81 139 166 20 7 116 99 199 144 |22 58 181 196 186 97 152 8 95 57 |195 156 194 200 ||162 150 5 53 6 45 132 131 135 69 171 25 133 |28 159 175 63 179 189 90 153 92 ||16 |75 |4 61 |30 34 125 |41 123 60 |59 187 185 |148 101 84 |165 140 145 |193 197 26 17 |39 136 105 52 |76 114 191 |183 43 154 36 |40 178 |127 151 143 |138 1 |66 157 13 55 |67 31 167 |142 |129 |83 |89 96 113 |93 42 |122 184 82 |68 78 111 49 174 |108 |147 |94 73 182 51 |10 12 |29 137 |115 19 161 190 |48 119 32 176 |14 121 112 124 |91 9 |15 46 163 |100 180 71 103 107 |118 21 109 3 |98 134 |77 |
31297.25 391346.96
81 2 102 35 23 139 44 64 169 33 |195 86 22 88 18 50 27 192 38 80 79 188 87 54 144 |172 74 168 141 126 198 47 173 149 |170 166 20 7 116 99 199 120 |85 177 110 200 194 58 181 196 186 97 152 95 57 |133 69 131 135 158 70 37 160 128 72 24 |8 132 45 6 53 150 5 171 25 104 164 |155 130 117 62 92 |156 175 162 65 159 28 90 153 |63 179 189 56 106 ||118 |83 |121 |77 |161 |59 26 182 |147 78 15 |197 154 |75 191 |138 |93 52 |119 91 |142 146 |113 36 |187 136 103 39 14 |3 124 190 140 |137 82 163 94 68 |16 66 12 |184 114 |30 71 11 42 111 |32 96 101 84 |31 67 143 |174 185 |29 |193 |183 43 129 |112 55 |98 19 4 |176 1 41 |60 73 |108 46 |61 |10 |157 |122 |127 |148 |178 |34 |48 |89 |109 |21 |9 |167 |107 |125 100 |51 115 |105 |49 180 |40 |13 |17 |151 |76 |165 134 |123 |145 |
37406.72 363647.30
