Time:0
Last Iter:5
Last Update:5
Tabu:0
Last Time0
5
91 33 141 83 198 98 57 85 11 76 162 15 75 63 143 153 |152 67 103 9 190 158 113 119 138 19 156 92 164 55 |36 104 41 32 151 125 51 185 74 10 180 21 187 102 130 50 62 105 196 84 |192 107 56 64 172 47 30 144 53 137 45 1 168 43 49 134 97 |52 25 155 112 59 87 121 184 150 183 171 106 131 169 133 37 54 40 |159 109 200 166 199 48 34 188 117 179 189 16 136 118 120 163 193 195 8 6 44 |174 78 35 186 100 129 73 96 93 90 135 145 24 28 68 94 108 181 89 139 |197 115 79 95 101 167 14 176 80 132 61 |82 122 148 147 18 149 160 12 140 22 26 123 110 |13 77 38 58 127 124 175 157 39 111 4 154 60 66 170 81 194 3 ||114 27 69 |29 128 |99 165 72 |178 177 |5 |23 |31 |116 |182 |161 17 |20 |70 86 |65 |191 |173 46 |7 |88 |42 |126 |142 |71 146 2 |
23684.86 989282.10
13 175 189 179 117 34 188 200 166 10 74 185 51 21 187 102 130 50 105 84 |33 111 98 35 90 135 145 24 68 94 28 100 129 186 108 181 89 31 75 143 |9 157 95 122 115 184 150 183 171 131 169 3 40 |91 52 194 106 112 155 79 59 87 176 133 37 26 123 |38 121 148 149 167 101 25 14 160 12 22 80 132 61 |67 82 125 151 197 152 41 32 107 196 6 8 44 |93 193 159 180 104 199 48 195 163 136 16 118 53 168 1 45 137 56 43 97 |192 96 73 83 198 162 76 85 57 78 109 15 63 110 |39 174 11 141 103 190 158 147 18 113 119 138 156 19 92 164 139 55 153 |77 140 144 30 47 36 127 124 58 172 64 4 154 60 66 170 81 178 134 ||114 17 |146 54 |116 |120 |126 86 |88 |27 |62 |5 |128 2 |69 182 161 |71 29 |46 |23 |42 |20 191 |7 |142 173 65 |49 72 |99 |70 |177 165
26516.29 927424.22
38 101 121 79 167 25 14 160 12 140 148 18 147 158 138 119 113 19 156 92 55 |33 199 32 107 173 195 48 104 46 8 6 44 110 |174 95 184 131 169 133 37 26 22 80 132 146 61 40 |67 41 164 139 89 181 186 129 100 108 68 94 28 24 145 135 90 96 73 83 98 162 182 15 31 126 |152 77 4 176 87 59 155 112 122 115 150 183 171 106 54 123 |157 192 74 185 51 13 159 151 125 50 130 102 187 62 196 84 |190 189 175 52 124 127 36 58 172 47 30 144 53 168 1 45 137 42 56 134 |9 82 180 21 10 166 200 117 179 188 34 16 118 163 193 43 97 |197 149 103 141 35 93 198 76 11 85 57 78 109 69 17 63 75 143 153 |91 136 64 39 111 170 66 60 154 81 194 3 128 ||120 |23 |71 5 |29 65 |116 |177 |27 |178 |165 |88 |72 191 |99 |70 |20 |49 |7 |161 2 86 |114 105 142
24940.07 982451.91
167 36 127 172 64 157 175 39 111 4 154 60 66 170 81 194 3 |33 106 158 95 176 59 87 79 155 112 122 115 150 171 183 184 131 133 169 26 40 |101 94 119 25 14 140 160 12 149 147 18 148 138 113 61 |121 89 139 126 22 80 132 146 123 110 |125 67 141 35 93 135 24 28 68 103 9 190 19 156 92 164 55 |90 37 109 85 11 76 98 198 83 73 96 145 108 181 100 129 186 162 15 75 63 143 153 |91 77 124 52 47 30 144 189 179 117 34 136 195 163 193 43 134 97 72 |38 192 13 10 166 180 74 51 185 21 187 102 130 50 142 |82 58 56 137 45 1 168 53 118 16 188 48 199 104 46 8 6 44 |174 200 159 151 197 152 57 78 41 32 107 196 84 ||23 |29 |31 |178 114 86 |120 |182 17 |128 |71 |88 |116 |191 |161 20 |70 |105 65 |27 |173 |99 49 |177 2 |5 |54 |42 |69 |7 |165 |62 |
25922.85 974682.03
38 41 82 74 166 200 199 48 195 188 34 136 118 1 168 163 193 43 97 |197 174 9 103 67 35 141 68 94 24 28 108 181 89 |33 10 57 152 78 85 11 76 98 198 83 73 96 93 90 135 145 100 129 186 162 15 75 63 |101 172 47 189 117 179 16 53 144 30 45 137 42 56 134 110 |192 196 81 95 79 155 122 115 150 183 171 106 70 40 123 |14 58 124 157 175 39 4 64 170 66 60 154 111 194 3 128 |36 109 190 19 156 113 119 138 158 147 18 149 148 5 80 |52 12 160 140 132 61 92 164 55 191 139 143 153 |127 25 167 112 176 87 59 121 184 131 169 133 37 26 22 |77 91 107 32 151 159 13 125 50 130 102 51 185 21 187 180 104 173 8 6 44 84 ||46 |49 |71 |182 |146 |105 142 |31 |20 114 |2 |27 |88 |29 126 |7 |23 |62 |178 54 |116 |165 161 65 |17 86 72 |177 |69 99 |120
26360.89 960949.83
