Time:0
Last Iter:5
Last Update:5
Tabu:0
Last Time0
7
100 38 187 69 70 114 142 73 87 159 168 150 |137 116 165 26 164 36 82 123 101 132 86 44 85 99 |200 34 195 28 59 39 90 84 22 83 105 115 182 174 119 95 |75 169 102 10 155 140 50 93 117 76 |35 143 172 127 152 128 60 156 189 55 |133 18 120 41 8 13 25 153 157 52 61 42 46 15 108 118 16 |6 97 129 81 135 107 170 185 125 134 47 72 176 139 184 181 183 138 62 |64 124 24 11 33 136 29 166 104 148 111 178 7 40 190 96 145 163 63 |66 173 199 3 2 158 188 88 141 94 98 31 109 194 32 |146 45 126 162 14 112 160 131 9 103 179 113 130 147 91 ||56 57 27 |21 186 77 |48 161 |177 53 78 |110 171 192 |19 |54 180 |196 167 122 92 12 |154 197 |4 37 |1 151 |74 89 191 149 |43 198 23 |144 67 |79 68 |17 |5 30 193 80 106 71 |58 |175 |65 121 49 |51 20 |
16001.28 1255772.53
29 149 185 166 153 86 84 163 93 |82 191 35 97 157 194 58 190 176 41 63 142 45 |68 109 83 9 25 28 146 95 55 140 141 107 114 |13 143 172 145 74 85 99 152 134 125 131 112 14 183 |51 156 62 192 65 89 47 36 102 129 168 24 11 60 69 76 105 |150 165 198 147 178 130 181 104 27 73 118 108 3 32 |88 124 137 170 92 12 20 70 167 57 199 101 133 39 187 |4 127 37 90 59 75 52 164 33 64 42 119 111 91 174 |182 10 161 43 26 159 15 126 175 195 16 56 154 117 123 132 96 22 169 |138 61 155 38 115 17 40 18 44 87 189 200 50 158 162 171 151 66 ||113 8 148 |94 71 78 |121 184 193 |34 2 |179 |23 100 80 |110 77 |116 53 186 |188 128 |5 1 72 144 |7 |180 48 54 103 |30 21 81 |67 197 139 120 |160 98 177 196 |173 |136 122 135 46 |6 19 |31 79 |49 |106 |
16710.29 1119357.25
156 40 117 84 76 133 39 187 86 197 90 18 101 132 96 172 169 36 |198 111 91 31 147 61 183 157 83 131 |28 32 59 190 25 44 22 104 193 |134 110 125 45 170 200 135 15 24 124 137 73 |162 189 51 195 175 114 108 50 92 33 60 34 118 142 185 29 |140 115 105 194 130 10 155 182 109 161 174 23 119 138 102 |144 69 139 123 176 145 93 47 1 164 |46 9 42 150 88 141 168 77 186 14 129 165 87 26 112 97 95 |55 153 11 107 20 70 62 151 16 3 99 56 74 89 63 146 |159 126 2 85 66 152 199 65 41 49 163 72 82 191 ||94 |178 |12 |181 75 179 |78 116 98 |154 |188 64 |100 5 |184 166 148 6 |67 113 8 |173 128 |54 43 80 |19 81 |57 158 |79 |37 127 |4 |35 171 192 |53 |167 136 122 |13 17 |106 21 177 |160 52 149 |71 |68 |121 120 143 30 |196 48 180 |103 58 7 38 27
21970.71 512736.50
140 55 168 159 91 111 119 87 26 165 129 14 45 118 142 196 73 29 164 |109 182 155 100 143 36 |161 174 23 147 138 112 42 97 95 102 |150 117 99 3 16 62 70 195 114 126 107 11 200 15 24 46 189 137 |19 41 108 50 162 60 146 28 63 66 85 125 134 |47 82 103 130 83 131 104 |187 40 115 17 105 194 9 153 |7 10 183 157 |88 93 84 90 18 101 132 113 133 39 190 44 22 |141 86 145 4 76 163 32 176 123 69 59 96 172 169 ||151 92 |160 |53 71 94 |139 75 |8 120 49 184 |77 81 |156 51 175 |27 148 116 198 |52 98 6 170 |78 167 |30 191 154 |38 180 31 |72 25 |48 79 |135 171 173 |37 127 179 |56 199 152 |144 |80 110 |33 12 188 |61 |185 |136 34 |192 128 35 |166 1 197 |193 21 124 |58 |186 |158 20 |67 |181 54 178 |106 64 177 |2 5 |43 |68 |65 89 74 122 149 |121 57 13
28197.08 465016.85
168 140 159 116 129 14 42 97 102 |134 85 66 63 123 69 90 18 101 132 96 172 36 |133 86 187 40 115 105 194 9 153 83 131 104 |119 174 109 182 155 10 130 183 157 |50 108 114 126 107 11 15 200 45 73 164 |24 150 88 141 189 137 |138 147 91 111 55 165 87 26 112 95 |99 3 16 62 70 195 162 60 125 118 142 29 |146 28 47 59 39 190 44 22 169 |41 117 163 32 76 84 176 145 93 82 ||92 135 81 |197 |113 |128 5 98 |180 |30 178 |158 156 |4 |58 25 13 |110 188 |8 17 |136 175 |94 71 181 |139 144 72 |148 186 64 77 |121 |46 19 |100 |67 |43 53 78 80 193 |75 103 7 |122 12 192 191 |34 |170 173 57 |184 179 120 |56 33 |38 160 149 |6 23 61 143 35 |124 51 167 |199 152 151 |68 48 166 |1 196 171 185 |198 106 |37 |154 |74 20 |89 65 49 |31 79 |127 |161 |2 54 |177 |21 |52 27 |
30412.47 408273.03
112 119 55 165 87 26 42 102 |141 88 140 168 159 129 14 97 95 |200 15 24 189 137 73 |150 11 117 41 32 69 123 59 176 145 93 82 47 28 146 |114 126 107 45 118 142 29 164 |162 108 50 60 125 134 |62 16 3 99 66 85 63 |182 70 163 84 76 90 86 40 187 190 39 133 18 101 132 96 172 169 36 |195 109 10 155 183 130 115 105 194 9 153 44 22 131 104 |111 91 174 147 138 157 83 ||151 |80 |67 37 |53 |173 188 |167 |136 156 |30 191 5 |128 158 175 149 |12 171 |103 61 166 |54 2 27 |20 33 110 |81 186 98 6 |68 79 |7 25 139 |154 1 8 |31 38 52 |78 43 177 |135 92 170 185 |197 144 75 |13 124 21 |152 74 |89 122 |94 198 |161 160 |56 |19 77 71 |192 196 |58 |57 |51 35 |116 |180 181 |106 178 |113 4 120 |127 17 |193 184 |65 199 72 |100 23 |179 |121 34 |143 148 |49 |46 64 |48 |
36383.91 387016.41
190 39 133 90 69 123 176 145 93 47 82 |40 187 86 18 101 132 96 |115 105 194 9 153 44 22 169 36 |119 111 91 147 10 130 83 |138 109 182 155 183 157 104 |174 16 62 70 162 50 108 114 126 107 11 200 45 118 142 73 |28 146 63 66 85 60 125 134 29 164 |3 159 168 140 141 88 150 15 24 189 137 |195 99 41 117 163 32 76 84 59 172 131 |14 129 55 165 87 26 112 42 97 95 102 ||106 |181 |33 |7 |56 121 5 |49 |48 79 |52 |27 |175 188 |152 25 |100 6 |19 193 |154 144 |64 |120 160 |110 75 143 |4 |43 23 |156 171 |92 74 |158 |177 94 21 |31 54 38 |53 |89 |78 |136 35 |72 |184 166 |199 |179 103 |178 |128 192 65 |151 |58 |34 122 |167 2 |46 81 |170 80 |61 180 |37 1 |148 57 |71 185 |186 |124 |116 173 |161 13 |51 191 |197 17 113 |68 |12 |149 196 139 |127 |198 |98 |77 |67 |135 |8 30 |20 |
40752.73 371778.49
