Time:0
Last Iter:5
Last Update:5
Tabu:0
Last Time0
7
135 91 149 22 25 139 171 166 181 6 65 4 108 119 59 41 |38 23 157 198 132 123 193 60 144 16 92 45 114 7 64 161 |103 15 128 129 184 168 167 173 56 185 179 200 86 9 80 66 |115 52 143 147 47 124 195 177 49 32 36 188 111 |199 58 19 155 189 104 117 141 165 |63 21 75 5 81 107 31 95 131 |194 72 85 169 116 20 51 34 68 35 87 17 153 151 137 |84 13 142 190 10 158 74 182 160 73 164 61 88 192 140 134 55 93 |69 122 57 53 133 44 146 37 70 175 118 40 163 187 78 197 2 24 |176 76 29 180 83 33 48 79 46 106 43 97 127 ||196 100 145 172 148 150 28 82 |8 174 152 50 |98 |90 3 11 110 94 186 |96 162 26 136 12 |89 39 |191 178 18 101 99 42 |71 126 14 113 170 77 |138 125 156 |154 105 62 183 30 102 112 54 |120 27 109 121 1 130 |159 67 |
7360.38 626769.90
59 165 185 69 17 6 181 182 16 65 9 83 23 85 184 131 151 |163 21 190 1 171 128 48 |82 57 108 134 113 41 133 166 137 111 61 66 4 |192 141 33 73 187 129 114 168 112 68 35 157 87 55 |176 177 26 195 132 2 200 24 38 97 36 95 |127 39 92 186 91 153 78 86 193 94 80 98 99 79 |199 22 58 155 121 32 167 161 49 54 70 71 30 74 56 197 123 164 |76 119 29 180 47 126 173 93 189 135 45 |50 179 159 110 28 122 46 11 102 34 145 120 12 188 15 31 81 |158 101 118 116 7 64 125 194 37 191 146 84 198 14 104 5 60 144 ||18 100 51 10 52 103 160 |156 175 174 178 72 |130 8 90 169 109 96 106 75 77 |172 62 20 13 42 147 |162 143 140 43 183 3 44 150 67 |88 107 105 154 25 27 |89 |196 142 40 19 149 139 |117 152 136 148 138 115 |53 124 170 63 |
7493.88 587379.09
178 85 184 171 21 158 118 93 35 87 119 2 141 197 15 16 128 182 |64 7 121 112 173 67 69 192 66 164 187 |114 18 22 199 38 146 198 180 65 9 193 61 181 |12 95 153 80 4 17 24 131 151 41 76 |33 123 111 107 144 126 108 185 152 176 177 194 155 163 91 |51 101 183 138 116 40 161 36 62 27 127 188 78 81 104 48 79 |32 109 120 145 34 68 57 83 42 103 45 |59 165 55 132 47 75 189 3 102 71 125 167 168 129 |31 5 200 143 88 134 195 136 23 190 74 149 137 58 166 |99 142 157 97 20 135 6 86 60 98 89 92 82 56 170 179 ||105 139 156 169 30 10 172 11 84 |52 124 26 186 |25 70 150 |94 73 115 122 53 162 117 147 13 |160 154 29 14 |50 |28 110 159 106 43 37 72 |46 100 90 54 49 130 148 |1 8 175 |77 196 140 96 133 44 191 63 |174 113 |19 39 |
7762.71 574986.56
41 136 55 76 50 165 56 57 48 69 46 |192 2 83 180 134 179 119 132 185 198 108 79 157 |28 87 59 176 177 67 173 35 118 190 |184 166 64 175 37 191 112 93 146 68 34 97 23 |106 188 15 193 197 81 73 103 5 78 181 182 |194 130 161 167 168 32 85 7 114 21 145 38 |80 61 66 141 123 9 65 86 4 147 17 200 6 104 24 |111 127 45 22 187 149 129 163 135 158 74 |144 98 60 31 164 16 153 160 128 91 |155 19 36 131 171 151 137 58 25 154 139 92 95 186 ||133 |109 |11 126 |96 140 117 94 |196 12 18 105 199 156 115 |75 100 162 122 84 159 124 |116 138 54 72 82 152 110 |43 172 148 29 169 |174 27 |63 33 88 |183 20 77 1 8 150 |39 51 71 44 13 99 52 |47 14 |101 10 30 102 26 49 178 121 125 3 |42 189 40 120 62 89 107 |195 |90 70 113 53 170 143 142
8326.66 219624.80
192 83 180 185 56 108 79 35 |87 2 4 48 69 24 |54 49 194 63 71 146 68 114 21 |165 76 55 134 179 119 132 198 53 57 157 |127 22 45 95 164 81 193 111 197 181 78 5 182 |80 15 153 16 92 188 128 187 91 |184 58 137 151 171 131 36 155 129 163 135 158 |31 144 60 61 66 141 123 9 65 86 17 200 6 104 74 |166 64 161 167 168 32 85 7 38 |41 59 176 177 173 93 118 97 23 190 ||12 139 |43 |39 |88 147 |145 51 117 133 84 |14 |27 105 47 110 159 170 |120 10 82 162 |149 160 89 96 106 77 101 20 |40 138 102 70 136 28 122 115 13 |75 107 191 150 148 34 |29 124 152 126 186 103 42 |25 178 175 90 1 116 |52 |19 73 183 |195 |169 |100 62 |125 174 130 |154 196 189 |11 50 |26 112 |3 |121 |44 |67 |46 |113 143 99 142 |98 |199 156 18 109 30 |37 8 |33 |172 72 94 |140 |
11337.20 173020.05
194 63 71 146 68 114 21 |47 134 179 119 132 198 53 57 157 |127 22 45 95 164 81 193 111 197 181 78 5 182 |80 15 153 16 92 188 128 187 91 |184 58 137 151 171 131 36 155 129 163 135 158 |31 144 60 61 66 141 123 9 65 86 17 200 6 104 74 |166 64 161 167 168 32 85 7 38 |59 176 177 173 93 118 97 23 190 |41 165 76 55 185 56 87 35 |192 2 4 83 180 108 79 48 69 24 ||147 162 |191 138 20 |126 186 115 |25 51 |13 150 178 |103 12 139 |96 160 |175 90 148 |88 1 |34 116 28 52 42 |75 107 |29 124 152 |19 39 73 183 |82 195 110 |169 120 |100 101 62 |125 174 130 70 |154 196 189 |11 50 |26 112 |159 3 |122 89 105 121 |170 44 27 145 |67 133 |117 14 46 |106 149 113 143 99 142 |98 43 |199 156 18 109 30 |37 8 |84 77 |33 136 10 102 |172 72 40 94 |140 |54 49
14055.61 166344.21
151 171 131 36 155 114 21 158 |168 184 166 129 163 135 74 |165 76 55 179 119 132 185 198 56 57 157 |194 161 167 64 85 32 7 93 118 38 |2 192 31 80 61 123 193 111 197 81 78 181 |144 141 60 15 16 128 153 5 182 |87 59 176 41 177 173 146 68 97 23 190 |164 92 95 188 9 65 86 17 200 6 104 24 |66 4 83 180 134 108 48 69 79 35 |137 58 127 45 22 187 91 ||105 |148 |44 102 |89 107 |175 54 120 19 1 |39 |53 |172 199 |33 |28 |63 112 |122 103 143 117 |138 47 121 |20 178 |94 |98 |27 |73 |77 10 13 |82 67 90 101 |125 174 130 162 99 |150 34 51 145 40 |14 110 133 11 169 189 75 196 106 42 |113 |62 149 |191 37 84 46 |152 50 |71 |26 52 160 140 |96 |154 |100 |12 |3 |70 |186 147 126 29 |170 |18 109 142 |136 |124 43 116 139 |88 8 49 115 |25 |195 |30 |159 |156 |183 72 |
15292.93 147525.95
