Time:0
Last Iter:5
Last Update:5
Tabu:0
Last Time0
3
29 39 46 33 11 20 2 |1 48 9 27 25 13 50 24 15 35 |17 19 5 38 7 6 12 ||22 |40 10 16 43 |32 31 44 36 37 8 |3 21 28 |4 49 30 41 47 |42 14 18 23 |45 26 |34
4867.66 86415.59
7 39 29 5 1 48 |15 12 20 6 33 2 38 46 |19 17 25 13 27 9 50 24 35 ||23 |22 18 16 43 |32 31 44 36 37 8 |3 21 28 |47 |4 49 30 41 |11 34 40 26 |42 14 |45 |10 |
5239.20 64704.34
15 35 12 20 2 38 46 |6 33 7 39 29 5 |24 50 13 25 27 9 17 19 48 1 ||36 49 |44 |41 40 23 30 22 |16 18 11 28 |3 43 32 |37 |21 4 47 |45 26 |14 8 10 |42 |31 |34
6365.60 54395.56
