Time:0
Last Iter:5
Last Update:5
Tabu:0
Last Time0
3
38 43 41 15 14 20 30 5 47 17 |8 46 44 3 4 36 50 31 9 11 45 26 |22 1 27 42 39 18 23 33 35 40 ||13 32 49 |12 28 7 19 |2 6 37 25 10 |48 |24 16 34 |29 21 |
4176.08 74950.25
17 38 43 41 15 14 20 5 47 |35 33 18 39 42 27 1 30 22 8 46 |40 36 50 31 9 11 45 3 44 26 ||7 |37 25 23 10 12 |34 |2 4 49 |19 29 24 32 |6 |16 28 |48 21 |13
4704.99 66755.13
35 33 18 39 42 27 1 30 22 8 46 |40 36 50 31 9 11 45 3 44 26 |38 43 41 15 14 5 20 47 17 ||19 7 |12 2 23 4 |37 25 |34 10 |13 |24 32 |6 |16 28 |48 |29 |21 49
5645.06 64612.46
