Time:0
Last Iter:5
Last Update:5
Tabu:0
Last Time0
3
7 8 28 3 9 12 44 11 48 |16 34 30 25 37 18 50 26 27 47 20 |38 2 46 10 4 45 42 49 17 41 5 19 15 ||32 |43 24 13 33 |40 |35 23 6 29 |39 1 31 36 21 14 22
4594.73 94235.90
7 18 26 37 25 30 47 20 |16 4 10 46 2 48 38 |11 42 49 17 41 5 19 3 28 15 ||36 39 1 31 22 |12 45 29 |13 23 40 33 6 21 14 |27 50 8 34 |43 24 32 |44 35 |9 |
5286.40 59579.91
16 10 46 2 38 48 11 |7 18 30 25 37 26 47 |4 42 49 17 41 5 19 3 28 15 20 ||34 6 |27 |31 8 |43 |12 |14 39 1 |24 |32 50 ||35 22 |36 29 33 45 23 13 |40 |21 |44 9
5986.28 52992.86
