Time:0
Last Iter:5
Last Update:5
Tabu:0
Last Time0
3
38 30 18 48 26 23 14 44 21 4 19 47 |45 42 50 43 37 5 6 41 27 11 |8 33 7 32 15 1 12 29 17 28 ||16 |46 49 40 |2 20 34 |35 9 10 25 |36 31 24 39 22 |3 13
4285.66 78703.49
45 42 50 43 37 5 6 41 27 11 29 |38 18 30 48 26 23 14 44 21 4 19 47 |12 1 15 32 7 33 8 17 28 ||39 |13 22 |34 16 9 10 25 |20 |46 35 |49 |36 |24 |31 |40 3 |2
4809.84 73729.20
45 42 50 43 37 5 6 41 27 11 29 |38 18 30 48 26 23 14 44 21 4 19 47 |12 1 15 32 7 33 8 17 28 ||39 |13 22 |34 16 9 10 |25 31 |20 46 49 |35 |2 |24 36 |3 |40
5051.83 69431.03
