Time:0
Last Iter:5
Last Update:5
Tabu:0
Last Time0
3
45 11 3 21 20 41 22 39 34 17 |35 9 30 36 16 2 29 48 47 32 49 |27 24 19 38 42 12 23 10 ||6 13 4 44 31 |50 26 |40 25 |18 14 46 |28 |37 |7 43 |5 1 |33 15 8
7940.63 113035.29
19 27 24 45 3 11 29 48 47 32 49 |20 41 22 42 12 23 10 |38 36 2 16 30 35 21 34 39 17 ||14 37 |7 |9 33 1 |31 |15 |46 |5 26 43 50 ||4 44 18 |40 |8 6 28 |25 |13
8123.87 105316.00
27 24 20 41 22 42 12 23 10 |36 30 35 21 34 39 17 |45 19 38 3 11 29 2 16 48 47 32 49 ||15 |18 4 |1 |33 |14 44 |46 |13 |25 7 |43 |26 5 |6 31 |37 |40 |9 50 28 |8
9253.71 99979.25
