Time:0
Last Iter:5
Last Update:5
Tabu:0
Last Time0
3
46 18 14 13 22 34 2 16 29 |19 12 11 37 20 15 47 3 |38 4 44 42 5 43 25 17 49 ||41 30 |33 21 |39 1 |27 28 |8 6 31 9 |23 40 |10 48 |35 45 32 50 ||7 |36 24 26
8453.03 126847.04
16 2 34 22 13 18 46 3 15 47 |38 4 44 37 11 5 42 20 |43 25 17 49 19 29 ||41 23 |6 40 26 45 39 |36 21 33 10 |48 30 |1 32 |24 7 50 ||35 |12 |27 8 31 |9 28 14
8792.00 103898.12
38 13 2 34 46 3 15 47 |29 16 19 49 17 25 |4 43 11 37 44 5 42 20 ||35 |41 30 |10 |45 |12 48 |24 6 39 |32 26 |40 1 |8 9 27 |28 14 22 |7 50 ||36 23 33 |31 18 |21
10147.32 89451.52
