Time:0
Last Iter:5
Last Update:5
Tabu:0
Last Time0
3
10 9 42 2 47 3 45 |21 18 11 7 31 15 48 6 |38 19 46 26 35 25 37 29 50 ||32 |27 |16 23 36 1 |17 41 |33 |5 |14 |39 40 30 |43 34 12 |49 13 8 |4 44 22 |28 24 20
9840.51 125836.27
7 5 11 18 21 35 26 25 45 |37 29 48 15 50 ||38 9 2 10 ||42 |27 13 |33 24 |44 1 43 |49 39 |40 |17 46 14 |16 36 8 4 12 34 |28 47 3 |31 22 |32 6 |30 |41 19 |23 |20
11317.98 96384.11
38 26 35 25 |27 9 2 10 37 29 50 45 |48 15 21 18 11 7 ||13 43 |1 20 47 |32 6 8 36 |17 46 14 |41 19 |28 33 24 |40 |22 16 |12 5 |44 |49 23 |39 30 |4 3 |42 |34 31
12041.58 88670.05
