Time:0
Last Iter:5
Last Update:5
Tabu:0
Last Time0
3
40 12 19 3 33 2 9 21 17 14 6 5 31 |24 26 43 10 42 39 |22 27 35 36 50 38 4 44 15 ||41 25 |29 13 |46 20 18 30 |16 |28 |45 |23 32 |48 |11 |34 |49 7 1 |8 |37 47 |
8323.88 122717.80
14 17 6 5 22 31 39 |4 44 33 9 3 19 12 40 |42 10 43 27 35 50 36 38 15 ||13 11 |49 |29 32 20 |45 30 |25 24 26 41 |18 48 46 16 28 |1 7 47 |2 |37 |8 34 |21 23 |
8627.94 101838.77
39 31 5 6 17 14 40 |9 33 3 19 12 |22 42 10 43 27 35 36 50 38 4 44 15 ||21 2 |46 |49 41 20 |28 45 |24 30 |34 |18 |13 |37 |16 26 |29 23 |25 1 |48 |47 7 |8 |32 |11
9963.31 88897.89
