Time:0
Last Iter:5
Last Update:5
Tabu:0
Last Time0
3
39 36 21 15 38 30 50 35 11 31 7 |46 14 47 3 37 16 49 1 6 10 |32 42 17 9 12 28 13 24 22 33 2 ||40 |43 |19 |44 |25 |23 8 |18 |26 |29 |20 |34 5 |4 |45 |27 |41 |48
16312.03 205499.22
49 10 9 12 28 13 24 22 33 2 |16 6 3 37 47 35 38 30 15 31 11 7 |21 39 17 46 42 32 36 14 ||26 5 |45 |20 |18 |50 ||43 |1 |23 |40 |27 |41 19 |25 |29 |44 |48 |34 8 |4
19353.90 195457.08
16 10 6 35 3 37 47 30 38 15 31 11 7 |21 32 42 46 36 14 |49 17 39 9 12 28 13 24 22 33 2 ||19 23 |5 |41 |1 |44 |45 |48 |18 |20 26 |27 |25 4 |8 |43 29 |40 |34 |50 |
19623.05 193978.73
