Time:0
Last Iter:5
Last Update:5
Tabu:0
Last Time0
3
12 19 30 5 9 48 22 39 31 |17 44 14 46 24 18 2 15 33 |45 36 38 10 32 23 26 16 11 4 27 29 ||49 |28 |50 43 |7 41 |40 |6 |47 |34 35 21 25 |20 |42 1 |8 |37 |3 |13
14714.28 191377.76
5 19 12 36 10 32 45 23 17 29 |9 18 24 14 46 44 26 16 11 4 27 |38 30 48 22 2 33 15 39 31 ||50 40 |49 |8 |35 3 |37 |1 |6 |47 25 |20 |21 34 |7 |13 |41 |42 |43 |28
16325.74 185748.57
24 5 9 48 22 2 40 15 33 39 31 |30 10 38 32 23 45 44 14 46 11 4 27 |18 36 12 19 17 26 16 29 ||49 |8 |1 47 |50 ||28 3 34 |37 |6 7 |43 |35 25 |13 41 |21 |42 |20
16674.76 179037.38
