Time:0
Last Iter:5
Last Update:5
Tabu:0
Last Time0
3
25 30 16 8 19 37 22 44 13 12 15 |3 5 45 36 40 29 2 18 27 46 26 21 |20 49 14 35 32 1 33 43 38 42 39 24 7 ||47 |17 50 ||31 |23 |28 |34 |6 9 |41 |48 |11 |4 10
17907.77 238404.71
5 15 13 12 20 14 35 49 32 4 |19 26 44 22 37 8 30 16 27 18 2 46 29 40 21 |25 36 45 1 33 43 3 38 42 39 24 7 ||48 |34 |17 |23 |28 |31 |47 |11 50 ||6 9 |10 |41
18845.50 225494.00
20 26 48 44 22 19 37 8 30 16 27 18 2 46 29 40 21 |14 42 38 3 43 1 33 32 49 12 13 15 |35 25 36 5 45 24 39 7 ||28 |34 |41 |31 |10 50 ||47 |9 |17 |23 |11 6 |4 |
19712.47 222191.90
