Time:0
Last Iter:5
Last Update:5
Tabu:0
Last Time0
3
41 48 29 6 43 47 24 18 27 14 22 |17 39 34 31 28 30 16 20 49 35 21 |19 37 3 10 13 26 7 9 4 42 38 ||33 |2 |32 |12 |11 |40 |25 |45 |23 50 ||1 |15 8 |46 |44 |36 |5
15565.08 211154.03
20 41 48 29 6 43 17 18 27 14 38 22 |19 16 30 28 31 34 39 9 49 21 |47 24 37 42 3 13 10 26 7 4 35 ||36 |25 |45 |5 |50 ||15 |11 |1 2 |8 |32 |23 44 40 |46 |33 |12
17659.01 206763.65
24 37 3 13 10 26 7 42 38 |47 17 41 48 29 6 43 18 27 14 22 |19 4 9 20 16 30 28 31 34 39 49 35 21 ||32 |50 ||36 |25 |5 |11 |1 |8 |33 |2 |23 |12 |40 |45 |46 |15 |44
17943.84 197469.46
