Time:0
Last Iter:5
Last Update:5
Tabu:0
Last Time0
3
34 4 22 30 3 28 12 8 1 10 46 15 5 32 |37 38 25 20 24 31 36 26 40 2 33 27 48 47 |35 16 29 17 13 23 18 44 19 39 11 14 7 49 6 45 41 ||43 |21 |9 |50 ||42
24302.59 302474.35
24 22 30 3 28 12 8 1 10 46 15 32 5 |37 34 25 20 31 36 26 40 2 33 27 48 4 47 |35 49 16 29 17 13 23 18 44 19 39 11 14 7 45 41 ||21 42 |38 |43 |50 ||6 |9
24849.01 276247.67
33 44 47 8 30 3 28 12 1 22 |37 31 2 40 26 36 20 34 25 35 10 46 15 5 32 |24 27 48 4 49 19 17 13 23 18 39 11 16 29 14 7 45 41 ||6 |9 |38 |21 42 |43 |50 |
23744.35 312718.09
