Time:0
Last Iter:5
Last Update:5
Tabu:0
Last Time0
3
25 13 9 27 39 5 7 35 44 38 14 12 42 46 19 |11 22 48 16 26 34 2 6 3 10 43 15 30 40 |32 23 31 17 28 36 29 37 50 21 4 24 8 41 18 ||33 |49 |1 |45 |20 |47 |
22643.28 323616.82
39 9 27 25 6 3 10 2 34 26 13 1 49 19 46 |50 23 7 35 44 38 12 11 14 32 31 17 18 |5 8 41 24 4 21 37 29 36 22 28 48 16 43 15 30 40 ||42 |45 |20 |47 33
23634.89 301523.24
23 37 29 22 48 16 28 21 4 24 8 41 20 30 40 |50 6 25 3 10 43 15 2 26 34 13 1 19 46 |36 9 27 39 5 7 35 44 38 12 11 14 17 31 18 ||42 |47 33 |49 |45 |32
25083.11 292182.25
