Time:0
Last Iter:5
Last Update:5
Tabu:0
Last Time0
3
27 3 30 35 6 2 4 36 13 37 50 21 33 |8 10 11 23 20 28 19 24 44 15 34 38 48 41 |18 5 7 39 43 31 42 12 14 40 9 ||26 |32 45 |46 |49 |17 |25 |16 |47 |22 |1 |29
22195.19 253227.67
8 19 20 11 5 10 37 50 21 |13 23 28 44 24 18 15 41 48 38 14 40 9 |42 27 31 12 43 39 7 3 30 35 6 2 4 36 33 ||45 |29 |49 |16 |34 |25 |47 1 |32 |46 |26 |22 |17
21672.07 265076.01
6 27 28 20 23 5 11 10 37 13 4 36 33 21 |35 50 30 3 7 39 31 42 12 43 14 40 |2 8 18 19 24 44 15 41 48 38 9 ||25 |22 |1 47 |32 26 |16 |29 46 |45 |34 |49 |17
26232.29 252297.29
