Time:0
Last Iter:5
Last Update:5
Tabu:0
Last Time0
5
65 17 98 43 33 48 62 83 67 68 56 70 75 97 85 86 |55 58 24 80 90 12 37 4 59 54 64 45 57 41 26 9 |91 7 95 61 42 77 93 19 89 32 38 3 76 49 69 53 |47 88 5 16 51 82 84 79 21 10 14 13 46 63 18 15 ||50 39 66 31 52 1 |78 28 87 27 94 100 ||96 92 8 40 2 ||35 6 23 |36 81 74 ||30 25 73 99 34 |29 20 72 71 44 22 60 11 |
8370.00 290141.07
85 17 43 33 98 70 56 68 67 83 100 62 48 65 86 |55 58 24 80 90 12 37 4 59 54 30 64 45 57 41 26 9 |53 69 49 76 3 38 32 89 19 93 77 42 61 95 7 91 75 97 |47 88 5 35 16 51 82 84 79 21 10 14 13 46 63 18 15 ||50 39 66 31 87 52 |28 78 1 94 27 ||96 92 8 40 2 ||23 6 36 |81 74 ||72 34 99 11 22 25 |29 44 60 73 |71 20 |
8433.43 280749.50
68 82 80 49 29 30 61 57 55 19 16 5 32 86 |26 52 95 4 7 59 53 69 37 12 90 3 38 51 58 89 48 73 |43 88 47 99 62 76 40 21 20 14 13 46 63 66 39 72 91 75 74 97 |65 17 93 9 33 42 45 71 15 98 54 70 56 84 24 83 67 ||78 27 85 |77 41 10 |44 79 34 ||2 18 1 92 100 ||50 31 87 36 96 25 11 8 ||28 35 |94 64 22 |81 23 6 60 |
8202.34 300053.57
85 97 17 43 33 70 56 68 67 83 62 48 65 86 |55 58 24 80 90 12 37 4 59 54 98 64 45 57 41 26 9 |69 49 76 3 38 32 89 19 93 77 42 61 95 7 91 75 53 |47 88 5 35 16 51 82 84 79 21 10 14 13 46 63 18 15 ||100 50 39 66 31 87 52 |28 78 1 94 27 ||96 92 8 40 2 ||23 6 36 |81 74 ||30 22 25 11 99 34 |29 20 71 44 73 |72 60 |
8551.73 277700.97
97 85 86 65 48 62 83 67 68 56 70 98 33 43 17 |55 58 24 80 90 12 37 4 59 54 64 45 57 41 26 |75 91 7 95 61 42 77 93 19 89 32 38 3 76 49 69 53 |47 88 9 5 35 16 51 82 84 79 21 10 14 13 46 63 18 15 ||100 50 39 66 31 87 |52 28 78 1 94 27 ||96 92 8 40 2 ||74 81 23 6 36 ||34 72 30 22 25 |29 20 99 60 73 |71 44 11 |
8125.81 309205.01
