Time:0
Last Iter:5
Last Update:5
Tabu:0
Last Time0
5
46 13 88 97 51 27 60 93 6 2 87 34 55 30 10 99 84 |38 24 40 35 57 52 29 70 47 83 54 95 67 89 64 66 17 91 45 53 50 98 79 25 |39 92 61 8 23 75 26 81 94 100 33 90 32 76 72 82 77 4 36 96 74 11 71 |16 78 85 62 49 3 48 68 59 65 69 56 5 12 43 63 37 28 80 44 15 ||86 14 |20 ||41 7 21 |9 ||19 18 |22 58 |1 31 ||73 |42 |
20073.84 697039.78
99 10 30 55 34 87 2 6 35 93 60 27 51 97 88 13 46 84 |38 24 40 57 52 29 70 47 83 54 95 67 89 64 66 17 91 45 53 50 98 79 25 |39 92 61 8 23 75 26 81 94 100 33 90 32 76 72 82 77 4 36 96 74 11 71 |16 78 85 62 49 3 48 68 59 65 69 73 5 12 43 63 37 28 80 44 15 ||86 14 |20 ||41 7 21 |9 ||56 |19 18 |22 58 |1 31 ||42 |
19824.55 701448.55
60 38 19 94 2 55 30 44 43 83 77 99 31 46 13 53 97 92 71 |51 62 85 40 34 57 52 29 47 82 95 89 66 17 91 45 50 79 25 84 |16 61 8 27 49 75 39 81 6 26 24 100 33 32 74 72 12 4 36 |96 15 80 28 37 63 70 54 5 67 64 65 59 68 69 48 3 93 78 ||35 |1 21 |86 |98 ||90 |41 |76 |14 |11 ||58 |22 18 |56 |23 |88 |9 ||73 |42 7 20 |87 |10 |
21973.28 677332.51
6 87 30 55 34 93 38 60 27 51 97 88 13 46 84 99 |2 35 24 40 57 52 29 70 47 83 54 95 67 89 64 66 17 91 45 53 50 98 79 25 |39 92 61 8 75 26 81 94 100 33 90 32 76 72 82 77 4 36 96 74 11 |16 78 85 62 49 3 48 68 59 65 69 56 5 12 43 63 37 28 80 44 15 ||71 14 86 |20 ||21 7 9 |41 ||19 18 |23 22 |31 58 1 ||10 |42 |73 |
19649.27 708598.96
2 87 30 55 34 93 60 27 51 97 46 56 73 47 10 99 84 |38 24 40 6 57 52 29 70 83 54 95 67 89 64 66 17 91 45 53 50 98 79 25 |92 61 13 8 75 20 39 81 26 94 100 33 90 32 76 72 82 77 4 36 96 74 11 71 |16 78 85 62 49 3 48 68 59 65 69 5 12 43 63 37 28 80 44 15 ||86 14 |19 ||21 41 |9 35 |7 ||23 22 |31 88 |18 |1 58 ||42 |
21795.49 693200.91
