Time:0
Last Iter:3
Last Update:3
Tabu:0
Last Time0
3
6 32 53 89 50 15 88 30 67 41 62 90 44 28 23 8 11 84 49 43 |45 59 72 10 54 52 76 56 61 92 70 24 35 13 33 51 97 42 66 34 21 100 |82 22 17 14 29 3 93 39 64 55 16 78 18 87 47 79 75 95 2 20 69 71 |99 91 37 26 80 38 58 9 77 60 36 46 4 73 1 63 83 86 81 48 96 68 40 ||27 19 |25 85 |31 |7 |65 |94 ||57 12 |74 ||98 ||5 |
24928.74 770182.31
6 32 53 89 65 3 50 15 88 30 67 41 62 90 44 28 82 8 11 84 49 43 |98 59 72 10 54 52 76 39 56 61 92 70 24 35 13 33 51 97 42 66 34 21 100 |45 22 29 14 17 93 64 55 16 78 18 87 47 79 75 95 2 20 69 71 |99 91 37 26 80 38 58 9 77 60 36 46 4 73 1 63 83 86 81 48 96 68 40 ||27 19 |74 25 |31 |7 |94 ||12 85 57 ||23 ||5 |
24897.33 780899.38
95 32 53 89 65 15 50 88 30 67 41 62 90 44 28 82 8 11 84 49 43 |45 59 72 10 54 52 76 39 56 61 92 70 24 35 13 33 51 97 42 34 21 100 |17 22 14 29 3 93 64 55 16 78 18 94 87 47 79 75 6 2 20 69 71 |91 37 26 99 80 38 58 9 77 60 36 46 4 73 1 63 83 86 81 48 96 68 40 ||27 19 |74 25 |31 |7 |66 ||57 12 |85 ||23 |98 ||5 |
24928.41 777293.85
