Time:0
Last Iter:5
Last Update:5
Tabu:0
Last Time0
5
26 62 40 44 74 64 70 34 16 77 92 84 81 88 50 95 76 9 |11 55 48 91 60 90 31 17 6 89 93 8 87 21 42 51 97 10 5 71 |80 52 58 56 29 38 24 67 69 79 78 1 13 19 99 37 46 33 30 |73 14 83 68 28 100 4 53 57 63 61 39 7 2 96 54 35 66 41 25 ||86 72 47 20 |22 59 |23 45 ||75 36 ||65 94 |82 18 |98 15 |3 |43 ||32 27 |85 |12 49 |
14311.23 476514.93
9 76 95 26 62 40 44 74 64 70 34 11 81 16 77 92 84 88 50 |55 48 91 85 60 90 31 17 6 89 82 93 8 87 21 42 51 97 10 5 71 |80 52 58 56 29 38 24 67 69 79 78 1 13 99 37 46 33 30 |73 14 83 68 28 100 4 53 57 19 63 61 39 7 2 96 54 35 66 41 25 ||86 72 47 20 |22 59 |23 45 ||75 36 |3 ||43 |65 94 |18 |98 |15 ||32 49 |27 12 |
14225.29 515251.83
9 50 88 81 84 92 77 16 34 70 64 43 74 44 40 62 26 76 95 |55 48 91 85 60 90 31 17 6 89 93 8 87 21 42 51 97 10 5 71 |56 29 38 24 67 69 79 78 1 13 19 99 33 37 46 58 52 80 30 |18 14 73 83 68 28 100 4 53 57 11 63 61 39 7 2 96 54 35 66 41 25 ||59 72 |47 22 |45 23 86 20 ||75 36 ||82 94 |3 65 |98 15 ||49 27 32 |12 |
14220.85 551231.61
55 62 40 44 74 70 34 81 16 77 92 84 83 88 50 95 76 36 9 |19 26 11 48 90 17 6 89 93 87 42 51 97 5 71 |64 85 99 37 46 33 30 58 52 80 56 29 38 24 67 69 78 1 13 79 |60 73 14 68 28 100 4 53 57 91 63 61 39 7 2 96 54 35 66 41 25 ||86 |72 47 20 |22 59 |23 45 |31 |8 |21 |10 ||3 ||75 65 |94 82 |18 |98 15 |43 ||32 27 |12 49 |
16489.34 424686.59
76 88 84 92 77 16 81 11 34 70 64 43 74 44 40 62 26 9 |50 71 5 10 97 51 42 21 87 8 93 89 6 46 17 31 90 60 85 91 48 55 |80 52 58 18 56 29 38 24 67 69 79 78 1 13 19 99 37 33 30 |95 73 14 83 68 28 100 4 53 57 63 61 39 7 2 96 54 35 66 41 25 ||59 72 |47 22 |45 23 86 20 ||75 36 ||82 94 |3 65 |98 15 ||49 27 32 |12 |
14146.00 557152.43
