Time:0
Last Iter:7
Last Update:7
Tabu:0
Last Time0
7
29 74 45 73 16 19 84 87 22 15 90 97 61 |27 8 20 2 28 26 77 76 88 31 85 42 13 |54 64 75 43 36 58 53 82 24 99 25 93 38 18 92 32 10 50 |51 1 34 94 89 60 56 40 96 81 5 70 67 86 59 55 7 62 ||91 35 |17 |37 12 |100 79 |39 9 41 |23 ||52 |78 |4 49 |95 11 |69 65 ||68 63 |71 72 14 |80 |46 ||30 |3 48 |21 98 6 |83 47 |57 44 |33 66 |
15469.26 429526.22
36 100 45 59 44 84 87 18 92 81 97 90 78 50 27 14 6 12 |8 34 51 53 24 63 99 46 31 88 62 76 77 22 67 15 96 98 |26 28 2 56 10 20 30 69 29 58 33 80 74 55 95 83 39 9 |72 32 60 94 23 64 75 91 66 13 41 37 25 19 86 7 42 85 5 ||43 79 |1 54 |70 93 38 ||68 65 |40 52 |73 57 16 |47 ||17 21 |82 35 |11 4 |48 ||3 61 |89 49 |71 |
14153.87 445437.65
29 73 45 74 43 15 22 84 19 71 31 61 27 |87 8 20 10 2 21 28 26 77 88 85 42 13 |99 76 98 32 92 18 38 93 44 25 24 82 53 51 58 36 75 64 54 50 |34 94 89 60 56 40 90 96 70 67 86 59 55 7 62 5 81 72 ||35 37 |12 100 1 |39 9 41 |23 30 |63 79 |97 |91 |16 ||17 49 |95 11 |69 65 |78 52 ||68 80 14 ||46 83 3 |48 66 |4 6 47 |33 57 |
16146.47 416959.35
36 100 45 59 84 87 92 81 97 90 78 50 27 6 12 |98 96 15 67 22 77 76 62 88 31 46 24 63 53 51 34 43 75 8 |26 28 2 56 10 20 69 29 58 80 74 55 95 83 39 42 9 99 |5 85 7 86 19 25 37 41 13 66 64 23 94 89 60 32 21 72 ||79 |33 54 |70 38 |93 14 |1 ||68 65 |40 52 |16 57 73 |47 ||35 11 |17 18 |82 44 |30 4 |48 ||91 61 |71 49 |3 |
14147.21 455575.77
69 29 41 31 71 19 84 87 22 15 61 |74 27 91 20 10 2 21 28 26 77 88 85 42 13 |99 76 98 32 92 38 93 25 24 45 82 53 51 58 36 75 64 54 50 |34 8 94 89 60 56 40 90 96 70 67 86 37 59 55 7 62 5 81 72 ||35 |17 12 |1 100 |79 39 9 |23 30 |73 |16 ||97 49 65 |95 11 |78 52 |43 ||68 80 14 |63 |83 ||3 44 |33 |46 66 |18 6 |4 57 47 |48 |
16303.94 415607.99
29 27 74 45 73 19 84 22 15 61 31 13 |8 20 10 2 21 28 26 18 87 77 85 42 88 |99 76 98 32 92 38 93 44 25 24 82 53 51 58 36 43 75 64 54 50 |34 94 89 60 56 40 90 96 70 67 86 59 11 55 7 62 5 81 72 ||91 23 |35 37 |12 100 1 |39 9 |30 97 |16 41 |79 |71 ||17 |95 |69 65 |78 52 |3 ||68 80 14 |63 |49 ||57 33 |48 4 83 |66 47 |46 6 |
16538.42 408980.37
36 100 45 59 44 84 87 18 92 81 97 90 78 47 50 27 6 12 |8 75 43 34 51 53 24 63 99 46 31 88 62 77 22 67 15 96 98 |26 28 2 56 10 20 30 69 29 58 80 74 55 95 83 39 9 |13 41 37 25 19 86 7 42 85 5 76 72 32 60 79 94 23 64 66 ||1 54 |70 93 38 |33 14 ||68 65 |40 52 |73 57 16 ||17 21 |82 35 |11 4 |48 ||61 89 |91 3 |71 49 |
14053.93 460184.25
