Time:0
Last Iter:6
Last Update:6
Tabu:0
Last Time0
6
2 61 55 84 59 9 58 27 37 41 15 57 47 71 17 8 26 53 44 80 38 83 33 |81 5 89 100 73 4 88 21 25 18 31 20 92 12 79 29 63 93 96 85 40 82 |66 78 76 14 22 19 75 64 72 87 99 56 86 6 45 3 46 30 7 69 39 60 |74 51 52 32 42 23 50 65 34 36 70 49 67 10 28 95 43 77 16 1 13 94 24 ||62 |98 ||97 68 |48 |54 ||11 90 |35 ||91 |
20928.92 773512.55
2 61 55 84 59 9 58 27 37 41 15 57 47 71 17 8 26 53 44 80 38 25 83 33 |81 5 89 100 73 4 88 21 18 31 20 92 12 79 98 29 63 93 96 85 40 82 |66 78 76 14 22 19 75 64 72 87 99 56 86 6 45 3 46 30 7 69 39 60 |74 51 32 42 23 50 65 34 36 70 49 67 10 28 95 43 77 16 1 13 94 24 ||52 |62 ||54 |48 |97 68 ||11 90 |35 ||91 |
21424.68 766083.07
2 61 55 84 59 9 58 27 37 41 15 57 47 71 17 8 26 53 44 80 38 25 97 83 33 |81 5 89 100 73 4 88 21 18 31 20 92 12 79 98 29 63 93 96 85 40 82 |66 78 76 14 22 19 75 64 72 87 99 56 86 6 45 3 46 30 7 69 39 60 |74 51 32 42 23 50 65 34 36 70 49 10 28 95 43 77 16 1 13 94 24 ||52 |62 ||67 54 |48 35 ||90 |11 ||91 68 |
21484.99 760865.55
61 84 59 9 58 27 37 41 15 57 47 71 17 8 26 53 44 80 38 25 97 83 33 2 |81 82 5 89 100 73 4 88 21 60 18 31 20 92 12 79 29 63 93 96 85 40 |66 78 76 14 22 19 75 64 72 87 99 56 86 6 45 3 46 30 7 69 39 |74 51 32 42 23 50 65 34 36 70 49 67 10 28 95 43 77 16 1 13 94 24 ||52 |55 |98 ||68 |54 |48 |35 ||90 |11 ||91 |62 |
21786.00 754370.14
9 27 58 59 84 61 2 60 33 83 25 38 80 44 53 26 8 17 71 47 57 15 37 41 |81 4 88 21 18 31 20 92 12 79 29 63 93 96 85 40 100 73 89 5 82 |66 78 76 14 22 19 75 64 72 87 99 56 86 6 45 3 46 30 7 69 39 |74 51 32 42 23 50 65 34 36 70 49 10 28 95 43 77 16 1 13 94 24 ||52 |55 |62 |98 ||68 |54 |48 |97 |35 |67 ||90 |11 ||91 |
22095.71 752729.33
59 9 58 27 41 37 57 71 17 8 26 53 44 80 38 25 83 33 61 55 84 2 60 |81 5 89 15 100 73 4 88 21 18 31 20 92 12 79 98 29 63 93 96 40 82 |66 78 76 14 47 22 19 64 72 87 99 56 86 6 45 3 46 30 7 69 39 24 |94 13 1 16 77 85 43 95 28 10 67 49 70 36 75 34 65 50 23 42 32 51 74 ||52 |62 ||54 |48 35 |97 ||90 |11 ||91 |68 |
20914.01 841082.52
