Time:0
Last Iter:4
Last Update:4
Tabu:0
Last Time0
4
4 47 15 44 20 5 43 30 19 16 29 |11 42 24 38 46 3 35 |37 12 25 17 49 41 2 14 13 9 34 ||36 48 |6 32 1 |23 10 26 |40 |8 |45 ||28 31 27 ||39 50 33 |18 22 |21 7 |
11814.15 169732.47
29 16 19 48 43 5 20 44 4 15 47 |11 42 24 38 40 46 3 45 35 |37 12 25 17 49 41 2 14 13 34 ||30 36 |1 23 |28 10 |32 6 8 ||31 27 ||50 33 |18 22 |21 7 |9 39 26 |
11666.39 172823.22
4 37 24 20 5 43 25 30 19 16 29 |11 38 40 46 3 35 45 47 15 |42 44 17 49 41 2 14 13 31 34 8 ||1 23 |32 |6 |12 ||36 28 10 |48 27 ||7 26 |9 18 22 |21 39 50 33 |
12322.19 166847.61
29 16 25 11 5 20 4 36 |19 43 42 24 15 38 32 46 8 3 35 47 |44 37 12 17 49 2 28 14 13 22 34 ||6 23 |41 |1 |10 48 |30 ||45 31 27 ||40 26 21 |39 7 50 |18 9 33 |
11342.10 175005.37
