Time:0
Last Iter:3
Last Update:3
Tabu:0
Last Time0
3
45 10 9 29 48 50 |15 37 38 41 26 25 |2 35 13 21 18 11 7 ||43 |32 47 |33 28 1 |19 14 |16 12 |24 20 |22 |27 40 |42 |46 |49 |44 |3 ||8 34 4 6 ||23 31 36 |30 17 |5 39 |
10467.31 118012.72
38 9 10 50 48 7 45 |34 15 29 37 25 41 19 26 |20 42 2 35 13 49 21 18 11 40 ||1 16 |24 46 |12 43 |44 3 |32 47 |33 |14 |28 |22 ||4 6 8 ||30 27 |17 23 |31 36 |5 39 |
10160.64 149191.26
45 9 10 29 48 50 |15 37 38 41 26 25 |2 35 49 21 18 11 7 ||13 43 |44 3 |32 47 |33 28 1 |19 14 |16 12 |42 24 |22 |20 |46 |27 |40 ||4 6 8 |34 ||39 30 |17 23 |31 36 |5 |
10507.88 110071.33
