Time:0
Last Iter:4
Last Update:4
Tabu:0
Last Time0
4
38 32 49 20 15 26 37 16 27 2 25 29 21 9 |7 43 35 14 12 13 22 8 30 18 40 34 36 24 |48 44 19 47 46 41 5 45 23 42 3 1 33 31 17 39 ||11 6 50 |||10 4 28 |
19728.03 328779.55
26 37 19 36 23 24 39 42 43 33 17 7 4 15 |50 10 38 1 49 14 35 20 12 13 48 44 8 18 46 21 |3 31 32 6 22 30 16 27 2 25 5 45 34 41 29 40 ||47 9 ||28 11 ||
19034.30 333631.33
44 15 20 49 17 31 33 38 24 29 25 27 16 18 2 |34 3 7 35 14 12 22 37 8 30 47 21 |40 46 26 19 13 11 32 1 43 42 39 23 45 5 36 41 ||28 50 ||4 10 ||6 48 9 |
20188.37 323536.73
32 49 20 15 26 37 16 27 2 25 29 21 9 |7 38 43 28 35 14 12 13 22 8 30 18 36 34 40 |48 44 19 47 46 41 5 45 23 42 3 1 33 31 17 39 24 ||11 6 50 |||4 10 |
19026.96 334221.38
