Time:0
Last Iter:4
Last Update:4
Tabu:0
Last Time0
4
32 50 15 88 30 67 41 11 8 62 90 44 28 82 66 99 43 49 89 |45 59 72 10 54 52 76 39 56 61 92 70 24 35 13 33 51 47 42 6 21 100 |22 53 17 14 29 3 93 64 55 16 78 18 94 87 79 97 75 95 2 20 69 71 |91 37 26 80 38 58 9 77 60 36 46 4 73 1 63 83 86 81 48 96 68 40 ||27 19 |74 25 |65 7 |31 |34 |98 |84 ||12 85 57 ||23 ||5 |
24614.93 763596.16
6 32 89 15 50 88 30 67 41 62 90 44 28 82 8 11 84 49 43 |45 59 72 10 54 52 76 39 56 61 92 70 24 35 13 33 51 47 42 34 21 100 |53 22 17 14 29 3 93 64 55 16 78 18 94 87 79 97 75 95 2 20 69 71 |99 91 37 26 80 38 58 9 77 60 36 46 4 73 1 63 83 86 81 48 96 68 40 ||27 19 |74 25 |66 |65 |7 |98 |31 ||12 85 57 ||23 ||5 |
24897.33 752742.06
6 32 50 15 88 30 67 41 11 8 40 62 90 44 28 82 43 49 89 72 |58 10 54 52 76 39 56 61 92 70 24 35 13 33 51 47 42 34 21 100 |22 53 17 14 29 3 93 64 55 16 78 18 87 79 97 75 95 2 20 69 45 71 |99 91 37 26 80 38 59 9 77 60 36 46 4 73 1 63 83 86 81 48 96 68 23 ||27 19 |74 25 |66 |65 |31 |7 |84 |98 |94 ||12 85 57 |||5 |
24977.70 746485.54
43 49 89 32 50 15 88 30 67 41 11 8 62 90 44 28 82 21 100 |45 59 72 10 54 52 76 39 56 61 92 70 24 35 13 33 51 47 42 6 99 34 |22 53 17 14 29 3 93 64 55 16 78 18 94 87 79 97 75 95 2 20 69 71 |91 37 26 80 38 58 9 77 60 36 46 4 73 1 63 83 86 81 48 96 68 40 ||98 27 |25 |7 |65 |84 |31 |66 ||57 85 12 |19 74 ||23 ||5 |
24476.86 770182.03
