Time:0
Last Iter:2
Last Update:2
Tabu:0
Last Time0
2
76 91 59 48 7 12 40 73 90 93 45 28 83 99 |52 63 81 27 3 55 46 20 84 17 79 61 72 58 86 6 |88 16 95 50 65 24 14 85 87 2 23 60 34 97 67 41 |26 22 1 57 54 100 51 71 77 33 82 32 70 47 ||9 13 |21 62 |92 42 |49 64 |80 8 ||74 78 |43 39 |68 30 |37 15 |29 5 ||35 98 |31 53 |19 94 |4 44 75 10 ||18 89 |66 56 |25 38 |69 96 |11 36 |
13465.01 330735.67
76 91 59 48 7 12 40 85 73 90 93 45 28 83 99 |63 52 27 3 55 46 20 84 17 79 61 72 58 86 6 |81 16 88 95 50 65 24 14 87 2 23 60 34 97 67 41 |26 22 1 57 54 100 51 71 77 33 82 32 70 47 ||9 13 |21 62 |92 42 |49 64 |18 80 8 ||74 78 |43 29 |5 39 |68 30 |37 15 ||35 98 |31 53 |19 94 |4 44 75 10 ||89 66 36 |25 38 |69 96 |11 56 |
13811.80 327348.34
