Time:0
Last Iter:6
Last Update:6
Tabu:0
Last Time0
6
81 42 30 16 11 78 58 40 82 89 7 71 9 73 |96 52 1 48 13 36 83 61 55 56 43 66 8 76 69 |25 2 70 14 93 45 31 97 3 92 60 44 27 6 98 |47 33 72 67 88 4 24 29 46 38 22 37 10 95 75 ||80 28 34 65 39 |77 57 49 74 91 |20 12 26 63 32 62 5 |79 51 21 15 54 ||17 94 85 84 |68 23 53 86 18 ||90 99 59 19 |35 41 ||64 87 50 100 |
7584.00 215424.99
73 71 7 89 82 40 58 78 47 11 16 30 42 81 |96 52 1 48 13 36 83 61 55 66 43 56 80 8 76 69 |25 2 70 14 93 45 31 97 3 92 60 44 27 6 98 |33 72 67 88 4 24 29 46 38 22 37 10 95 75 9 ||28 34 65 39 |77 57 49 74 91 |20 12 26 63 32 62 5 |79 51 21 15 54 ||17 94 85 84 |68 23 53 86 18 ||90 99 59 19 |35 41 ||64 87 50 100 |
7605.66 213717.27
81 11 27 60 31 45 61 55 71 73 8 76 69 |88 96 33 44 47 92 40 37 22 83 43 9 75 89 7 41 39 |56 36 2 13 48 4 67 72 3 97 78 58 82 86 |29 24 25 1 52 16 30 42 95 10 38 70 34 14 93 46 66 ||80 98 63 23 32 94 21 |85 84 19 12 91 |28 20 65 79 |90 100 50 26 51 |49 ||53 35 5 15 74 54 ||17 77 99 |87 18 ||59 68 62 64 57 6 |
7574.99 220606.67
81 42 30 16 11 78 58 40 82 7 71 73 |96 52 1 48 13 36 83 61 55 66 43 56 80 8 76 69 |25 2 70 14 93 45 31 97 3 92 60 44 27 89 6 98 |47 33 72 67 88 4 24 29 46 38 22 37 10 95 75 9 ||28 34 65 79 39 |77 57 49 74 91 |20 12 26 63 32 62 5 |51 21 15 54 ||17 94 85 84 |68 23 53 86 18 ||90 99 59 19 |35 41 ||64 87 50 100 |
7657.61 211330.70
81 42 11 27 60 31 45 61 55 73 66 8 76 69 |88 47 96 33 44 92 40 22 83 43 9 75 89 7 41 39 |56 36 2 13 48 4 67 72 97 78 58 3 82 86 |30 16 52 1 25 24 29 46 93 14 34 70 38 37 10 95 71 ||98 63 23 32 94 21 85 91 80 |28 20 12 65 79 |90 100 50 26 51 49 |19 84 ||53 35 5 15 74 54 ||17 77 99 |87 18 ||59 68 62 64 57 6 |
7427.82 227142.38
8 29 81 42 30 16 11 78 58 40 82 89 7 71 73 |96 52 1 48 13 36 83 61 55 66 43 56 80 76 69 |25 2 70 14 93 45 31 97 3 92 60 44 27 6 98 |47 33 72 67 88 24 4 46 38 22 37 10 95 75 9 ||28 34 65 79 39 |77 57 49 74 91 |20 12 26 63 32 62 5 |51 21 15 54 ||17 94 85 84 |68 23 53 86 18 ||90 99 59 19 |35 41 ||100 50 87 64 |
7556.10 224664.67
