Time:0
Last Iter:4
Last Update:4
Tabu:0
Last Time0
4
57 50 59 38 87 60 39 25 58 22 44 83 3 15 55 49 11 95 16 |80 96 17 68 93 77 23 70 85 4 73 13 29 26 67 43 33 98 100 2 |28 62 36 94 72 75 97 41 52 71 27 42 21 82 63 5 90 35 32 31 45 47 69 86 8 |65 84 81 20 46 24 48 91 7 56 64 40 18 89 6 37 19 79 34 ||92 54 74 ||51 66 88 |53 12 ||61 14 |76 78 9 |1 99 ||30 10 |
19041.48 647913.89
95 11 49 15 55 83 44 58 25 39 60 87 38 59 50 57 16 |2 33 43 67 26 29 13 73 4 85 70 23 93 68 17 32 96 80 3 98 100 |28 62 36 94 72 75 97 41 52 71 27 42 21 82 63 5 90 35 31 45 47 69 86 8 77 |65 84 81 20 46 22 24 48 91 7 56 64 40 18 89 6 37 19 79 34 ||92 54 74 ||51 66 88 |53 12 ||61 14 |76 78 9 |1 99 ||30 10 |
19213.70 633227.42
95 11 49 15 55 83 44 58 25 39 60 87 38 59 50 57 16 |80 96 17 68 77 23 70 85 4 73 13 29 26 67 43 33 98 100 2 |28 62 36 94 72 75 97 41 52 71 27 42 21 82 63 5 90 35 32 31 45 47 69 86 8 93 |65 3 81 84 20 46 24 48 91 7 56 64 40 18 89 6 37 19 79 34 ||92 54 74 |22 ||51 66 88 |53 12 ||61 14 |76 78 9 |1 99 ||30 10 |
19296.22 566992.63
57 50 59 38 87 60 39 25 58 44 83 55 15 49 11 68 95 40 16 |77 93 80 96 32 17 23 70 85 4 73 13 29 26 67 43 33 98 100 2 |28 62 36 94 72 75 97 41 52 71 27 42 21 82 63 5 90 35 31 45 47 69 86 8 |65 3 81 84 20 46 22 24 48 91 7 56 64 18 89 6 37 19 79 34 ||92 54 74 ||51 66 88 |53 12 ||61 14 |76 78 9 |1 99 ||30 10 |
19020.42 662575.91
