Time:0
Last Iter:11
Last Update:11
Tabu:0
Last Time0
11
94 29 50 27 81 15 76 5 84 19 88 |34 20 2 28 26 18 87 22 85 31 |10 8 75 36 58 51 53 74 24 45 99 13 |60 90 96 67 86 59 55 42 62 ||89 |92 93 |21 77 |16 35 |41 |63 37 71 |43 79 |97 91 |32 |7 64 |70 |56 ||98 17 |49 |95 11 |69 65 |78 52 |9 61 ||72 40 23 |38 |30 12 |68 80 4 |73 14 |1 100 ||54 39 |25 44 46 |47 66 |33 48 3 |57 83 6 |82 |
11486.13 244616.62
29 19 84 67 15 76 5 81 50 27 |34 20 2 28 26 70 87 22 42 85 31 88 |10 89 75 8 36 58 51 53 74 24 45 82 99 |94 60 56 90 96 62 86 59 55 13 ||92 93 |21 77 |16 35 |41 63 |1 |37 71 |43 79 |97 91 |32 |7 64 |18 ||98 17 |49 |95 11 |69 65 |78 52 |9 61 ||40 |38 72 |23 30 12 |68 80 4 |73 14 |100 ||54 39 |25 44 46 |47 66 |33 48 3 |57 83 6 |
11627.76 243602.55
29 19 84 67 15 76 5 81 50 27 |34 20 2 28 26 70 18 87 22 42 85 31 |10 8 75 36 58 51 53 74 24 45 82 99 13 |94 60 56 90 96 62 88 86 59 55 ||89 |92 93 |21 77 |16 35 |41 63 |37 71 |43 79 |97 91 |32 |64 |40 ||98 17 |49 |95 11 |69 65 |78 52 |9 61 ||1 100 |38 72 |23 30 12 |68 80 4 |73 14 ||54 39 |25 44 46 |47 66 |33 48 3 |57 83 6 |7 |
11692.16 242778.18
29 19 84 67 15 76 5 81 50 27 |34 20 2 28 26 18 87 22 85 31 88 |10 89 75 8 36 58 51 53 74 24 45 82 99 |94 60 56 32 90 96 62 42 86 59 55 13 ||70 92 |21 77 |16 35 |41 63 |1 |37 71 |43 79 |97 91 |7 64 |93 ||98 17 |49 |95 11 |69 65 |78 52 |9 61 ||38 72 |23 30 12 |68 80 4 |73 14 |40 |100 ||54 39 |25 44 46 |47 66 |33 48 3 |57 83 6 |
11453.13 251543.77
29 19 84 67 15 76 5 81 27 50 |20 10 2 28 26 70 18 87 22 85 31 88 |8 75 36 34 58 51 53 74 82 45 24 59 99 13 |55 86 42 62 96 90 56 60 89 94 ||92 93 |21 77 |16 35 |41 63 |37 71 |43 79 |97 91 |32 |7 64 ||98 17 |49 |95 |52 |11 |69 65 |78 |9 61 ||38 72 |23 30 12 |68 80 4 |73 14 |40 |1 100 ||54 39 |25 44 46 |47 66 |33 48 3 |57 83 6 |
11397.43 256148.45
29 27 81 5 76 15 67 84 19 13 |20 10 2 28 26 70 18 87 22 85 31 88 |8 75 36 34 58 51 53 74 82 45 24 59 99 |55 86 42 62 96 90 56 60 89 94 50 ||92 93 |21 77 |16 35 |41 63 |37 71 |43 79 |97 64 |32 |7 100 ||98 17 |49 |95 |52 |11 |69 65 |78 |9 61 ||38 72 |23 30 12 |68 80 4 |73 14 |40 |1 ||54 39 |25 44 46 |47 66 |33 48 3 |57 83 6 |91 |
11307.83 266559.40
84 67 15 76 5 81 50 27 |20 10 2 28 26 70 18 87 22 86 19 42 85 31 88 |13 99 59 24 45 74 53 51 58 36 29 75 8 |62 96 90 56 60 94 34 55 ||89 |92 93 |21 77 |16 35 |1 100 |41 63 |37 71 |43 79 |91 |32 |7 64 ||98 17 |49 |95 11 |69 65 |78 52 |9 61 ||97 38 |23 30 72 12 |68 80 4 |73 14 |40 |82 ||54 39 |25 44 46 |47 66 |33 48 3 |57 83 6 |
11265.33 274441.01
29 27 81 5 76 15 67 93 84 19 |20 10 2 28 26 18 87 22 85 31 88 13 |8 75 36 34 58 51 53 74 82 45 24 59 99 |55 86 42 62 96 90 32 56 60 89 94 50 ||70 92 |21 77 |16 35 |41 63 |37 71 |43 79 |97 91 |7 64 ||98 17 |49 |95 11 |69 65 |78 52 |9 61 ||30 12 |38 72 |23 68 |4 80 73 |14 40 |1 ||54 39 |25 44 46 |47 66 |33 48 3 |57 83 6 |100 |
11148.46 275956.69
29 27 81 5 76 15 67 84 19 7 |20 10 2 28 26 70 18 87 22 85 31 88 |8 75 36 34 58 100 51 53 74 82 45 24 59 99 |13 55 86 42 62 96 90 56 60 94 50 ||89 |92 93 |21 77 |16 35 |41 63 |37 71 |43 79 |97 91 |32 |1 64 ||98 17 |49 |95 11 |69 65 |78 52 |9 61 ||38 72 |23 30 12 |68 80 4 |73 14 |40 ||54 39 |25 44 46 |47 66 |33 48 3 |57 83 6 |
11127.37 280355.22
29 67 19 84 15 76 5 81 50 27 |34 20 10 2 28 26 87 22 85 31 88 |59 8 75 36 58 51 53 74 24 45 82 99 13 |55 94 60 56 90 96 62 86 42 ||89 |92 93 |21 77 |16 |35 1 100 |41 63 |37 71 |43 |79 97 |91 |70 |32 |18 |7 |64 ||98 17 |49 |95 11 |69 65 |78 52 |9 61 ||38 72 |23 30 12 |68 80 4 |73 14 |40 ||54 39 |25 44 46 |47 66 |33 48 3 |57 83 6 |
12814.44 222637.41
29 27 81 5 76 15 67 84 19 |20 10 2 28 26 70 18 87 22 85 31 88 |8 75 36 34 1 58 51 53 74 82 45 24 59 99 |13 55 86 42 62 96 90 56 60 94 50 ||89 |92 93 |21 77 |16 35 |41 63 |37 71 |43 79 |97 91 |32 |7 64 ||61 17 98 |49 |95 11 |69 65 |78 52 |9 ||38 72 |23 30 12 |68 80 4 |73 14 |40 ||54 39 |25 44 46 |47 66 |33 48 3 |57 83 6 |100 |
11075.31 280948.11
