Time:0
Last Iter:7
Last Update:7
Tabu:0
Last Time0
7
80 74 100 91 93 41 23 42 2 58 43 89 92 64 81 37 69 21 50 49 36 |28 59 99 39 29 47 46 14 90 13 86 68 87 70 72 11 19 83 33 8 38 85 1 18 |66 31 65 88 12 98 77 60 25 3 76 75 53 97 24 94 40 32 27 73 44 62 |17 79 96 63 10 84 61 56 9 20 78 6 67 57 5 34 54 52 51 35 7 95 55 ||45 16 |26 |82 ||30 15 ||71 |4 ||22 48 |
24292.17 878605.07
54 7 35 5 40 27 42 2 92 33 20 66 31 69 61 11 86 12 60 25 80 45 |53 73 32 52 24 51 76 39 29 79 98 63 50 21 37 9 78 6 58 38 49 48 |43 8 83 19 84 72 88 65 68 13 96 77 14 100 91 99 3 28 75 57 55 |90 74 46 93 47 41 94 34 23 44 67 85 89 64 56 81 26 70 87 10 36 ||59 16 |82 30 17 ||4 15 |62 ||97 95 |1 18 ||71 22 |
24442.25 780881.88
74 14 100 91 93 41 23 42 2 58 43 89 92 64 81 37 69 21 86 50 80 |28 39 29 47 46 90 13 68 87 70 72 11 19 83 33 8 38 85 1 18 26 82 49 36 |66 31 65 88 12 98 77 60 25 3 76 75 53 97 24 94 40 32 27 73 44 62 |55 95 7 35 51 52 54 34 5 57 67 6 78 20 9 56 61 84 10 63 96 79 17 ||45 |16 ||30 |99 |15 ||4 |71 ||59 |22 48 |
24226.17 904358.41
50 86 21 69 37 81 64 92 89 43 58 2 42 23 41 93 91 74 14 100 99 80 |28 59 39 29 47 46 90 13 68 87 70 72 11 19 83 33 8 38 85 1 18 49 26 82 36 |66 31 65 88 12 98 77 60 25 3 76 75 53 97 24 94 40 32 27 73 44 62 |55 7 35 51 52 54 34 5 57 67 6 78 20 9 56 61 84 10 63 96 79 17 ||45 16 ||95 |30 |15 ||4 |71 ||22 48 |
24205.94 946292.85
16 74 14 100 91 93 41 23 42 2 58 43 89 92 81 37 69 21 86 50 80 |18 1 85 38 8 33 49 82 26 11 19 72 70 87 68 13 90 77 46 47 29 39 28 |36 64 83 66 31 65 88 12 98 60 25 3 76 75 97 24 94 40 32 27 73 44 62 55 |7 35 51 52 54 34 5 57 53 95 67 6 78 20 9 56 61 84 10 63 96 79 17 ||45 ||30 |99 |15 ||4 |71 ||59 |22 48 |
24202.21 957992.08
54 35 7 5 40 27 42 2 92 33 20 66 31 69 61 11 86 12 60 25 80 45 |73 53 32 52 24 51 76 29 79 98 63 50 21 37 9 78 6 58 38 49 48 |43 8 83 19 84 72 88 65 68 13 96 77 14 100 91 99 3 28 75 57 55 |90 74 46 93 47 41 94 34 23 44 67 85 89 64 56 81 26 70 87 10 36 ||59 16 |82 30 17 |39 ||4 15 |62 ||97 95 |1 18 ||71 22 |
24589.56 766702.25
49 50 86 21 69 37 81 64 92 89 43 58 2 42 23 41 93 91 100 14 74 80 |28 99 39 29 47 46 77 13 68 87 70 72 11 19 83 33 8 38 85 1 18 26 82 |36 66 31 65 88 12 98 60 90 25 3 76 75 53 97 24 94 40 32 27 73 44 62 |55 7 35 51 52 54 34 5 57 67 6 78 20 9 56 61 84 10 63 96 79 17 ||45 |16 ||95 |30 |15 ||4 |71 ||22 48 |59 |
24095.32 964398.81
