Time:0
Last Iter:3
Last Update:3
Tabu:0
Last Time0
3
74 64 91 34 11 81 77 92 84 88 50 29 95 76 9 |55 48 60 44 6 93 26 51 97 10 5 71 38 56 80 30 |19 99 33 37 46 62 58 52 24 67 69 78 1 13 79 |73 14 83 68 28 100 4 57 61 39 17 2 7 96 54 89 41 25 ||87 22 |59 23 45 |86 72 42 |40 8 |90 21 ||70 75 |53 16 47 |3 36 ||66 35 82 |18 65 94 |15 98 ||63 43 85 |31 49 |20 12 27 32 |
13213.32 364715.96
74 64 91 34 11 81 77 92 84 88 50 95 76 9 |55 48 60 44 6 93 26 51 97 10 5 71 38 56 80 |19 99 33 37 46 62 58 52 29 24 67 69 78 1 13 79 |73 14 83 68 28 100 4 57 61 39 17 2 7 96 54 89 41 25 30 ||87 22 |59 23 45 |86 72 42 |40 8 |90 21 ||70 75 |53 16 47 |3 36 ||66 35 82 |18 65 94 |15 98 ||63 43 85 |31 49 |20 12 27 32 |
13486.96 363876.08
25 30 74 64 91 34 11 81 77 92 84 88 50 95 76 9 |55 48 60 44 6 93 26 51 97 10 5 71 38 29 56 80 |19 99 33 37 46 62 58 52 24 67 69 78 1 13 79 |73 14 83 68 28 100 4 57 61 39 17 2 7 96 54 89 41 ||21 22 |59 23 45 |86 72 42 |8 40 |90 87 ||70 75 |53 16 47 |3 36 ||66 35 82 |18 65 94 |15 98 ||63 43 85 |31 49 |20 12 27 32 |
13151.00 374305.10
