Time:0
Last Iter:10
Last Update:10
Tabu:0
Last Time0
10
84 27 64 11 94 46 42 90 97 30 100 33 91 59 54 47 96 71 48 73 15 56 10 |88 26 70 76 52 40 93 44 75 5 37 17 45 25 19 24 82 63 3 29 43 |51 85 83 31 65 2 21 6 12 74 9 38 7 39 79 28 23 41 77 |53 49 99 60 34 32 69 80 35 13 36 95 57 4 62 55 89 61 66 20 22 ||8 58 |81 |92 67 |1 |50 |87 |18 |14 |68 |72 ||16 78 |||86 98 |
24735.33 716571.93
64 27 84 88 46 42 90 97 30 100 33 91 59 14 54 47 96 71 48 73 15 56 10 |11 26 70 76 52 40 93 44 75 5 37 25 19 24 94 45 17 82 63 3 29 43 |51 85 83 31 65 2 21 6 12 74 9 38 7 39 28 79 23 41 77 |53 49 99 60 34 32 69 80 35 13 36 95 57 4 62 55 89 61 66 20 22 ||8 58 |81 |92 67 |1 |50 |87 |18 |68 |72 ||78 16 |||86 98 |
24761.71 709520.69
84 27 64 11 94 24 79 90 42 30 100 33 91 59 14 54 47 96 71 48 73 15 56 |88 26 49 76 52 39 93 44 75 5 37 46 45 25 19 17 82 63 3 29 43 |85 83 31 51 65 2 21 6 12 74 9 38 7 40 97 28 23 41 77 |53 70 99 60 34 32 69 80 35 13 36 95 57 4 62 55 89 61 66 20 22 ||50 |1 |81 |67 |10 58 |92 |68 |87 |8 ||16 78 ||72 |18 ||98 86 |
24832.31 697090.64
56 77 33 99 70 91 59 65 73 15 61 57 85 55 94 89 86 43 20 |12 80 21 6 100 97 39 75 37 46 79 45 25 19 24 11 83 95 50 29 |38 53 32 26 60 9 74 7 52 40 93 23 5 90 68 17 82 63 3 62 84 27 51 |88 64 4 36 31 13 48 71 96 47 54 69 34 2 30 49 76 44 42 28 41 ||35 58 |67 |87 |10 8 |14 |81 |66 |92 |1 ||22 |72 |||18 98 |16 78 |
24267.19 784548.67
64 27 84 88 11 94 17 68 79 90 97 100 30 33 91 59 54 96 71 47 15 48 73 56 |24 26 70 76 52 40 93 44 75 5 37 46 45 19 25 82 63 3 29 43 |51 85 83 31 65 2 21 6 12 74 9 38 7 39 42 28 23 41 77 |53 49 99 60 34 32 69 80 35 13 36 95 57 4 62 55 89 61 66 20 22 ||14 |8 58 |81 |92 67 |1 |50 |87 |10 |18 ||78 16 ||72 ||86 98 |
24724.69 748057.76
20 43 89 94 55 85 57 36 15 73 65 59 91 70 99 33 38 12 77 |56 80 21 6 100 97 39 75 37 46 79 45 25 19 24 11 83 95 50 61 |82 53 32 26 60 9 74 92 7 52 40 93 23 5 90 17 63 3 86 62 84 27 51 29 |88 64 4 31 13 48 71 96 47 54 69 34 2 30 49 76 44 42 28 41 ||58 72 |81 |87 |10 8 |14 |1 |68 |66 |35 ||22 ||67 ||18 98 |16 78 |
24000.03 792445.04
29 89 94 55 85 57 36 15 73 65 59 91 70 99 33 38 12 77 |56 80 21 6 100 97 39 75 37 46 79 45 25 19 24 11 83 95 50 61 66 43 20 |53 14 32 26 60 9 74 7 52 40 93 23 5 90 1 17 82 63 3 86 62 84 27 51 |88 64 4 31 13 48 71 96 47 54 69 34 2 30 49 76 44 42 28 41 ||58 72 |81 87 |10 8 |68 |35 ||22 ||92 67 ||18 98 |78 16 |
23969.80 796324.67
64 27 84 94 46 42 79 97 12 100 33 91 59 54 47 96 71 48 73 15 51 29 43 |11 26 74 76 52 40 39 44 75 5 37 25 19 24 88 45 68 17 82 63 3 |85 83 31 56 65 2 21 6 30 49 9 38 7 93 90 28 23 41 77 |53 70 99 60 34 32 69 80 35 13 36 95 57 4 62 55 89 61 66 20 22 ||8 58 |81 |92 67 |50 |87 |10 |18 |1 |14 ||78 16 ||72 ||86 98 |
24995.56 691718.16
20 43 89 94 55 85 57 36 15 73 65 59 91 70 99 33 38 12 77 |56 80 21 6 100 67 97 39 75 37 46 79 45 25 19 24 11 83 95 50 61 29 |53 32 26 60 9 74 92 7 52 40 93 23 5 90 1 68 17 82 63 3 86 62 84 27 51 |41 28 42 44 76 49 30 2 34 69 54 47 96 71 48 13 31 4 64 88 ||81 |66 |58 72 |87 |10 8 |14 |35 ||22 |||16 |18 98 |78 |
23957.80 818177.57
64 27 84 94 79 46 42 49 30 100 12 91 65 54 47 96 71 48 73 15 51 29 43 |11 26 70 76 52 39 93 44 75 5 37 25 19 24 88 45 17 82 63 3 |90 85 83 31 56 59 2 21 6 33 74 9 38 7 40 28 23 41 77 |53 97 99 60 34 32 69 80 35 13 36 95 57 4 62 55 89 61 66 20 22 ||8 |81 |92 67 |1 |50 |87 |18 |58 |72 |68 |14 ||16 78 |10 |||86 98 |
25141.95 682383.50
