Time:0
Last Iter:8
Last Update:8
Tabu:0
Last Time0
8
61 53 97 68 82 49 80 5 19 55 32 65 86 |26 95 59 7 69 37 12 90 38 51 16 58 89 48 83 |43 88 47 67 62 76 21 14 13 46 63 91 75 74 |24 84 56 70 54 98 15 45 57 42 33 9 93 17 ||78 30 4 27 85 |10 41 44 77 |79 34 99 ||71 18 72 66 39 20 40 29 2 |1 92 100 ||31 96 25 11 73 8 |36 87 52 50 ||22 35 3 |28 23 81 94 |64 6 60 |
7656.56 222899.31
61 53 97 68 82 49 80 5 19 55 32 65 86 |26 95 59 7 69 37 12 90 38 51 16 58 89 48 |43 88 47 67 62 76 21 14 13 46 63 91 75 74 |83 24 84 56 70 54 98 15 45 57 42 33 9 93 17 ||78 30 4 27 85 |10 41 44 77 |79 34 99 ||71 18 72 66 39 20 40 29 2 |1 92 100 ||31 96 25 11 73 8 |36 87 52 50 ||22 35 3 |28 23 81 94 |64 6 60 |
7530.93 225076.57
68 56 70 17 43 33 47 32 48 62 83 67 86 |45 57 26 9 55 58 24 80 90 12 37 59 54 53 97 |69 49 76 38 89 19 93 77 42 61 95 7 91 75 |88 5 16 51 82 84 21 14 13 46 63 18 15 98 ||1 31 66 39 4 50 |52 64 94 |28 65 ||96 35 3 8 2 |79 40 74 ||92 36 41 6 |81 23 27 85 ||100 10 30 87 44 |78 29 34 99 |20 71 60 11 |72 22 25 73 |
7845.67 222078.71
17 61 53 97 68 49 80 5 19 55 32 65 86 |26 95 59 7 69 37 12 90 82 38 51 16 58 89 48 |43 88 47 67 62 76 21 14 13 46 63 91 75 74 |83 24 84 56 70 54 98 15 45 57 42 33 9 93 ||78 30 4 27 85 |10 41 44 77 |79 34 99 ||71 18 72 66 39 20 40 29 2 |1 92 100 ||31 96 25 11 73 8 |36 87 52 50 ||22 35 3 |28 23 81 94 |64 6 60 |
7384.22 226172.52
17 61 53 97 68 82 49 80 5 19 55 32 65 86 |26 95 7 69 37 12 90 38 51 16 58 89 48 |43 88 47 67 62 76 21 14 13 46 63 91 75 74 |83 24 84 56 70 59 54 98 15 45 57 42 33 9 93 ||78 30 4 27 85 |10 41 44 77 |79 34 99 ||71 18 72 66 39 20 40 29 2 |1 92 100 ||31 96 25 11 73 8 |36 87 52 50 ||22 35 3 |28 23 81 94 |64 6 60 |
7356.22 227310.62
68 56 70 17 43 33 47 32 48 62 83 67 86 |45 26 9 55 58 24 80 90 12 37 59 54 53 97 |69 49 76 38 89 19 93 77 42 57 61 95 7 91 75 |88 5 16 51 82 84 21 14 13 46 63 18 15 98 ||1 31 66 39 4 50 |52 64 94 |65 28 87 ||96 35 92 3 8 2 |79 40 ||36 41 6 74 27 |23 81 85 ||100 10 30 44 |78 29 34 99 |20 71 60 11 |72 22 25 73 |
8037.57 221978.66
17 61 53 97 68 82 49 80 5 19 55 32 65 86 |26 95 59 7 69 37 12 90 38 51 16 58 89 48 |43 88 47 67 62 76 21 14 13 46 63 91 75 74 |83 24 84 56 70 54 98 15 45 57 42 33 9 93 ||78 30 4 27 85 |10 41 44 77 |79 34 99 ||71 18 72 66 39 20 40 29 2 |1 92 100 ||31 96 25 11 73 8 |36 87 52 50 ||22 35 3 |28 23 81 94 |64 6 60 |
7314.93 227796.17
17 61 53 68 82 5 19 55 32 65 86 |26 95 59 7 69 37 12 90 38 51 16 58 89 48 |43 88 47 67 62 76 80 21 14 13 46 63 91 75 74 97 |83 24 84 49 56 70 54 98 15 45 57 42 33 9 93 ||78 30 4 27 85 |10 41 44 77 |79 34 99 ||71 18 72 66 39 20 40 29 2 |1 92 100 ||31 96 25 11 73 8 |36 87 52 50 ||22 35 3 |28 23 81 94 |64 6 60 |
8122.65 218876.41
