Time:0
Last Iter:5
Last Update:5
Tabu:0
Last Time0
5
24 11 36 37 42 2 97 70 86 73 50 75 67 32 51 26 20 90 98 54 |91 95 44 52 49 58 68 46 39 14 99 92 57 63 29 10 47 80 78 88 23 83 72 18 |15 48 1 33 74 8 81 69 34 85 84 56 9 21 89 76 17 30 22 77 |5 87 60 31 61 43 79 45 55 12 62 82 100 59 65 7 13 71 66 3 53 28 6 ||27 64 |35 25 ||41 4 |94 19 93 ||96 16 ||40 38 |
24184.87 799833.91
11 36 37 42 2 97 70 86 73 50 75 67 32 51 26 20 90 98 54 |91 95 44 52 49 58 68 46 39 14 99 92 57 63 29 10 47 80 78 88 23 83 72 18 |24 59 15 48 1 33 74 8 81 69 34 85 84 56 9 21 89 76 17 30 22 27 77 |5 87 60 31 61 43 79 45 55 12 62 82 100 65 7 13 71 66 3 53 28 6 ||64 35 25 ||4 41 |93 19 94 ||96 16 ||40 38 |
24139.04 808161.50
24 11 36 42 2 97 70 86 73 50 75 67 32 51 26 20 90 98 54 |91 95 44 52 49 58 68 46 39 14 99 92 57 63 29 10 47 80 78 88 23 83 72 18 |59 15 48 1 33 74 8 81 69 34 85 84 56 9 21 89 76 17 30 22 77 |5 87 60 31 61 43 79 45 55 12 37 62 82 100 41 65 7 13 71 66 3 53 28 6 ||27 64 |35 25 ||4 94 |19 93 ||96 16 ||40 38 |
24100.51 810043.01
32 28 50 48 78 80 15 59 100 63 30 57 61 90 31 60 26 84 56 54 |2 18 69 81 8 71 49 51 68 87 5 46 89 79 45 55 11 36 12 64 |1 9 14 43 76 17 37 42 29 82 83 33 74 91 13 44 3 66 52 53 6 |65 34 95 7 73 86 88 47 70 10 97 24 35 19 22 92 99 39 20 58 67 85 98 77 93 ||62 27 |25 4 |21 |23 |38 ||40 75 ||96 94 |41 ||72 16 |
25214.21 790089.99
24 11 36 37 42 2 97 70 86 50 75 67 32 51 26 20 90 98 54 |91 95 44 52 49 58 68 46 39 14 99 92 57 63 29 10 47 80 78 88 23 83 72 18 |59 15 48 1 33 74 8 81 69 34 85 84 56 9 21 89 76 17 30 22 77 |82 100 62 12 55 45 79 43 61 31 60 87 5 53 3 66 71 13 7 73 65 28 6 ||27 64 |35 25 ||41 4 |94 19 93 ||96 16 ||40 38 |
23973.85 811980.60
