Time:0
Last Iter:4
Last Update:4
Tabu:0
Last Time0
4
83 90 91 79 43 31 95 32 28 1 6 |55 54 19 84 66 87 92 59 64 30 52 69 |100 36 29 56 34 44 35 10 53 15 73 5 47 18 21 |98 89 82 62 37 26 38 70 45 23 33 41 86 88 ||4 78 |72 8 |13 58 |40 75 |94 63 |97 17 |57 81 ||80 76 |22 85 |99 24 |67 93 42 74 |16 68 ||3 12 14 |25 60 |49 61 |39 7 |27 48 ||9 46 20 |11 50 |71 96 |65 77 |2 51 |
12635.12 322220.74
83 53 28 32 99 95 51 31 94 91 90 43 79 |4 2 55 21 54 84 66 87 92 59 64 30 52 69 |100 36 29 56 34 44 35 10 19 15 73 5 47 18 1 |98 89 82 62 37 26 38 70 45 23 33 86 88 6 ||57 81 |72 8 |13 58 |40 75 |63 97 |17 78 ||80 76 |41 85 |22 24 |67 93 42 74 |16 68 ||3 12 14 |25 60 |49 61 |39 7 |27 48 ||9 46 20 |11 50 |71 96 |65 77 |
12592.58 345261.51
83 1 28 32 95 31 94 91 90 43 79 |55 54 84 66 87 92 59 64 30 52 69 |100 36 29 56 34 44 35 10 53 19 15 73 5 47 18 21 |98 89 82 62 37 26 38 70 45 23 33 41 86 88 6 ||2 4 51 |72 8 |13 58 |40 75 |63 97 |17 78 |57 81 ||80 76 |22 85 |99 24 |67 93 42 74 |16 68 ||3 12 14 |25 60 |49 61 |39 7 |27 48 ||9 46 77 |11 50 |71 96 |65 20 |
12708.66 320916.22
43 90 91 94 31 95 32 28 1 77 83 |55 54 19 84 66 87 92 59 64 30 52 69 79 |100 36 29 56 34 44 35 10 53 15 73 5 47 18 86 21 |98 89 82 62 37 26 38 70 45 23 33 11 41 88 6 ||2 4 51 |72 8 |13 58 |40 75 |63 97 |17 78 |57 81 ||80 76 |22 85 |99 24 |67 93 42 74 |16 68 ||3 12 14 |25 60 |49 61 |39 7 |27 48 ||46 96 50 |71 9 |65 20 |
12574.24 356612.50
