Time:0
Last Iter:7
Last Update:7
Tabu:0
Last Time0
7
42 39 31 5 17 3 12 44 15 |1 22 7 37 32 19 4 35 50 38 46 |10 43 27 36 33 2 9 14 6 40 ||30 49 |11 23 |47 24 |8 45 41 |34 18 ||28 13 |26 25 20 ||16 48 |21 29 |
10455.75 162646.93
39 42 31 5 17 3 12 44 15 |1 22 32 19 4 35 50 38 |10 43 27 36 33 2 9 21 14 6 40 ||30 49 |11 23 |47 24 |8 45 41 |34 18 |7 |37 ||28 13 |26 25 20 ||46 16 |29 48 |
11347.63 157722.52
22 9 4 38 36 20 15 18 |10 43 27 48 44 19 3 40 14 6 31 39 |42 35 16 50 12 33 29 17 37 5 ||24 13 |46 8 |21 2 |23 11 ||28 25 |47 30 |7 26 |49 1 ||34 45 |32 41 |
11655.43 156337.80
39 42 31 5 17 3 12 44 15 |1 22 19 4 35 50 38 |36 27 43 10 37 6 14 9 2 33 40 ||30 49 |11 23 |47 24 |8 45 41 |34 18 |7 |32 ||28 13 |26 25 20 ||46 16 48 |21 29 |
11942.21 154261.21
36 42 31 5 17 29 3 44 12 40 |22 10 43 39 4 35 50 38 15 |46 27 6 14 9 2 33 19 ||30 49 |11 23 |47 24 |8 45 41 |34 18 |1 |32 |7 |37 |21 ||28 13 |26 25 20 ||16 48 |
12231.43 142767.93
36 39 42 31 5 17 29 3 12 44 15 |27 22 19 4 35 50 38 46 |43 10 6 14 9 33 40 ||30 49 |11 23 |47 24 |8 45 41 |34 18 |32 |37 |21 |1 |2 |7 |13 ||28 20 |26 |25 ||16 48 |
12275.53 137726.72
39 42 31 5 17 40 3 12 44 |1 22 7 37 32 19 4 35 50 38 15 |10 43 27 36 46 33 2 9 14 6 ||30 49 |11 23 |47 24 |8 45 41 |34 18 ||28 13 |26 25 20 ||16 48 |21 29 |
10434.40 171319.97
