Time:0
Last Iter:3
Last Update:3
Tabu:0
Last Time0
3
50 29 37 42 2 9 10 45 |48 35 26 38 25 |15 22 7 11 18 21 ||20 1 |12 |46 17 |6 3 36 |49 13 |39 |41 |31 |24 |44 8 |32 47 |19 43 |40 |28 |5 |33 |14 ||34 |16 ||4 30 |27 23 |
8338.79 96983.86
7 15 48 50 29 37 10 45 |32 2 9 38 26 25 |40 11 18 21 35 ||16 |33 28 1 |19 14 |12 |42 43 |46 17 |49 |24 |22 |3 |20 8 |5 |41 |27 |47 ||6 4 |44 |34 ||13 36 |39 30 23 |31 |
7966.20 100986.55
45 9 10 37 29 50 |15 2 38 26 25 |48 7 11 18 21 35 ||28 |1 |14 |12 |42 |46 17 |6 |3 |36 |49 |13 |5 30 |39 |33 |41 |31 |40 |24 |44 |8 |32 |47 |19 |43 |27 |16 |22 ||34 |20 ||23 |4 |
9040.16 89668.40
