Time:0
Last Iter:4
Last Update:4
Tabu:0
Last Time0
4
37 42 20 5 43 25 49 19 16 29 |11 44 4 38 40 15 47 |17 2 13 34 46 3 ||12 48 |1 23 |28 10 |32 6 35 |41 |14 ||8 31 27 |30 36 |24 45 ||7 39 26 |50 33 |18 21 |22 9 |
8916.57 117975.23
20 5 37 43 25 49 19 16 29 |11 42 44 4 38 15 47 |17 2 14 13 34 9 46 3 ||12 48 |1 23 |28 10 |32 6 35 |41 |40 ||8 31 27 |30 36 |24 45 ||50 33 |18 21 |7 39 |22 26 |
8763.65 120651.18
17 11 37 43 25 49 19 16 29 |42 20 44 4 38 15 47 |5 2 13 34 46 3 ||12 48 |40 23 |28 10 |32 6 35 |41 |14 |8 |1 ||31 27 |30 36 |24 45 ||7 39 26 |50 33 |18 21 |22 9 |
9254.61 111446.99
29 16 19 49 43 5 20 42 |17 11 37 44 4 38 15 47 |25 2 14 13 34 46 3 ||12 48 |1 23 |28 10 |32 6 35 |40 |41 ||8 31 27 |30 36 |24 45 ||50 7 26 |22 39 |18 33 |21 9 |
8885.29 120578.94
