Time:0
Last Iter:5
Last Update:5
Tabu:0
Last Time0
5
20 15 32 49 37 16 27 2 25 29 40 26 21 |7 38 35 14 12 13 22 8 30 18 36 34 41 |44 19 46 5 45 23 42 3 43 1 33 31 17 39 24 ||48 6 |11 50 4 |||47 9 |28 10 |
18726.29 271310.50
36 26 19 6 15 7 33 43 42 39 24 |38 1 49 14 35 20 12 13 48 44 37 8 18 46 21 |3 31 32 22 30 16 27 2 25 5 45 34 41 29 40 ||47 9 |4 10 50 |17 |23 ||28 11 ||
18971.58 270156.77
7 15 49 20 37 16 27 2 25 29 40 26 21 |38 43 32 35 14 12 13 22 8 30 18 36 34 41 |44 19 46 5 45 23 42 3 1 33 31 17 39 24 ||48 6 |11 50 4 |||9 47 |28 10 |
18721.31 284353.52
20 15 32 49 37 16 27 2 25 29 40 26 21 |7 38 43 35 14 12 13 22 8 30 18 36 34 |44 19 46 41 5 45 23 42 3 1 33 31 17 39 24 ||48 6 |11 50 4 |||9 47 |28 10 |
18720.68 291098.74
36 15 6 19 26 24 39 42 43 33 7 |35 38 1 49 14 12 13 44 37 8 18 46 21 |3 17 32 20 22 30 16 27 2 25 5 45 34 41 29 40 ||4 10 50 |23 |48 |31 ||28 11 ||47 9 |
19887.06 265884.40
