Time:0
Last Iter:4
Last Update:4
Tabu:0
Last Time0
4
38 49 24 18 15 33 20 43 9 48 22 31 |39 2 5 30 37 36 47 8 16 26 4 27 29 |11 46 14 44 45 23 32 10 17 41 12 19 ||40 42 ||1 34 |7 13 |21 50 ||6 28 |3 35 25 |
15308.18 231664.91
38 49 24 18 15 33 20 43 9 48 22 |39 2 5 30 37 36 47 8 16 26 4 27 29 |31 11 46 14 44 45 23 32 10 17 41 12 19 ||40 42 ||1 34 |7 13 |21 50 ||6 28 |3 35 25 |
15302.73 242349.74
12 2 24 18 15 33 9 48 22 31 |38 39 30 37 36 8 16 26 29 |5 19 41 1 17 10 32 23 45 44 14 46 11 4 27 ||40 42 |49 |20 |43 |47 ||34 7 13 |21 50 ||6 28 |3 35 25 |
16008.60 195873.51
38 10 49 24 18 9 48 22 43 20 33 39 31 |5 30 37 36 47 26 16 29 27 4 2 15 |11 46 14 44 45 32 23 8 17 1 41 12 19 ||40 42 ||34 7 13 |21 50 ||28 3 35 |6 25 |
15942.54 231346.93
