Time:0
Last Iter:6
Last Update:6
Tabu:0
Last Time0
6
18 29 41 45 30 39 9 36 10 13 11 42 38 22 |21 35 49 4 7 14 27 19 47 24 23 17 6 43 2 |48 15 25 20 16 28 31 34 26 3 37 5 32 33 ||44 50 ||8 12 ||1 |46 |40 |
17947.43 319146.29
14 32 19 33 43 41 25 20 45 31 34 49 22 |6 29 48 8 15 16 30 4 7 36 13 3 42 50 |21 35 28 39 9 26 10 37 5 24 47 17 18 27 38 ||11 |40 |46 ||2 1 |44 ||12 |23 |
17901.78 324689.90
29 18 22 38 21 45 30 39 9 13 10 42 |43 6 41 17 24 47 19 40 23 27 14 7 4 49 35 |48 25 20 16 28 31 34 26 36 3 11 37 5 32 33 ||50 44 2 ||8 12 ||15 46 |1 |
18326.67 317369.58
29 22 30 39 9 36 10 13 11 38 14 |43 6 41 17 24 47 19 40 23 18 27 7 4 49 35 21 |48 25 20 16 28 31 34 26 3 37 5 32 33 1 42 ||50 44 2 |45 ||8 12 ||15 46 |
18610.52 296853.16
49 34 31 45 20 25 41 43 24 19 33 32 14 22 |42 3 13 26 36 7 4 30 16 15 8 48 29 6 21 |38 27 18 17 47 5 37 10 9 39 28 35 50 ||11 |40 |46 ||44 2 |1 ||12 |23 |
17320.61 341872.59
29 21 30 39 9 10 13 11 38 22 |43 6 41 17 24 47 19 27 40 23 18 14 7 4 49 35 |48 25 20 16 28 31 34 26 36 3 37 5 32 33 1 42 ||44 50 |2 |45 ||8 12 ||46 15 |
18738.69 294140.28
